%eval_id interface log__t_efold_shallow log__t_efold_soil log__t_efold_karst f_exfiltration_shallow f_exfiltration_soil PDD_melt_factor log__H0_pdm_shallow neg_kge        
1        I1         1.230764125    1.47684756     3.920708269    0.8661838949   0.7468992355   2.596206367    2.878425189    1.865774371    
2        I1         1.841418893    2.013724513    3.653744343    0.9711978667   0.2098740821   8.194513123    1.847829181    1.82745437     
3        I1         0.3540151082   1.783104062    2.520144982    0.08187029442  0.7724180491   4.846555464    1.392631896    1.546427663    
4        I1         1.682335925    2.186006007    3.824234156    0.8532681676   0.1985287257   6.59679333     2.410876968    1.554593224    
5        I1         1.117992494    2.689725624    4.153250314    0.8179985224   0.4484366104   9.496401716    2.123644312    1.912519385    
6        I1         0.519434217    2.578719527    4.43791119     0.9264071911   0.8255057529   6.266903658    1.759161241    2.399360051    
7        I1         0.8563423004   1.290716929    2.681218689    0.3419970723   0.812421547    4.126543821    2.622931498    1.796791697    
8        I1         0.6158441461   2.273852932    4.08083248     0.5112211774   0.05394717492  8.654259139    1.474446234    2.060780356    
9        I1         0.8192857502   1.823230549    2.549313107    0.7262102806   0.6908226698   9.929435802    1.741723812    2.091411299    
10       I1         1.192182611    1.51774427     4.334839097    0.0903694521   0.8604976298   6.409110143    1.73296427     1.701165069    
11       I1         1.266159008    2.51442489     3.732907637    0.2997027545   0.8500911906   9.36699869     2.314827831    1.095064431    
12       I1         1.836356129    2.29651723     3.474362922    0.2626567102   0.7807575394   4.60317251     2.009567014    1.367054163    
13       I1         1.026046435    2.037781874    4.177968403    0.1646286199   0.6631821369   7.407846489    1.037207481    2.122551697    
14       I1         0.5874682381   1.322749343    4.180923743    0.1752551528   0.5185026592   2.025216672    1.101469934    2.000830513    
15       I1         0.8352697815   1.648557062    3.609136604    0.333323562    0.9713532722   9.218734886    1.252182926    2.068936081    
16       I1         0.6401521459   2.208117891    3.898699169    0.1241161824   0.4105007558   0.803349096    1.249022616    1.534599567    
17       I1         0.5369019975   2.288418569    2.605669016    0.05814758281  0.9023741      7.952141837    1.868636931    1.108849466    
18       I1         1.488799289    1.448917371    4.460416691    0.3091048798   0.813832477    5.955674479    2.301125446    1.546477438    
19       I1         1.64120002     1.487467654    4.068233866    0.8970061838   0.9142553178   7.516776562    1.712747488    1.942150339    
20       I1         1.040563043    2.58541142     3.717211402    0.4583877322   0.2317561964   9.849586199    3.128904574    1.108742791    
21       I1         1.23714383     2.106105563    2.797400905    0.7782062663   0.685109752    7.899259404    1.160345849    2.259274839    
22       I1         0.6558687647   1.189323103    3.510254339    0.5852573008   0.3509214385   4.529884387    1.457105575    2.151125834    
23       I1         1.674256652    2.226407977    3.395581343    0.2011009297   0.7659888071   5.08417707     1.636511103    1.707552626    
24       I1         1.79550917     2.161198875    2.782108588    0.01761344909  0.07391524674  4.124835472    2.134421948    0.9830133078   
25       I1         0.7805910733   1.840114       2.815005329    0.7351553244   0.06031807634  5.581352577    2.342573154    1.985155578    
26       I1         1.822802265    1.875005895    3.287586518    0.6478459703   0.3533398499   6.763594913    1.897459978    1.663560107    
27       I1         1.092924469    1.149679854    2.666142613    0.8096779854   0.4780046208   8.415995466    1.982777018    1.983303677    
28       I1         1.381827444    1.605384842    4.360787384    0.4085227492   0.8329797208   7.331916469    1.995923004    1.665840334    
29       I1         0.7579706501   1.116056146    2.934513602    0.6010773471   0.2239289244   7.652579117    2.795801305    1.84916437     
30       I1         1.683075573    1.346035666    2.915172285    0.5699990112   0.842247825    1.957400108    1.237292771    2.226648158    
31       I1         1.420646476    2.204138346    2.581990262    0.8873828238   0.6796230876   2.999869278    2.005978744    1.842475212    
32       I1         0.5420655705   1.328667274    3.735029668    0.4895793974   0.7289337692   5.787673809    1.787865248    2.026194712    
33       I1         0.9537959759   1.40414358     2.789409178    0.1423160262   0.7991067335   8.716605469    1.914951077    1.677070006    
34       I1         0.7856290043   1.109985789    3.178457219    0.128473036    0.5846141512   8.370357904    1.939175983    1.600978291    
35       I1         1.908649771    1.283147972    3.839459706    0.5006140939   0.5694610568   4.063302564    1.693124574    1.845792986    
36       I1         1.05919981     1.181177565    4.371764867    0.4844471541   0.1849948652   2.891081887    1.615097097    1.871619762    
37       I1         1.870099175    2.221495105    2.830048849    0.1493129      0.5760678983   3.940408519    2.910332854    0.8776723404   
38       I1         1.171461564    1.276145037    2.757391787    0.4439054183   0.09677803858  0.5941868708   1.021002136    2.303005571    
39       I1         1.659968719    1.846727143    4.222988627    0.3745234011   0.9190928976   7.868435783    2.562418642    1.418447646    
40       I1         1.527668383    2.530528148    4.218569711    0.06244660579  0.4965381045   5.451772094    1.675449878    1.320244922    
41       I1         1.244751552    2.016681234    3.409406389    0.8700867974   0.9325752491   2.183137175    1.297965078    2.222728303    
42       I1         1.51752088     2.133923259    3.251077035    0.1569038732   0.1739787854   7.822289279    2.971264849    0.6367885957   
43       I1         1.868473146    1.705854979    4.145470396    0.4496035419   0.02848347457  8.62880349     1.930685724    1.234808174    
44       I1         0.5702487049   1.855932989    2.725188637    0.4156345467   0.07942275114  1.20806615     2.18230542     1.561789335    
45       I1         0.4479365181   2.215010462    3.304219489    0.2366521052   0.8223547415   9.174741589    2.837037025    1.335092332    
46       I1         1.690483718    1.901955297    2.719834169    0.6923296241   0.6994658029   1.941395209    2.484000237    1.490966761    
47       I1         1.177159204    2.030189091    4.135486143    0.1339867501   0.5109124987   3.177402617    1.230063572    1.967834663    
48       I1         0.8313026433   2.241502952    3.794201365    0.7426416074   0.6360603293   3.831712223    2.54342476     1.954898135    
49       I1         1.406987481    2.347031718    3.929824668    0.9169635703   0.6802152624   7.105306752    2.393861539    1.790414921    
50       I1         1.275950592    1.442057733    2.875069965    0.1946010934   0.3997498947   3.465457878    2.903199835    1.063711926    
51       I1         0.937441218    1.084743497    3.048511995    0.1603838599   0.182428131    1.683142635    1.80008991     1.221724985    
52       I1         1.081726666    1.285348205    3.693600047    0.9844407052   0.5642428646   2.770534601    1.857987569    2.114253378    
53       I1         0.9314794921   2.477854227    4.109591472    0.2578996488   0.06917312631  4.956372551    1.14470054     2.095939024    
54       I1         1.254082153    2.382780579    3.042674409    0.03232881701  0.8994223175   5.071982654    1.529097193    1.559249013    
55       I1         1.557081237    2.201317947    3.060427032    0.9243459712   0.9224487796   1.989780196    1.626046344    2.017317212    
56       I1         0.9059262998   1.400965242    4.01903848     0.7479293057   0.5233939486   2.34359497     1.259489469    2.276791602    
57       I1         1.969316018    1.535255594    4.006081118    0.8351751549   0.1376139005   4.019669975    2.154174786    1.550804265    
58       I1         1.464084269    2.171886984    3.223508307    0.588488354    0.3128979224   2.653942694    3.205029226    1.20170602     
59       I1         1.622287052    1.643923416    3.385764139    0.5950280336   0.4302886432   4.365068302    2.917057999    1.298391821    
60       I1         0.5744913194   2.056057473    3.18661111     0.02682032949  0.6515158266   2.908796736    2.258941039    0.8664573212   
61       I1         1.303370076    2.103964652    3.968111588    0.8162194583   0.607010724    5.318249909    3.243481794    1.71849218     
62       I1         1.799934239    2.074017228    4.497385341    0.7827888579   0.1890601572   9.526076387    3.341203918    1.226875529    
63       I1         0.6218146609   1.236657754    3.006263884    0.7065912886   0.8820383405   3.614292698    1.752894144    2.214737335    
64       I1         0.7675012623   2.254104281    3.326822502    0.9358103204   0.3931840479   0.275446016    1.576151478    2.330894658    
65       I1         1.452181115    2.191445607    3.868783827    0.7362907138   0.6290082472   0.3582731703   3.07356733     1.534145106    
66       I1         0.3107108767   1.100195685    3.401677843    0.9063060078   0.653742217    9.053510048    1.890272128    2.492612595    
67       I1         1.467821931    2.262234132    2.710066259    0.06864317479  0.1214055083   1.113506027    1.313900634    2.007093982    
68       I1         0.7196277594   1.374843451    2.941309496    0.05106478175  0.1065470813   2.212150905    1.182338469    1.609135459    
69       I1         1.296228928    1.124789684    4.406230546    0.2528676024   0.8969460614   8.935380853    2.812952815    1.732939262    
70       I1         1.921550885    2.086270055    3.998975956    0.594645732    0.1201212604   7.03016898     2.047124486    1.464203184    
71       I1         1.347496987    2.06095185     2.657896966    0.2689075142   0.7228376675   7.064042437    1.642919153    1.656577678    
72       I1         1.730353726    1.146068176    3.941439147    0.3297835083   0.08592714136  3.215896412    1.111029395    2.308128691    
73       I1         0.5094663364   1.963526746    3.742895652    0.7643935641   0.9077946181   9.719304767    2.724764023    2.200114016    
74       I1         0.6501714999   1.597078326    3.427281611    0.7000810092   0.8350015658   0.4383188587   2.574820401    2.090682781    
75       I1         1.250014581    1.239487442    3.845312261    0.1350522446   0.2851235629   3.411606954    2.787656451    0.4418511844   
76       I1         0.39845222     2.000874494    2.804628639    0.3534372038   0.4543216541   2.858188311    3.037056762    1.51135817     
77       I1         0.9154537974   2.25008588     2.948627563    0.6177638289   0.4852475744   4.504271809    2.929888882    1.689782561    
78       I1         1.876269462    1.684763754    3.910475407    0.7300191398   0.3380955784   2.681876318    1.204817825    2.268446748    
79       I1         1.645442561    1.266991593    3.805383155    0.6702249147   0.6568343862   9.301918015    1.834735672    1.797665868    
80       I1         0.7461268417   2.391765973    4.08921173     0.8802523054   0.2025505396   5.190489881    1.53496941     2.301115199    
81       I1         0.8884118105   2.232347639    4.166435226    0.8392264346   0.3475140804   1.813236371    1.349083296    2.28488937     
82       I1         0.7357388406   1.558553607    3.764382356    0.1205591682   0.2484786123   3.013930012    3.498405599    0.5174696243   
83       I1         0.869678216    1.368306792    3.59973603     0.8644663599   0.9527122088   7.717283805    2.108004096    2.136966545    
84       I1         1.389904313    1.353113064    3.190784844    0.2810816412   0.836560833    6.01519677     2.065274884    1.663611166    
85       I1         1.987353195    2.324481988    2.872825091    0.78766895     0.8689908005   6.52304944     3.024165153    1.240526935    
86       I1         1.832347989    2.095049203    3.681351124    0.9795582233   0.7855111937   2.118319626    1.658034061    1.969764162    
87       I1         1.82491466     1.563813263    2.767248125    0.2749906241   0.979447786    8.24717916     1.687508881    1.85098171     
88       I1         1.69721588     1.919140271    3.674383694    0.1717771929   0.2935083771   2.715362389    1.326716649    2.087752366    
89       I1         1.860860465    1.618783662    2.983373812    0.2934147745   0.2536875913   3.558779445    2.434446248    0.9592858083   
90       I1         1.382954783    1.408394001    3.984371269    0.2729217598   0.714725534    7.21046598     2.857879381    1.415617174    
91       I1         0.3285586371   1.57146601     3.831236871    0.2421199327   0.5895334026   0.3973248431   3.411552897    1.513823182    
92       I1         1.738002296    2.512240563    3.809025626    0.6421091236   0.172586491    3.372111183    3.311063793    0.8645811027   
93       I1         1.326528753    1.880140909    4.037871506    0.5496203686   0.4123488404   5.870925088    1.184937914    2.20200757     
94       I1         1.085592975    2.619524521    4.064944398    0.6318941159   0.3414620436   6.48335404     1.001621239    2.339471194    
95       I1         1.492923017    2.407301197    4.20024087     0.3438077843   0.2087928288   0.3257977483   2.728328268    0.441448023    
96       I1         1.564016217    2.499003633    2.57275019     0.1094647061   0.4387943063   0.241138325    1.120290672    2.278522418    
97       I1         0.3131261282   1.67081122     3.667595332    0.4984778558   0.1289259313   9.65776003     1.134577945    2.204276321    
98       I1         1.221021649    1.950323918    3.45754666     0.3203010297   0.739563675    5.939641469    3.451758046    1.244583227    
99       I1         1.712625696    2.298393316    3.847275111    0.6396962211   0.9466801024   6.124559585    2.406973527    1.42542928     
100      I1         1.052531105    1.502985028    4.012869763    0.5227558373   0.03002443055  9.391928479    3.065255811    1.314430798    
101      I1         0.5144262091   2.007974284    4.393020831    0.07736213041  0.3251547208   5.371052394    3.193581599    0.6362486588   
102      I1         1.315604476    2.126531714    2.674299496    0.465210757    0.356885533    5.308717337    3.223977752    1.209775234    
103      I1         1.395449208    2.035421557    3.91705676     0.4342557839   0.5953864639   6.399624598    2.696259644    1.196408838    
104      I1         1.931563387    1.794869922    3.771107536    0.7218329044   0.7516442785   3.506294406    3.273656866    1.263402765    
105      I1         1.990996676    2.462764673    4.13262006     0.7994510876   0.3355639597   0.1383557627   2.55694486     1.26038733     
106      I1         1.740831827    1.802122459    4.328839539    0.4563962076   0.2375262317   0.9747690129   2.804740768    0.3920365421   
107      I1         1.186805977    2.607205399    2.612978149    0.5394486182   0.4473012554   7.283779674    2.034118778    1.552970964    
108      I1         0.4240566145   1.173806576    3.087118066    0.5540566055   0.5031211313   9.121403494    2.518181823    2.054379611    
109      I1         1.911398778    1.511267464    3.859167714    0.4313628953   0.3871736439   7.789316642    2.161512037    1.350330809    
110      I1         1.444278275    1.850722746    4.353231216    0.100521532    0.4931008605   3.347979457    1.794064947    1.300422358    
111      I1         1.618362611    2.590534515    4.095182904    0.2674938073   0.8887746462   2.171727156    2.465765395    0.8816562984   
112      I1         1.141522265    1.686736869    4.432868669    0.3579996258   0.2751800928   8.095700615    1.305595537    2.000363684    
113      I1         1.434442838    1.545416253    4.300944502    0.6578579263   0.2448017307   4.410688445    2.826130043    1.455026574    
114      I1         0.9177023502   1.614103081    3.639907075    0.4782339761   0.8014879318   3.661604156    1.671585959    1.916289588    
115      I1         1.651440729    1.720055247    3.113606452    0.8583340564   0.9584592573   6.548255037    1.014254631    2.342960386    
116      I1         0.3177406747   2.547458364    4.237773043    0.5665403297   0.2576233267   2.571069128    2.360791691    2.029827336    
117      I1         0.7409346075   2.381482366    4.397440051    0.4631838113   0.4967438265   1.593846828    2.057926537    1.621187323    
118      I1         0.7113794074   2.153882841    3.100025495    0.08532162429  0.1685791455   1.393663158    2.956226925    0.673710567    
119      I1         0.3351591749   1.231727704    3.491418829    0.9805095429   0.5312512202   1.57776624     2.145568572    2.508443525    
120      I1         0.6957140961   1.74754868     3.549718539    0.2863724592   0.279182846    5.814931171    1.921338824    1.286582564    
121      I1         0.8535962471   1.930591487    4.469608268    0.507708016    0.3801969768   0.7424392947   1.77103213     1.825208975    
122      I1         1.182398971    1.623563135    3.21120112     0.8608480364   0.03786302582  3.991173488    2.194981328    1.894494242    
123      I1         1.3490471      2.364682212    3.151201792    0.7502022129   0.01958054421  6.953071345    2.536759611    1.59200046     
124      I1         1.359382799    2.50296565     3.992164059    0.7909367982   0.7594634673   1.059934205    1.90589796     1.8394535      
125      I1         1.578140663    1.867335465    2.628772169    0.7134540686   0.9848527638   3.697353834    1.286243391    2.17963303     
126      I1         0.4859222711   2.673454282    4.266933182    0.6064637601   0.633732568    5.524604038    2.96616941     1.969451672    
127      I1         0.3734655823   1.542045094    4.478762658    0.6297198519   0.9622850424   1.779648702    2.131953858    2.175583086    
128      I1         1.151278613    1.693992783    3.584868323    0.1681824529   0.2602711335   8.264963864    2.233781363    0.6271239151   
129      I1         1.88843912     1.186086906    3.496524632    0.5167904168   0.1597277525   9.773474863    3.047077183    0.7899527505   
130      I1         1.340856682    1.576814556    2.635728609    0.941346387    0.3331156004   6.104156355    3.305645983    1.820862201    
131      I1         1.953548078    1.162088808    4.196549783    0.2257529178   0.06784710513  8.861973182    1.079653216    2.393011739    
132      I1         1.144801891    2.529878567    4.292586158    0.7740396554   0.4435392042   7.256774185    1.445860462    2.122428981    
133      I1         0.36004142     1.740200609    3.903464658    0.4223373309   0.1479898162   3.585673627    1.065052584    2.151540603    
134      I1         1.933004722    1.780657403    3.516151248    0.5316747404   0.871363053    7.187073331    2.65257171     1.326565432    
135      I1         1.948251375    2.024418459    3.647405117    0.9698528934   0.7282635288   3.745943433    3.010601391    1.43702109     
136      I1         1.784835303    2.044425839    3.156802105    0.5249688643   0.465508111    1.040583558    1.591318896    1.905458955    
137      I1         1.764753117    1.937680794    3.617691695    0.07083899011  0.3221937678   1.28832285     3.462024267    0.7889669724   
138      I1         1.600285292    2.27527896     4.172137493    0.1156888522   0.8435021733   8.296674237    1.379363737    1.957812463    
139      I1         0.4921449078   2.480325566    4.207658737    0.2089163743   0.3909964414   6.61131203     2.749416291    0.4775588361   
140      I1         1.665250111    1.254938783    2.615440332    0.07903790755  0.5056121611   6.216627951    3.368082352    1.097142471    
141      I1         0.9445149779   1.051939886    3.246093392    0.9014394052   0.4023888976   9.273599008    2.451002017    2.08486541     
142      I1         1.915915018    1.806078942    2.599265732    0.2605007178   0.5280954635   0.6846961195   1.499940044    1.985764133    
143      I1         0.3830346702   1.43332527     3.419812513    0.5146411477   0.9546232434   1.177112345    1.067733821    2.28678425     
144      I1         1.024984263    2.353332986    3.068165516    0.768180211    0.5671904152   2.946877912    1.132762913    2.306368246    
145      I1         1.428226823    2.23575481     2.895061716    0.3513967573   0.0890321183   7.465637508    3.448515501    0.873919828    
146      I1         1.628908169    1.371707752    2.93227432     0.06021600091  0.4874712745   3.161734854    1.624863909    1.723431623    
147      I1         0.4301140715   2.694562258    3.554404698    0.4257638904   0.7171644045   8.449250233    2.0700329      1.691075382    
148      I1         1.881864559    2.664262274    2.925289364    0.2137834302   0.4326145925   3.665753972    3.232414968    0.7064757572   
149      I1         1.956310536    2.6877406      2.851202478    0.8287151901   0.7113755041   9.807148281    2.390442615    1.430041847    
150      I1         0.4689079693   2.522935073    2.83496418     0.9125552918   0.3632845532   5.220264853    2.375909093    2.386188922    
151      I1         1.479476688    2.397986451    3.819235255    0.4476728921   0.537096675    0.5155318816   1.865408501    1.553077693    
152      I1         1.559430362    1.120258727    4.053596237    0.8487916483   0.4707808031   4.310346469    2.076376343    1.75416367     
153      I1         0.728718011    2.175444903    2.906036344    0.1985720714   0.757544596    9.548449799    3.160608938    1.165989021    
154      I1         1.474533859    1.090187553    2.591160766    0.2944660222   0.320086903    7.534625544    3.093389063    1.166517265    
155      I1         0.6741398318   2.660330014    3.606658393    0.7968582963   0.3985872561   4.331382158    3.17842612     2.118483525    
156      I1         0.8480205554   1.169199313    3.260898568    0.3240121076   0.7449829453   8.49266892     2.940504265    1.783895633    
157      I1         0.7724829562   1.206270639    3.938366512    0.9308505921   0.6396143959   9.442576294    2.740645832    2.210048212    
158      I1         0.6847636401   1.07842609     3.692109568    0.7156196559   0.1790726062   7.978424054    1.360166142    2.292520568    
159      I1         0.5937185563   2.543200157    3.752344211    0.6853682706   0.04071712417  7.772486148    2.636583707    2.076617691    
160      I1         0.9657950803   1.461686529    4.02533537     0.282446083    0.827400762    2.389447736    2.279363941    1.681176178    
161      I1         0.5489412889   2.306006852    3.885662293    0.1397966434   0.7898699603   8.818446818    3.428614514    0.8763304753   
162      I1         0.4433185135   1.522818988    4.446948188    0.4961993767   0.06335144982  8.893932136    2.689356423    1.872279249    
163      I1         1.101323509    1.527044211    4.105667461    0.4393065005   0.09428000369  0.6281363281   2.431475731    0.6456615078   
164      I1         1.857817526    1.952210491    2.965447787    0.8130420474   0.3027026087   6.165109595    2.755057012    1.358247776    
165      I1         1.722002096    2.436423644    3.024145158    0.7558619954   0.4692989556   6.983470842    1.212281635    2.24627808     
166      I1         0.6729906473   1.469167139    2.544647477    0.1586357021   0.191096213    9.767570232    1.04606843     1.916649896    
167      I1         0.9481382881   1.022174469    4.077979364    0.2212320219   0.7841465648   8.050056009    1.519098458    2.004263187    
168      I1         1.107474017    1.061946202    4.244486286    0.4751500174   0.1013074441   0.4714102173   1.882513269    1.694976084    
169      I1         0.9931211435   1.833095461    3.056453917    0.4033144509   0.6961344583   0.701920532    1.546078346    1.877930861    
170      I1         0.6098356177   1.975972814    3.481052509    0.2053694139   0.5735897937   3.783799195    3.397554594    1.064570493    
171      I1         1.708819711    1.816862121    2.955537223    0.5440634302   0.6483402606   5.774861325    2.477539512    1.371317141    
172      I1         0.6263816946   2.141465459    4.251926883    0.4094759667   0.5475262182   4.286154237    3.28075897     1.490257407    
173      I1         1.636678545    1.138117183    3.168104999    0.307045893    0.3850713039   3.302655049    1.354347043    2.072533584    
174      I1         0.6296351808   1.749257324    3.526345781    0.4686115266   0.8469582789   3.486612735    1.666097965    1.939389779    
175      I1         0.7999073836   1.926213285    3.282973026    0.5353698492   0.2999623596   5.484717207    1.702350809    1.87225245     
176      I1         0.5212860984   1.629118409    3.195114581    0.9485655461   0.4067010932   0.2008739061   1.422243749    2.454012885    
177      I1         1.005887567    1.675837711    3.711363838    0.8847277457   0.6889461185   1.323055332    2.87143989     2.011339911    
178      I1         1.205255055    1.042055073    2.808007965    0.02456168552  0.1250539843   4.727184153    2.664880824    0.8222755825   
179      I1         1.892783879    2.559012186    2.908180833    0.1911231965   0.2176088771   5.133200276    2.759534361    0.6718091716   
180      I1         0.4057035626   1.664203842    4.23019236     0.09506460568  0.5565208168   9.035347113    3.28839053     0.5142760212   
181      I1         0.9989670997   1.887784017    3.665054857    0.5617577824   0.3617422335   4.78116836     2.354394372    1.622952681    
182      I1         1.069000019    2.37031698     4.028099965    0.01128075689  0.8857831008   8.13962312     3.297357431    0.8301363705   
183      I1         0.9870801418   1.899072277    2.621126085    0.8055794563   0.2682707875   9.082364385    3.120410618    1.916281816    
184      I1         1.751218561    1.034365161    4.284302384    0.668142229    0.8629435835   2.35856479     1.097642455    2.306845318    
185      I1         1.771193562    1.914040856    3.888104274    0.3140481537   0.5611679837   5.736727176    1.500558745    1.93684731     
186      I1         1.531535246    2.081967787    4.154857191    0.2099069187   0.6208331469   1.63161365     1.441605389    1.900087258    
187      I1         0.5303073602   1.386281804    2.976308004    0.5035474146   0.5424318474   8.334224322    2.33548061     1.914438614    
188      I1         0.787877155    2.129963821    4.374703127    0.1033801179   0.4617170534   4.058018758    2.824598703    0.5326641634   
189      I1         1.901462023    1.580142564    3.469245654    0.152770079    0.1505513559   3.042521913    3.169229962    0.6869028268   
190      I1         0.5783994492   1.727952704    3.014647514    0.5763089343   0.1177522271   1.149210547    3.153146854    1.826514891    
191      I1         0.8789505393   2.447268904    3.34417956     0.5788593947   0.03575032858  6.766951214    2.418465654    1.690230035    
192      I1         0.4792202012   1.1350667      3.03564899     0.9197970148   0.949165208    5.877084206    3.489893899    2.378829232    
193      I1         0.551983061    1.063528064    2.693563229    0.6160442773   0.02603853883  6.001678038    2.627786828    1.944736157    
194      I1         1.518732135    1.767639995    4.042251232    0.4149177055   0.7373991272   5.567548951    3.081848135    1.323912155    
195      I1         1.815934321    2.668874854    2.972977533    0.9664733799   0.6270359666   2.073431759    1.814968118    1.850823853    
196      I1         1.301021493    2.35817213     4.125732872    0.1060554789   0.4242836668   8.799554718    1.390362506    1.783818199    
197      I1         0.866175135    2.653075503    2.737443737    0.179527658    0.2644768829   2.271706462    1.959406696    0.9773896538   
198      I1         1.550696324    1.072841677    3.314757769    0.6520493137   0.1117894441   4.715888998    2.214667896    1.467528831    
199      I1         1.212023774    1.213851171    3.721320857    0.4528106755   0.01337837752  6.710055755    3.102060641    0.7675803671   
200      I1         0.3485504418   2.180520308    2.761519739    0.2482968935   0.8537564426   1.276621057    2.944974689    1.416868115    
201      I1         0.4175703839   2.600075591    3.349998568    0.7522225039   0.2156810159   5.275197541    2.768950355    2.261651927    
202      I1         1.031569625    2.282828503    3.306796818    0.3136359659   0.15576903     8.538878684    2.229634502    0.9941009338   
203      I1         0.7482488826   2.623360368    3.253518959    0.4191608878   0.07719894133  1.010521473    2.503245116    1.351769166    
204      I1         0.9080263691   1.702042258    4.489577456    0.3334357705   0.9170078746   8.435700196    1.599352301    1.858808332    
205      I1         0.3949104709   1.303784423    3.64216882     0.1861942359   0.10346091     1.544169539    3.006983899    0.5101636394   
206      I1         1.200518864    1.425525521    2.726943377    0.4727462276   0.5982216018   2.089410644    2.847176678    1.570202666    
207      I1         1.701964074    2.339796042    3.563084631    0.04404286758  0.2052308283   8.703049179    3.147121145    0.825501237    
208      I1         0.3902345162   2.555003389    4.116854075    0.5475402506   0.05124040972  6.634035164    1.819137968    2.09274487     
209      I1         0.4304851418   1.010688332    3.128993032    0.6022610977   0.4360470655   0.8712048423   2.374188924    2.120866781    
210      I1         0.6881199015   1.972364014    3.373360849    0.05397155562  0.2877460165   9.199591692    1.155739705    1.596477047    
211      I1         0.5014862514   1.046458867    3.296963637    0.3820957175   0.6156617733   2.837997409    2.16818102     1.93659542     
212      I1         1.280854117    1.105283673    3.593232741    0.3637232882   0.509737054    0.5511667692   1.607700684    1.905731577    
213      I1         1.507471669    1.029610094    3.075562603    0.9315443773   0.8928641198   9.583711601    1.833273034    1.928180564    
214      I1         1.498235502    2.112643846    4.357918419    0.6558531331   0.603556501    3.876418288    2.287974566    1.51913726     
215      I1         0.4737196634   2.422904768    3.54214926     0.6112363957   0.2340491312   5.436145523    1.272784412    2.258043579    
216      I1         1.962053355    1.457724002    3.624777989    0.7599331456   0.3787398946   7.15887715     1.563766349    1.994796271    
217      I1         0.7074897604   2.318754595    2.687332496    0.7102397642   0.7193760053   6.850141074    3.190779325    1.971987267    
218      I1         1.076181637    1.941346502    4.314317134    0.8399888113   0.3148766168   1.458145766    2.099260682    1.971556294    
219      I1         0.460359321    1.382261558    3.424068791    0.03599679946  0.7761797963   0.6063780837   3.345000024    1.55637925     
220      I1         0.7957480231   1.005001595    2.741246095    0.6948103972   0.8833437898   6.315550258    2.017939144    2.139274645    
221      I1         1.131380639    2.459660638    3.27858566     0.8261550649   0.5517586627   6.827758737    2.709937443    1.84870711     
222      I1         0.6363943388   1.41831238     2.651214515    0.4832078674   0.9267890524   4.934930773    1.718019718    2.038420413    
223      I1         0.8066862593   2.120810807    3.876091411    0.07396129374  0.7934731076   7.027733153    2.332507761    0.9641779002   
224      I1         0.3762842491   2.564005466    3.961198443    0.6968460319   0.622309483    7.310678901    3.265983532    2.181875475    
225      I1         1.310439953    2.091183159    3.123302953    0.7246198575   0.6425564559   5.162715657    2.782450497    1.628432991    
226      I1         0.7603459946   1.197083982    3.112754433    0.5837991308   0.5788924596   2.534502614    2.992670836    1.930006811    
227      I1         1.574434238    1.865102614    4.311366217    0.5377850523   0.807958624    9.006293536    1.090770128    2.282363142    
228      I1         0.6609580598   1.712391478    3.461227053    0.9614109575   0.459415704    5.618450393    3.255199615    2.287485286    
229      I1         0.9821751427   2.538197415    3.574528517    0.9105767505   0.7618330616   7.990311883    3.357357405    2.023223677    
230      I1         1.758476031    1.661443372    4.25617578     0.0138220575   0.9751072237   7.623043751    2.446361673    1.459366232    
231      I1         1.811396034    2.644110444    2.641115736    0.3991976672   0.9883526835   2.631645173    2.898298667    0.9456742334   
232      I1         1.998319731    1.015258679    4.413056666    0.7047729654   0.220584488    4.801508251    3.138695567    0.7017655341   
233      I1         1.361125029    1.423331016    3.951384311    0.7660642874   0.6635464248   1.905774743    1.553425089    2.048134373    
234      I1         1.775966423    2.402522684    3.03283948     0.6817590328   0.9087467498   4.884283603    3.470998266    1.257016326    
235      I1         0.872472806    2.680127378    3.788768941    0.6350235686   0.9310201391   2.456995337    2.218883641    1.802142201    
236      I1         0.9621420747   2.413440626    3.703694044    0.3857637516   0.2666295428   8.569121207    2.243003414    1.159531547    
237      I1         1.269443469    2.267059179    3.357614425    0.02088740981  0.9372722994   1.740474131    1.737073229    1.37485388     
238      I1         1.288003539    2.594591468    3.778708329    0.3374150785   0.2417438303   2.777260348    2.088695206    0.7849757275   
239      I1         1.422242053    1.31261729     3.530301182    0.6465402684   0.1952555708   0.1095228706   2.673313704    1.484448525    
240      I1         0.6996487793   2.327072205    2.996022772    0.2887668062   0.9830281785   1.502057478    3.423253803    1.349390677    
241      I1         1.046500615    1.763486224    3.236266154    0.9752273023   0.3294683232   4.563016676    1.951766702    2.106361583    
242      I1         1.850647614    1.024249216    3.140613029    0.6251937004   0.367962828    1.857627286    2.509368311    1.309112338    
243      I1         1.80468192     1.892177349    3.537894867    0.5279734897   0.8581902132   4.247479126    1.193195169    2.253703521    
244      I1         0.5570628343   1.607062876    3.391570594    0.6742736568   0.3073840553   6.175578454    1.409865042    2.258125457    
245      I1         1.592116285    2.455724537    4.454172702    0.9033250825   0.1446908839   4.217818408    2.273167593    1.677457089    
246      I1         1.162721522    2.066444463    2.752934595    0.03961106068  0.5329572475   7.427576021    1.47547493     1.583795131    
247      I1         1.012847891    1.637809805    4.421940351    0.6890713407   0.4827215116   2.28079469     2.706674091    1.811221683    
248      I1         0.4552595495   2.333158098    3.229890596    0.3961759723   0.7054546704   3.090635965    2.18375314     1.596536646    
249      I1         0.8936899455   1.772829532    2.50197392     0.3027917464   0.8759965862   7.662693208    1.946876391    1.670641989    
250      I1         0.8114660747   2.493927199    2.538278452    0.8742615238   0.04916239375  1.696533584    1.512162257    2.279779466    
251      I1         0.9744128914   1.222511354    3.164319841    0.8202279181   0.6953665752   6.903781316    3.090544016    2.003862623    
252      I1         1.257981942    1.090962769    4.297124512    0.9534866534   0.6720925495   1.231381987    3.359789056    1.907807151    
253      I1         1.589566797    1.310918435    3.097604414    0.5748104646   0.6674393617   6.043796498    1.460551876    2.04184066     
254      I1         1.538629173    2.637878489    4.04804838     0.5638427568   0.05784624219  9.990094479    1.056579247    2.313642634    
255      I1         1.505239601    2.470183567    2.563463878    0.1134234945   0.7707287291   1.373626406    1.988513382    1.143326983    
256      I1         1.335763744    1.496423881    2.518656767    0.8439753187   0.8178788364   8.751343945    2.2945428      1.841337751    
257      I1         0.8971714963   1.90839714     4.340212492    0.6238800601   0.2956648772   4.894030408    3.388996575    1.7251433      
258      I1         0.5625116465   2.629135782    2.510864016    0.9569122946   0.4161493205   0.8342739093   2.677983351    2.346977705    
259      I1         0.408544849    1.550618968    3.447680515    0.2398713653   0.1081480773   8.584118857    1.17345003     1.766972441    
260      I1         0.600299416    1.265502074    2.885188013    0.127562032    0.5220185425   1.447753494    3.028973259    1.38008339     
261      I1         1.583172998    2.488531847    4.278076749    0.3205776368   0.7502055389   3.812652926    1.340808712    2.035126183    
262      I1         1.112249205    1.248939516    3.860473881    0.6646589952   0.5429176497   5.682692331    3.111064988    1.785264756    
263      I1         1.542088596    1.338449556    3.362561772    0.7390744977   0.2819903394   7.375963574    2.525981301    1.545189901    
264      I1         1.748286095    1.588301778    3.217801873    0.2175845276   0.6084285145   0.9572361427   2.498154856    1.107614165    
265      I1         1.446335508    2.419043855    2.992332302    0.04631572826  0.2717204916   9.893005244    1.279143474    2.010509478    
266      I1         1.404016156    2.635292786    2.888551602    0.876164382    0.136307493    8.08061807     3.327272653    1.69064167     
267      I1         1.415755904    2.572289077    2.824612651    0.9462985109   0.4526974088   0.7839750314   2.319904806    1.82197216     
268      I1         1.937686949    1.987294004    2.672121545    0.7772854328   0.08285317218  0.1747179927   1.97242533     1.693683782    
269      I1         1.13489634     1.995419009    3.784201027    0.3947952275   0.5544699285   0.3695975357   2.583368745    1.256418886    
270      I1         0.8239859326   2.372407311    4.440692207    0.368880236    0.7943040718   6.296109337    1.403687279    1.857064156    
271      I1         1.015064302    1.732391951    2.841873065    0.7860742005   0.5132588444   4.630881637    1.780841718    2.035290895    
272      I1         0.9241843732   1.157178291    4.324691621    0.8012678524   0.9684807231   7.751662791    2.859344672    2.062146757    
273      I1         0.3443498047   1.985846631    3.954929593    0.1448942896   0.1659209448   3.105402687    2.598481492    0.5253125431   
274      I1         0.6021373378   1.219835666    3.33756519     0.8944457742   0.964709477    4.675868525    3.381077879    2.283582076    
275      I1         1.670202853    1.259956569    4.264413472    0.1822568941   0.3700228634   4.45813412     2.890978104    0.4545952775   
276      I1         1.225710618    2.049813049    3.006847077    0.3617429562   0.4753711493   9.688580275    1.222673888    2.072509669    
277      I1         0.973829551    1.96163696     2.528631855    0.3768789556   0.1311815475   7.585434032    1.428436597    1.833309417    
278      I1         0.3677524232   1.754827795    3.571354347    0.9378834073   0.941542642    3.289680331    1.570159858    2.483035643    
279      I1         0.3237088733   1.437335597    3.979006456    0.2506824008   0.02016356509  3.251303546    3.210067409    0.5302834895   
280      I1         1.614376697    1.340093733    3.20471397     0.3908718751   0.6746964876   3.91128993     3.479283269    1.330230595    
281      I1         1.216061424    2.444789642    3.325752487    0.6090147236   0.2464161253   9.33223508     3.322483215    1.428528938    
282      I1         1.324356168    1.591783969    3.506186554    0.8314936832   0.01152641849  8.960502068    2.02915257     1.827269694    
283      I1         0.4360475337   1.831704451    3.443101497    0.8888690782   0.3045696348   5.656863288    2.613947314    2.377802294    
284      I1         0.3052678245   2.148702014    2.863239585    0.989453186    0.1413102393   6.352420219    1.026485822    2.62564926     
285      I1         1.126024947    1.327864414    4.48415467     0.3703465277   0.5857182627   2.418285222    3.440100491    1.519367853    
286      I1         1.608771412    1.359935892    3.756594181    0.09380691351  0.3434151444   5.385674145    1.368960192    2.00572503     
287      I1         1.459552999    1.654378836    3.13492306     0.8496504772   0.2271843178   5.044471134    1.317125486    2.178325143    
288      I1         1.365941496    1.394356037    2.85479035     0.5574533339   0.04468927487  4.447244152    3.40027001     1.242292079    
289      I1         0.8414926297   2.309147292    3.439605621    0.4360845678   0.7065786773   6.440097854    3.233827472    1.446079509    
290      I1         1.783188645    1.790683409    2.778552717    0.03765811168  0.4200881004   1.845591962    2.982602896    0.9058578417   
291      I1         1.373481817    1.81166574     3.63207404     0.2228202545   0.5927817656   4.999514334    2.254161223    1.129910078    
292      I1         1.72488636     1.717746796    2.702744019    0.3832702037   0.1628758786   9.604909417    2.988478439    0.9646705821   
293      I1         1.979905971    1.201716412    3.370947356    0.676848485    0.6438213597   9.935364316    2.60466547     1.349883982    
294      I1         1.062583374    1.475532227    4.415591986    0.2294786622   0.7329755853   6.895136135    2.473955203    1.517876589    
295      I1         0.4976089969   2.165513297    2.576428011    0.3476104215   0.8745567966   4.166339747    2.110244726    1.587629144    
296      I1         1.098367723    2.432352504    4.191135207    0.6602045533   0.3741075441   6.688892982    2.581542838    1.644929279    
297      I1         0.719191177    2.61158016     4.382333396    0.1869733362   0.9379771955   0.9222992184   1.490517732    1.47523584     
298      I1         1.973053607    1.299671974    3.084757358    0.4929807404   0.4273640679   2.505893795    2.207458896    1.37647108     
299      I1         0.6677877611   1.509549826    3.27268924     0.9575132077   0.805928482    9.435916875    3.050855004    2.285347947    
300      I1         1.160758497    1.487285369    2.555153062    0.2345873294   0.6121861275   8.158161341    2.648130001    1.445374888    
301      I1         1.429835391    1.570164609    4.495884774    0.286255144    0.01067215364  0.9759259259   2.661522634    0.4546181227   
302      I1         1.059053498    2.696502058    4.100823045    0.1612345679   0.335994513    5.905555556    2.538065844    0.5264494448   
303      I1         0.8281893004   1.378943759    4.034979424    0.1451028807   0.2096296296   8.87962963     3.124485597    0.5060081603   
304      I1         1.243278464    1.563168724    4.051440329    0.3346502058   0.07251028807  1.22037037     2.79526749     0.4085711766   
305      I1         1.432167353    1.283333333    4.397119342    0.1128395062   0.2338271605   3.37962963     2.74382716     0.5202239757   
306      I1         1.059053498    1.759053498    3.834705075    0.1249382716   0.2176954733   3.37962963     2.538065844    0.4924534965   
307      I1         0.3804526749   2.696502058    3.99382716     0.116872428    0.4838683128   3.393209877    2.558641975    0.57737545     
308      I1         1.996502058    2.696502058    4.355967078    0.335994513    0.3386831276   6.72037037     3.093621399    0.5915050099   
309      I1         0.4224279835   2.136831276    3.862139918    0.1249382716   0.3628806584   9.409259259    2.946159122    0.5400686742   
310      I1         0.3664609053   2.698834019    4.051440329    0.2136625514   0.2297942387   5.62037037     3.319958848    0.5168559045   
311      I1         1.996502058    1.001165981    4.051440329    0.1289711934   0.3144855967   6.72037037     2.908436214    0.5346244748   
312      I1         1.569753086    2.136831276    4.446502058    0.335994513    0.1209053498   3.42037037     2.568930041    0.3720991275   
313      I1         1.814609053    2.136831276    4.4218107      0.335994513    0.1209053498   0.1203703704   2.651234568    0.4512285319   
314      I1         1.695679012    1.185390947    4.438271605    0.335994513    0.1209053498   3.42037037     2.856995885    0.4566082083   
315      I1         1.436831276    1.143415638    3.878600823    0.1773662551   0.1572016461   6.706790123    2.682098765    0.4977714326   
316      I1         1.240946502    1.003497942    4.191358025    0.137037037    0.2271056241   3.257407407    3.278806584    0.5296850008   
317      I1         0.4154320988   1.815020576    3.834705075    0.1854320988   0.01201646091  3.42037037     3.278806584    0.5523754484   
318      I1         0.3594650206   1.101440329    3.83744856     0.1289711934   0.1894650206   6.67962963     3.498285322    0.4666284532   
319      I1         0.4224279835   1.206378601    4.166666667    0.137037037    0.2271056241   4.846296296    3.124485597    0.4191328682   
320      I1         1.996502058    2.134499314    4.051440329    0.1289711934   0.3346502058   6.72037037     2.661522634    0.4919794302   
321      I1         1.998834019    1.70308642     4.495884774    0.1652674897   0.3346502058   6.72037037     3.124485597    0.6429085863   
322      I1         1.998834019    2.696502058    3.83744856     0.1733333333   0.116872428    9.97962963     2.435185185    0.4233347494   
323      I1         1.891563786    2.696502058    3.878600823    0.335994513    0.01201646091  5.987037037    2.630658436    0.4592100849   
324      I1         1.807613169    2.698834019    3.911522634    0.2378600823   0.2217283951   6.67962963     2.527777778    0.4586870718   
325      I1         1.998834019    2.696502058    3.83744856     0.1693004115   0.01201646091  6.312962963    2.507201646    0.4351453278   
326      I1         1.998834019    2.129835391    3.83744856     0.1854320988   0.0483127572   8.87962963     2.476337449    0.425550835    
327      I1         1.807613169    2.507613169    3.615226337    0.201563786    0.01067215364  9.246296296    2.435185185    0.4748669949   
328      I1         1.744650206    2.134499314    3.911522634    0.1612345679   0.1733333333   7.82037037     2.486625514    0.471872811    
329      I1         0.3034979424   1.563168724    4.133744856    0.1679561043   0.2459259259   6.598148148    3.237654321    0.42810894     
330      I1         0.5413580247   1.171399177    4.131001372    0.1733333333   0.181399177    4.47962963     3.340534979    0.4215721197   
331      I1         0.6812757202   1.374279835    4.276406036    0.2096296296   0.1289711934   3.42037037     2.815843621    0.4147603761   
332      I1         0.5833333333   1.565500686    4.199588477    0.1854320988   0.201563786    3.338888889    2.990740741    0.4306044164   
333      I1         0.4853909465   2.696502058    4.495884774    0.2217283951   0.2620576132   3.42037037     2.664951989    0.4486396993   
334      I1         0.4574074074   1.122427984    4.026748971    0.1787105624   0.06444444444  4.724074074    3.04218107     0.5081138465   
335      I1         0.8655006859   1.024485597    4.495884774    0.2096296296   0.1894650206   0.812962963    2.836419753    0.3876224754   
336      I1         1.996502058    1.003497942    4.273662551    0.1693004115   0.3346502058   0.1203703704   2.664951989    0.4477835493   
337      I1         0.8655006859   1.129423868    4.397119342    0.1733333333   0.2257613169   1.17962963     2.754115226    0.3877095265   
338      I1         0.3034979424   2.696502058    4.495884774    0.1894650206   0.3346502058   8.187037037    2.664951989    0.5219521149   
339      I1         0.8631687243   2.136831276    4.495884774    0.2271056241   0.2297942387   1.17962963     2.527777778    0.3864581412   
340      I1         0.4224279835   2.136831276    4.498628258    0.2257613169   0.2297942387   0.1203703704   2.62037037     0.4311808162   
341      I1         0.6742798354   2.507613169    4.498628258    0.2136625514   0.3346502058   0.2018518519   2.568930041    0.4415134334   
342      I1         0.6742798354   2.136831276    4.498628258    0.2257613169   0.2297942387   3.37962963     2.568930041    0.3920434746   
343      I1         0.4853909465   2.325720165    4.498628258    0.181399177    0.3023868313   2.27962963     2.383744856    0.4195211051   
344      I1         0.8631687243   2.136831276    4.498628258    0.2983539095   0.1047736626   0.1203703704   2.538065844    0.3941526328   
345      I1         0.6742798354   2.136831276    4.498628258    0.2257613169   0.116872428    0.812962963    2.383744856    0.3946973023   
346      I1         0.6742798354   2.136831276    4.498628258    0.2136625514   0.181399177    1.17962963     2.517489712    0.4051363841   
347      I1         1.996502058    2.698834019    4.495884774    0.0846090535   0.7581069959   3.37962963     3.494855967    0.819060774    
348      I1         1.998834019    2.696502058    3.170781893    0.2136625514   0.9879835391   3.37962963     3.494855967    0.8789689789   
349      I1         1.436831276    2.698834019    4.495884774    0.1410699588   0.6653497942   9.898148148    3.052469136    0.6408264212   
350      I1         1.996502058    2.698834019    4.495884774    0.01201646091  0.6653497942   0.1203703704   2.6718107      0.5761653232   
351      I1         1.996502058    2.696502058    4.495884774    0.1854320988   0.664005487    0.1203703704   2.79526749     0.5563319869   
352      I1         1.436831276    2.698834019    3.944444444    0.1047736626   0.6653497942   0.1203703704   2.692386831    0.6015657628   
353      I1         1.996502058    2.696502058    3.615226337    0.01067215364  0.6653497942   8.92037037     2.692386831    0.604064935    
354      I1         1.996502058    2.698834019    3.170781893    0.3346502058   0.6653497942   9.97962963     3.494855967    0.7504993283   
355      I1         1.996502058    2.696502058    3.170781893    0.01067215364  0.9879835391   6.72037037     2.939300412    0.8384842063   
356      I1         1.996502058    2.696502058    4.495884774    0.335994513    0.9879835391   0.1203703704   3.494855967    0.9111559579   
357      I1         1.996502058    2.698834019    4.495884774    0.08864197531  0.9879835391   0.1203703704   2.856995885    0.8246847422   
358      I1         1.996502058    2.698834019    3.730452675    0.2257613169   0.6653497942   8.92037037     2.949588477    0.5846123203   
359      I1         1.177983539    1.752057613    4.479423868    0.2983539095   0.116872428    3.406790123    2.476337449    0.3515454677   
360      I1         1.996502058    2.698834019    3.83744856     0.3346502058   0.6653497942   0.1203703704   3.103909465    0.5993791948   
361      I1         1.436831276    2.698834019    4.495884774    0.2217283951   0.6653497942   0.4462962963   3.227366255    0.5791305246   
362      I1         0.4853909465   1.675102881    4.498628258    0.2257613169   0.137037037    0.1611111111   2.383744856    0.4025930207   
363      I1         0.8631687243   1.752057613    4.495884774    0.2271056241   0.116872428    3.42037037     2.352880658    0.3650933379   
364      I1         1.434499314    1.227366255    4.495884774    0.2217283951   0.2418930041   1.22037037     2.640946502    0.386425115    
365      I1         1.996502058    2.698834019    4.495884774    0.2781893004   0.01201646091  3.37962963     2.270576132    0.3451459961   
366      I1         1.996502058    2.136831276    4.495884774    0.01067215364  0.6653497942   0.1203703704   3.031893004    0.6852442911   
367      I1         1.996502058    2.698834019    4.495884774    0.2741563786   0.6653497942   5.987037037    3.494855967    0.6869676052   
368      I1         1.996502058    2.698834019    4.495884774    0.2620576132   0.9879835391   6.67962963     3.062757202    0.8603060017   
369      I1         0.6742798354   2.698834019    2.504115226    0.01201646091  0.9879835391   1.17962963     2.62037037     0.8573282552   
370      I1         0.3034979424   2.698834019    3.16255144     0.1249382716   0.733909465    0.1203703704   2.116255144    0.8262388659   
371      I1         1.998834019    2.136831276    4.495884774    0.1934979424   0.6653497942   0.1203703704   3.319958848    0.6819919165   
372      I1         0.3384773663   2.696502058    4.495884774    0.01067215364  0.8145679012   3.37962963     2.91872428     0.7900391366   
373      I1         0.8701646091   2.698834019    4.495884774    0.1451028807   0.883127572    0.1203703704   2.6718107      0.5693799893   
374      I1         0.8701646091   2.698834019    4.495884774    0.08057613169  0.6653497942   1.17962963     3.494855967    0.7010029507   
375      I1         1.814609053    2.698834019    4.495884774    0.3346502058   0.04427983539  3.298148148    2.37345679     0.3222748788   
376      I1         1.814609053    2.698834019    4.495884774    0.3346502058   0.1249382716   3.053703704    2.383744856    0.3281629989   
377      I1         1.814609053    2.696502058    4.495884774    0.335994513    0.04427983539  1.17962963     2.291152263    0.3277061008   
378      I1         1.998834019    2.696502058    4.495884774    0.1773662551   0.01201646091  3.37962963     2.188271605    0.3690078004   
379      I1         0.933127572    2.698834019    3.985596708    0.116872428    0.9879835391   0.1203703704   3.062757202    0.8791463979   
380      I1         1.996502058    2.698834019    2.504115226    0.2096296296   0.9879835391   9.97962963     2.764403292    0.8714829121   
381      I1         1.031069959    2.696502058    2.504115226    0.01067215364  0.6653497942   9.97962963     2.568930041    0.8139519252   
382      I1         1.240946502    2.698834019    2.504115226    0.2136625514   0.6653497942   9.97962963     2.568930041    0.9035048581   
383      I1         0.6742798354   2.698834019    4.495884774    0.01201646091  0.6976131687   0.1203703704   2.229423868    0.6514214711   
384      I1         1.996502058    2.696502058    3.170781893    0.01067215364  0.6653497942   9.97962963     3.494855967    0.9252593142   
385      I1         1.436831276    2.696502058    3.606995885    0.1773662551   0.664005487    9.97962963     3.494855967    0.6534231363   
386      I1         1.61872428     2.696502058    3.170781893    0.335994513    0.9879835391   9.97962963     3.494855967    0.9272439029   
387      I1         1.436831276    2.698834019    3.829218107    0.01201646091  0.9879835391   9.97962963     2.6718107      0.8332002406   
388      I1         1.998834019    2.136831276    3.829218107    0.09267489712  0.6653497942   9.97962963     3.217078189    0.6754354978   
389      I1         1.436831276    2.696502058    4.051440329    0.01067215364  0.6653497942   5.57962963     2.949588477    0.7686721561   
390      I1         1.996502058    2.696502058    2.504115226    0.335994513    0.713744856    0.1203703704   3.494855967    0.8822538372   
391      I1         1.436831276    2.698834019    2.504115226    0.181399177    0.9879835391   0.1203703704   2.6718107      0.8952560259   
392      I1         0.3034979424   2.696502058    4.498628258    0.1531687243   0.7016460905   0.1203703704   2.383744856    0.522741083    
393      I1         1.61872428     2.698834019    4.051440329    0.1289711934   0.7742386831   6.67962963     2.6718107      0.5382928276   
394      I1         1.998834019    2.696502058    3.83744856     0.1330041152   0.6653497942   0.1203703704   3.073045267    0.6932628843   
395      I1         1.436831276    2.696502058    4.495884774    0.1572016461   0.9879835391   6.67962963     3.498285322    0.8792222125   
396      I1         1.996502058    2.696502058    4.495884774    0.09267489712  0.6653497942   6.67962963     2.668381344    0.5210289328   
397      I1         1.436831276    2.136831276    4.495884774    0.0846090535   0.6653497942   6.67962963     3.498285322    0.6299628338   
398      I1         1.998834019    2.136831276    4.495884774    0.1209053498   0.6653497942   3.42037037     2.6718107      0.4653389158   
399      I1         1.555761317    2.136831276    4.498628258    0.09267489712  0.6653497942   0.1203703704   2.6718107      0.5205519299   
400      I1         1.436831276    2.698834019    4.495884774    0.266090535    0.6653497942   4.47962963     2.764403292    0.4636039277   
%eval_id interface log__t_efold_shallow log__t_efold_soil log__t_efold_karst f_exfiltration_shallow f_exfiltration_soil PDD_melt_factor log__H0_pdm_shallow neg_kge        
401      I1         1.814609053    2.698834019    4.495884774    0.3346502058   0.04427983539  3.298148148    2.37345679     0.3222748788   
402      I1         1.984609053    2.698834019    4.495884774    0.3346502058   0.04427983539  3.298148148    2.37345679     0.3327453105   
403      I1         1.814609053    2.698834019    4.495884774    0.4326502058   0.04427983539  3.298148148    2.37345679     0.3331038906   
404      I1         1.814609053    2.698834019    4.495884774    0.3346502058   0.1422798354   3.298148148    2.37345679     0.3296181545   
405      I1         1.814609053    2.698834019    4.495884774    0.3346502058   0.04427983539  4.288148148    2.37345679     0.3265092577   
406      I1         1.814609053    2.698834019    4.495884774    0.3346502058   0.04427983539  3.298148148    2.62345679     0.4142497585   
407      I1         1.644609053    2.698834019    4.495884774    0.3346502058   0.04427983539  3.298148148    2.37345679     0.3223350522   
408      I1         1.814609053    2.528834019    4.495884774    0.3346502058   0.04427983539  3.298148148    2.37345679     0.3220772721   
409      I1         1.814609053    2.698834019    4.295884774    0.3346502058   0.04427983539  3.298148148    2.37345679     0.3208210742   
410      I1         1.814609053    2.698834019    4.495884774    0.2366502058   0.04427983539  3.298148148    2.37345679     0.3507219723   
411      I1         1.814609053    2.698834019    4.495884774    0.3346502058   0.04427983539  2.308148148    2.37345679     0.3192066494   
412      I1         1.814609053    2.698834019    4.495884774    0.3346502058   0.04427983539  3.298148148    2.12345679     0.403357128    
413      I1         1.899609053    2.698834019    4.495884774    0.3346502058   0.04427983539  3.298148148    2.37345679     0.3256649149   
414      I1         1.814609053    2.698834019    4.495884774    0.3836502058   0.04427983539  3.298148148    2.37345679     0.3210798059   
415      I1         1.814609053    2.698834019    4.495884774    0.3346502058   0.09327983539  3.298148148    2.37345679     0.3253739452   
416      I1         1.814609053    2.698834019    4.495884774    0.3346502058   0.04427983539  3.793148148    2.37345679     0.3243045063   
417      I1         1.814609053    2.698834019    4.495884774    0.3346502058   0.04427983539  3.298148148    2.49845679     0.3591435258   
418      I1         1.729609053    2.698834019    4.495884774    0.3346502058   0.04427983539  3.298148148    2.37345679     0.3216304505   
419      I1         1.814609053    2.613834019    4.495884774    0.3346502058   0.04427983539  3.298148148    2.37345679     0.3222039973   
420      I1         1.814609053    2.698834019    4.395884774    0.3346502058   0.04427983539  3.298148148    2.37345679     0.3254113071   
421      I1         1.814609053    2.698834019    4.495884774    0.2856502058   0.04427983539  3.298148148    2.37345679     0.3332636296   
422      I1         1.814609053    2.698834019    4.495884774    0.3346502058   0.04427983539  2.803148148    2.37345679     0.3204191096   
423      I1         1.814609053    2.698834019    4.495884774    0.3346502058   0.04427983539  3.298148148    2.24845679     0.3299138027   
424      I1         1.857109053    2.698834019    4.495884774    0.3346502058   0.04427983539  3.298148148    2.37345679     0.3235303518   
425      I1         1.814609053    2.698834019    4.495884774    0.3591502058   0.04427983539  3.298148148    2.37345679     0.3202292285   
426      I1         1.814609053    2.698834019    4.495884774    0.3346502058   0.06877983539  3.298148148    2.37345679     0.3236887171   
427      I1         1.814609053    2.698834019    4.495884774    0.3346502058   0.04427983539  3.545648148    2.37345679     0.3231954333   
428      I1         1.814609053    2.698834019    4.495884774    0.3346502058   0.04427983539  3.298148148    2.43595679     0.3369284705   
429      I1         1.772109053    2.698834019    4.495884774    0.3346502058   0.04427983539  3.298148148    2.37345679     0.3216987319   
430      I1         1.814609053    2.656334019    4.495884774    0.3346502058   0.04427983539  3.298148148    2.37345679     0.32224756     
431      I1         1.814609053    2.698834019    4.445884774    0.3346502058   0.04427983539  3.298148148    2.37345679     0.3117533372   
432      I1         1.814609053    2.698834019    4.495884774    0.3101502058   0.04427983539  3.298148148    2.37345679     0.3267684132   
433      I1         1.814609053    2.698834019    4.495884774    0.3346502058   0.01977983539  3.298148148    2.37345679     0.3211178919   
434      I1         1.814609053    2.698834019    4.495884774    0.3346502058   0.04427983539  3.050648148    2.37345679     0.32128011     
435      I1         1.814609053    2.698834019    4.495884774    0.3346502058   0.04427983539  3.298148148    2.31095679     0.3188145591   
436      I1         1.857109053    2.698834019    4.445884774    0.3346502058   0.04427983539  3.298148148    2.37345679     0.3121887026   
437      I1         1.814609053    2.698834019    4.445884774    0.3591502058   0.04427983539  3.298148148    2.37345679     0.3069439449   
438      I1         1.814609053    2.698834019    4.445884774    0.3346502058   0.06877983539  3.298148148    2.37345679     0.3123929384   
439      I1         1.814609053    2.698834019    4.445884774    0.3346502058   0.04427983539  3.545648148    2.37345679     0.3127714663   
440      I1         1.814609053    2.698834019    4.445884774    0.3346502058   0.04427983539  3.298148148    2.43595679     0.3307482435   
441      I1         1.772109053    2.698834019    4.445884774    0.3346502058   0.04427983539  3.298148148    2.37345679     0.3118888381   
442      I1         1.814609053    2.656334019    4.445884774    0.3346502058   0.04427983539  3.298148148    2.37345679     0.3116850419   
443      I1         1.814609053    2.698834019    4.445884774    0.3101502058   0.04427983539  3.298148148    2.37345679     0.3186863329   
444      I1         1.814609053    2.698834019    4.445884774    0.3346502058   0.01977983539  3.298148148    2.37345679     0.3113763849   
445      I1         1.814609053    2.698834019    4.445884774    0.3346502058   0.04427983539  3.050648148    2.37345679     0.3106223559   
446      I1         1.814609053    2.698834019    4.445884774    0.3346502058   0.04427983539  3.298148148    2.31095679     0.303019097    
447      I1         1.857109053    2.698834019    4.445884774    0.3346502058   0.04427983539  3.298148148    2.31095679     0.3061428331   
448      I1         1.814609053    2.698834019    4.445884774    0.3591502058   0.04427983539  3.298148148    2.31095679     0.3028062475   
449      I1         1.814609053    2.698834019    4.445884774    0.3346502058   0.06877983539  3.298148148    2.31095679     0.3049143808   
450      I1         1.814609053    2.698834019    4.445884774    0.3346502058   0.04427983539  3.545648148    2.31095679     0.3039838924   
451      I1         1.772109053    2.698834019    4.445884774    0.3346502058   0.04427983539  3.298148148    2.31095679     0.3008566144   
452      I1         1.814609053    2.656334019    4.445884774    0.3346502058   0.04427983539  3.298148148    2.31095679     0.3030387012   
453      I1         1.814609053    2.698834019    4.395884774    0.3346502058   0.04427983539  3.298148148    2.31095679     0.3235656492   
454      I1         1.814609053    2.698834019    4.445884774    0.3101502058   0.04427983539  3.298148148    2.31095679     0.3058047073   
455      I1         1.814609053    2.698834019    4.445884774    0.3346502058   0.01977983539  3.298148148    2.31095679     0.3014433434   
456      I1         1.814609053    2.698834019    4.445884774    0.3346502058   0.04427983539  3.050648148    2.31095679     0.3020613654   
457      I1         1.814609053    2.698834019    4.445884774    0.3346502058   0.04427983539  3.298148148    2.24845679     0.3083554366   
458      I1         1.772109053    2.698834019    4.495884774    0.3346502058   0.04427983539  3.298148148    2.31095679     0.3157692751   
459      I1         1.772109053    2.698834019    4.445884774    0.3591502058   0.04427983539  3.298148148    2.31095679     0.2997563349   
460      I1         1.772109053    2.698834019    4.445884774    0.3346502058   0.06877983539  3.298148148    2.31095679     0.3024713081   
461      I1         1.772109053    2.698834019    4.445884774    0.3346502058   0.04427983539  3.545648148    2.31095679     0.301809222    
462      I1         1.729609053    2.698834019    4.445884774    0.3346502058   0.04427983539  3.298148148    2.31095679     0.2993480686   
463      I1         1.772109053    2.656334019    4.445884774    0.3346502058   0.04427983539  3.298148148    2.31095679     0.3008513388   
464      I1         1.772109053    2.698834019    4.395884774    0.3346502058   0.04427983539  3.298148148    2.31095679     0.3202527533   
465      I1         1.772109053    2.698834019    4.445884774    0.3101502058   0.04427983539  3.298148148    2.31095679     0.3047031648   
466      I1         1.772109053    2.698834019    4.445884774    0.3346502058   0.01977983539  3.298148148    2.31095679     0.2995552655   
467      I1         1.772109053    2.698834019    4.445884774    0.3346502058   0.04427983539  3.050648148    2.31095679     0.299878958    
468      I1         1.772109053    2.698834019    4.445884774    0.3346502058   0.04427983539  3.298148148    2.24845679     0.3027853899   
469      I1         1.729609053    2.698834019    4.495884774    0.3346502058   0.04427983539  3.298148148    2.31095679     0.3135116589   
470      I1         1.729609053    2.698834019    4.445884774    0.3591502058   0.04427983539  3.298148148    2.31095679     0.297419011    
471      I1         1.729609053    2.698834019    4.445884774    0.3346502058   0.06877983539  3.298148148    2.31095679     0.3007187554   
472      I1         1.729609053    2.698834019    4.445884774    0.3346502058   0.04427983539  3.545648148    2.31095679     0.3002928039   
473      I1         1.729609053    2.698834019    4.445884774    0.3346502058   0.04427983539  3.298148148    2.37345679     0.3124020375   
474      I1         1.687109053    2.698834019    4.445884774    0.3346502058   0.04427983539  3.298148148    2.31095679     0.298591069    
475      I1         1.729609053    2.656334019    4.445884774    0.3346502058   0.04427983539  3.298148148    2.31095679     0.2993207228   
476      I1         1.729609053    2.698834019    4.395884774    0.3346502058   0.04427983539  3.298148148    2.31095679     0.3177722124   
477      I1         1.729609053    2.698834019    4.445884774    0.3101502058   0.04427983539  3.298148148    2.31095679     0.3042214398   
478      I1         1.729609053    2.698834019    4.445884774    0.3346502058   0.01977983539  3.298148148    2.31095679     0.2982849613   
479      I1         1.729609053    2.698834019    4.445884774    0.3346502058   0.04427983539  3.050648148    2.31095679     0.2983529399   
480      I1         1.729609053    2.698834019    4.445884774    0.3346502058   0.04427983539  3.298148148    2.24845679     0.298454618    
481      I1         1.729609053    2.698834019    4.445884774    0.4081502058   0.04427983539  3.298148148    2.31095679     0.304466037    
482      I1         1.729609053    2.698834019    4.445884774    0.3591502058   0.09327983539  3.298148148    2.31095679     0.3021640823   
483      I1         1.729609053    2.698834019    4.445884774    0.3591502058   0.04427983539  3.793148148    2.31095679     0.2992892832   
484      I1         1.729609053    2.698834019    4.445884774    0.3591502058   0.04427983539  3.298148148    2.43595679     0.3231204963   
485      I1         1.644609053    2.698834019    4.445884774    0.3591502058   0.04427983539  3.298148148    2.31095679     0.2951643485   
486      I1         1.729609053    2.613834019    4.445884774    0.3591502058   0.04427983539  3.298148148    2.31095679     0.2974711236   
487      I1         1.729609053    2.698834019    4.345884774    0.3591502058   0.04427983539  3.298148148    2.31095679     0.2924707886   
488      I1         1.729609053    2.698834019    4.445884774    0.3101502058   0.04427983539  3.298148148    2.31095679     0.3042214398   
489      I1         1.729609053    2.698834019    4.445884774    0.3591502058   0.04427983539  2.803148148    2.31095679     0.2958956095   
490      I1         1.729609053    2.698834019    4.445884774    0.3591502058   0.04427983539  3.298148148    2.18595679     0.3218689535   
491      I1         1.814609053    2.698834019    4.345884774    0.3591502058   0.04427983539  3.298148148    2.31095679     0.2974745871   
492      I1         1.729609053    2.698834019    4.345884774    0.4081502058   0.04427983539  3.298148148    2.31095679     0.2975220439   
493      I1         1.729609053    2.698834019    4.345884774    0.3591502058   0.09327983539  3.298148148    2.31095679     0.2967288507   
494      I1         1.729609053    2.698834019    4.345884774    0.3591502058   0.04427983539  3.793148148    2.31095679     0.2944276484   
495      I1         1.729609053    2.698834019    4.345884774    0.3591502058   0.04427983539  3.298148148    2.43595679     0.3209190886   
496      I1         1.644609053    2.698834019    4.345884774    0.3591502058   0.04427983539  3.298148148    2.31095679     0.2904311448   
497      I1         1.729609053    2.613834019    4.345884774    0.3591502058   0.04427983539  3.298148148    2.31095679     0.2925720907   
498      I1         1.729609053    2.698834019    4.245884774    0.3591502058   0.04427983539  3.298148148    2.31095679     0.3413187545   
499      I1         1.729609053    2.698834019    4.345884774    0.3101502058   0.04427983539  3.298148148    2.31095679     0.3011038131   
500      I1         1.729609053    2.698834019    4.345884774    0.3591502058   0.04427983539  2.803148148    2.31095679     0.2908343676   
501      I1         1.729609053    2.698834019    4.345884774    0.3591502058   0.04427983539  3.298148148    2.18595679     0.3138422794   
502      I1         1.772109053    2.698834019    4.345884774    0.3591502058   0.04427983539  3.298148148    2.31095679     0.2946347501   
503      I1         1.729609053    2.698834019    4.395884774    0.3591502058   0.04427983539  3.298148148    2.31095679     0.320113315    
504      I1         1.729609053    2.698834019    4.345884774    0.3836502058   0.04427983539  3.298148148    2.31095679     0.2930229721   
505      I1         1.729609053    2.698834019    4.345884774    0.3591502058   0.06877983539  3.298148148    2.31095679     0.2944236063   
506      I1         1.729609053    2.698834019    4.345884774    0.3591502058   0.04427983539  3.545648148    2.31095679     0.2933438113   
507      I1         1.729609053    2.698834019    4.345884774    0.3591502058   0.04427983539  3.298148148    2.37345679     0.3023130344   
508      I1         1.687109053    2.698834019    4.345884774    0.3591502058   0.04427983539  3.298148148    2.31095679     0.2911110002   
509      I1         1.729609053    2.656334019    4.345884774    0.3591502058   0.04427983539  3.298148148    2.31095679     0.2925348438   
510      I1         1.729609053    2.698834019    4.295884774    0.3591502058   0.04427983539  3.298148148    2.31095679     0.3135043465   
511      I1         1.729609053    2.698834019    4.345884774    0.3346502058   0.04427983539  3.298148148    2.31095679     0.2953582116   
512      I1         1.729609053    2.698834019    4.345884774    0.3591502058   0.01977983539  3.298148148    2.31095679     0.2908548912   
513      I1         1.729609053    2.698834019    4.345884774    0.3591502058   0.04427983539  3.050648148    2.31095679     0.2915797363   
514      I1         1.729609053    2.698834019    4.345884774    0.3591502058   0.04427983539  3.298148148    2.24845679     0.295292408    
515      I1         1.772109053    2.698834019    4.345884774    0.3591502058   0.01977983539  3.298148148    2.31095679     0.2928099889   
516      I1         1.729609053    2.698834019    4.395884774    0.3591502058   0.01977983539  3.298148148    2.31095679     0.3172656792   
517      I1         1.729609053    2.698834019    4.345884774    0.3836502058   0.01977983539  3.298148148    2.31095679     0.2905180821   
518      I1         1.729609053    2.698834019    4.345884774    0.3591502058   0.01977983539  3.545648148    2.31095679     0.2917642155   
519      I1         1.729609053    2.698834019    4.345884774    0.3591502058   0.01977983539  3.298148148    2.37345679     0.3018888028   
520      I1         1.687109053    2.698834019    4.345884774    0.3591502058   0.01977983539  3.298148148    2.31095679     0.2896624391   
521      I1         1.729609053    2.656334019    4.345884774    0.3591502058   0.01977983539  3.298148148    2.31095679     0.2909830981   
522      I1         1.729609053    2.698834019    4.295884774    0.3591502058   0.01977983539  3.298148148    2.31095679     0.3108184905   
523      I1         1.729609053    2.698834019    4.345884774    0.3346502058   0.01977983539  3.298148148    2.31095679     0.2945624145   
524      I1         1.729609053    2.698834019    4.345884774    0.3591502058   0.01977983539  3.050648148    2.31095679     0.2899160985   
525      I1         1.729609053    2.698834019    4.345884774    0.3591502058   0.01977983539  3.298148148    2.24845679     0.2923373479   
526      I1         1.687109053    2.698834019    4.395884774    0.3591502058   0.01977983539  3.298148148    2.31095679     0.3153635562   
527      I1         1.687109053    2.698834019    4.345884774    0.3836502058   0.01977983539  3.298148148    2.31095679     0.288797644    
528      I1         1.687109053    2.698834019    4.345884774    0.3591502058   0.01977983539  3.545648148    2.31095679     0.2905620564   
529      I1         1.687109053    2.698834019    4.345884774    0.3591502058   0.01977983539  3.298148148    2.37345679     0.3019703733   
530      I1         1.644609053    2.698834019    4.345884774    0.3591502058   0.01977983539  3.298148148    2.31095679     0.2891059391   
531      I1         1.687109053    2.656334019    4.345884774    0.3591502058   0.01977983539  3.298148148    2.31095679     0.2897765159   
532      I1         1.687109053    2.698834019    4.295884774    0.3591502058   0.01977983539  3.298148148    2.31095679     0.3090464103   
533      I1         1.687109053    2.698834019    4.345884774    0.3346502058   0.01977983539  3.298148148    2.31095679     0.2941813928   
534      I1         1.687109053    2.698834019    4.345884774    0.3591502058   0.01977983539  3.050648148    2.31095679     0.2887092491   
535      I1         1.687109053    2.698834019    4.345884774    0.3591502058   0.01977983539  3.298148148    2.24845679     0.288910875    
536      I1         1.687109053    2.698834019    4.395884774    0.3591502058   0.01977983539  3.050648148    2.31095679     0.3147173843   
537      I1         1.687109053    2.698834019    4.345884774    0.3836502058   0.01977983539  3.050648148    2.31095679     0.2880266109   
538      I1         1.687109053    2.698834019    4.345884774    0.3591502058   0.04427983539  3.050648148    2.31095679     0.2902068854   
539      I1         1.687109053    2.698834019    4.345884774    0.3591502058   0.01977983539  3.050648148    2.37345679     0.3008400453   
540      I1         1.644609053    2.698834019    4.345884774    0.3591502058   0.01977983539  3.050648148    2.31095679     0.2881348145   
541      I1         1.687109053    2.656334019    4.345884774    0.3591502058   0.01977983539  3.050648148    2.31095679     0.2888274649   
542      I1         1.687109053    2.698834019    4.295884774    0.3591502058   0.01977983539  3.050648148    2.31095679     0.3083426368   
543      I1         1.687109053    2.698834019    4.345884774    0.3346502058   0.01977983539  3.050648148    2.31095679     0.2930685085   
544      I1         1.687109053    2.698834019    4.345884774    0.3591502058   0.01977983539  2.803148148    2.31095679     0.2878706584   
545      I1         1.687109053    2.698834019    4.345884774    0.3591502058   0.01977983539  3.050648148    2.24845679     0.2882413701   
546      I1         1.729609053    2.698834019    4.345884774    0.3591502058   0.01977983539  2.803148148    2.31095679     0.2891195958   
547      I1         1.687109053    2.698834019    4.395884774    0.3591502058   0.01977983539  2.803148148    2.31095679     0.3142004683   
548      I1         1.687109053    2.698834019    4.345884774    0.3836502058   0.01977983539  2.803148148    2.31095679     0.2873779979   
549      I1         1.687109053    2.698834019    4.345884774    0.3591502058   0.04427983539  2.803148148    2.31095679     0.2894216587   
550      I1         1.687109053    2.698834019    4.345884774    0.3591502058   0.01977983539  2.803148148    2.37345679     0.2997646158   
551      I1         1.644609053    2.698834019    4.345884774    0.3591502058   0.01977983539  2.803148148    2.31095679     0.2872593689   
552      I1         1.687109053    2.656334019    4.345884774    0.3591502058   0.01977983539  2.803148148    2.31095679     0.2879933904   
553      I1         1.687109053    2.698834019    4.295884774    0.3591502058   0.01977983539  2.803148148    2.31095679     0.3077667884   
554      I1         1.687109053    2.698834019    4.345884774    0.3346502058   0.01977983539  2.803148148    2.31095679     0.2920644749   
555      I1         1.687109053    2.698834019    4.345884774    0.3591502058   0.01977983539  2.555648148    2.31095679     0.2872418866   
556      I1         1.687109053    2.698834019    4.345884774    0.3591502058   0.01977983539  2.803148148    2.24845679     0.2877687599   
557      I1         1.772109053    2.698834019    4.345884774    0.3591502058   0.01977983539  2.555648148    2.31095679     0.2905683656   
558      I1         1.687109053    2.698834019    4.445884774    0.3591502058   0.01977983539  2.555648148    2.31095679     0.2919888555   
559      I1         1.687109053    2.698834019    4.345884774    0.4081502058   0.01977983539  2.555648148    2.31095679     0.2910406252   
560      I1         1.687109053    2.698834019    4.345884774    0.3591502058   0.06877983539  2.555648148    2.31095679     0.2908096732   
561      I1         1.687109053    2.698834019    4.345884774    0.3591502058   0.01977983539  2.555648148    2.43595679     0.3184878831   
562      I1         1.602109053    2.698834019    4.345884774    0.3591502058   0.01977983539  2.555648148    2.31095679     0.2862441107   
563      I1         1.687109053    2.613834019    4.345884774    0.3591502058   0.01977983539  2.555648148    2.31095679     0.2874732344   
564      I1         1.687109053    2.698834019    4.245884774    0.3591502058   0.01977983539  2.555648148    2.31095679     0.334766084    
565      I1         1.687109053    2.698834019    4.345884774    0.3101502058   0.01977983539  2.555648148    2.31095679     0.2982609536   
566      I1         1.687109053    2.698834019    4.345884774    0.3591502058   0.01977983539  2.060648148    2.31095679     0.287250111    
567      I1         1.687109053    2.698834019    4.345884774    0.3591502058   0.01977983539  2.555648148    2.18595679     0.3031657386   
568      I1         1.729609053    2.698834019    4.345884774    0.3591502058   0.01977983539  2.555648148    2.31095679     0.2885347135   
569      I1         1.687109053    2.698834019    4.395884774    0.3591502058   0.01977983539  2.555648148    2.31095679     0.3139506333   
570      I1         1.687109053    2.698834019    4.345884774    0.3836502058   0.01977983539  2.555648148    2.31095679     0.2869833525   
571      I1         1.687109053    2.698834019    4.345884774    0.3591502058   0.04427983539  2.555648148    2.31095679     0.2888563212   
572      I1         1.687109053    2.698834019    4.345884774    0.3591502058   0.01977983539  2.555648148    2.37345679     0.2988296694   
573      I1         1.644609053    2.698834019    4.345884774    0.3591502058   0.01977983539  2.555648148    2.31095679     0.2865901118   
574      I1         1.687109053    2.656334019    4.345884774    0.3591502058   0.01977983539  2.555648148    2.31095679     0.2873699935   
575      I1         1.687109053    2.698834019    4.295884774    0.3591502058   0.01977983539  2.555648148    2.31095679     0.3074483855   
576      I1         1.687109053    2.698834019    4.345884774    0.3346502058   0.01977983539  2.555648148    2.31095679     0.2912290665   
577      I1         1.687109053    2.698834019    4.345884774    0.3591502058   0.01977983539  2.308148148    2.31095679     0.2868653271   
578      I1         1.687109053    2.698834019    4.345884774    0.3591502058   0.01977983539  2.555648148    2.24845679     0.2875745519   
579      I1         1.644609053    2.698834019    4.395884774    0.3591502058   0.01977983539  2.555648148    2.31095679     0.3128872849   
580      I1         1.644609053    2.698834019    4.345884774    0.3836502058   0.01977983539  2.555648148    2.31095679     0.2860070842   
581      I1         1.644609053    2.698834019    4.345884774    0.3591502058   0.04427983539  2.555648148    2.31095679     0.2880863834   
582      I1         1.644609053    2.698834019    4.345884774    0.3591502058   0.01977983539  2.555648148    2.37345679     0.298998075    
583      I1         1.644609053    2.656334019    4.345884774    0.3591502058   0.01977983539  2.555648148    2.31095679     0.2867082538   
584      I1         1.644609053    2.698834019    4.295884774    0.3591502058   0.01977983539  2.555648148    2.31095679     0.3064671648   
585      I1         1.644609053    2.698834019    4.345884774    0.3346502058   0.01977983539  2.555648148    2.31095679     0.2912386507   
586      I1         1.644609053    2.698834019    4.345884774    0.3591502058   0.01977983539  2.308148148    2.31095679     0.2861474556   
587      I1         1.644609053    2.698834019    4.345884774    0.3591502058   0.01977983539  2.555648148    2.24845679     0.2850419755   
588      I1         1.644609053    2.698834019    4.395884774    0.3591502058   0.01977983539  2.555648148    2.24845679     0.3200962988   
589      I1         1.644609053    2.698834019    4.345884774    0.3836502058   0.01977983539  2.555648148    2.24845679     0.2903136217   
590      I1         1.644609053    2.698834019    4.345884774    0.3591502058   0.04427983539  2.555648148    2.24845679     0.2878346049   
591      I1         1.644609053    2.698834019    4.345884774    0.3591502058   0.01977983539  2.803148148    2.24845679     0.2852777558   
592      I1         1.602109053    2.698834019    4.345884774    0.3591502058   0.01977983539  2.555648148    2.24845679     0.2833448447   
593      I1         1.644609053    2.656334019    4.345884774    0.3591502058   0.01977983539  2.555648148    2.24845679     0.2852698064   
594      I1         1.644609053    2.698834019    4.295884774    0.3591502058   0.01977983539  2.555648148    2.24845679     0.312164906    
595      I1         1.644609053    2.698834019    4.345884774    0.3346502058   0.01977983539  2.555648148    2.24845679     0.2841081059   
596      I1         1.644609053    2.698834019    4.345884774    0.3591502058   0.01977983539  2.308148148    2.24845679     0.2852486363   
597      I1         1.644609053    2.698834019    4.345884774    0.3591502058   0.01977983539  2.555648148    2.18595679     0.298038186    
598      I1         1.602109053    2.698834019    4.395884774    0.3591502058   0.01977983539  2.555648148    2.24845679     0.3180605595   
599      I1         1.602109053    2.698834019    4.345884774    0.3836502058   0.01977983539  2.555648148    2.24845679     0.2885790324   
600      I1         1.602109053    2.698834019    4.345884774    0.3591502058   0.04427983539  2.555648148    2.24845679     0.286017469    
601      I1         1.602109053    2.698834019    4.345884774    0.3591502058   0.01977983539  2.803148148    2.24845679     0.2836287439   
602      I1         1.559609053    2.698834019    4.345884774    0.3591502058   0.01977983539  2.555648148    2.24845679     0.2825374534   
603      I1         1.602109053    2.656334019    4.345884774    0.3591502058   0.01977983539  2.555648148    2.24845679     0.2835624793   
604      I1         1.602109053    2.698834019    4.295884774    0.3591502058   0.01977983539  2.555648148    2.24845679     0.3102010341   
605      I1         1.602109053    2.698834019    4.345884774    0.3346502058   0.01977983539  2.555648148    2.24845679     0.2828409424   
606      I1         1.602109053    2.698834019    4.345884774    0.3591502058   0.01977983539  2.308148148    2.24845679     0.2834755387   
607      I1         1.602109053    2.698834019    4.345884774    0.3591502058   0.01977983539  2.555648148    2.18595679     0.2941227023   
