%eval_id interface log__t_efold_shallow log__t_efold_soil f_exfiltration_shallow PDD_melt_factor log__H0_pdm_shallow log__H0_pdm_soil f_tile_shallow log__tau_tile  neg_kge        
1        I1         1.031569625    1.972364014    0.7043578125   0.8260366477   1.259666949    1.216473773    0.5100379283   0.7543774215   2.199741911    
2        I1         1.738002296    2.153882841    0.5522626128   7.501175422    2.809632667    1.908422685    0.0224053819   0.08949510916  1.428307079    
3        I1         1.583172998    1.327864414    0.1464908311   4.880365191    1.201612547    2.068530848    0.05257411354  0.1569010966   2.206627666    
4        I1         1.973053607    1.712391478    0.3959173938   3.272163128    1.099904066    2.285477243    0.09396793719  1.142612793    2.301258875    
5        I1         1.177159204    1.702042258    0.2668311274   2.60429237     2.07809845     2.057109656    0.8675486127   0.808318813    1.810791833    
6        I1         1.389904313    2.030189091    0.03702500014  6.668392936    1.498037827    2.258630573    0.632998671    0.3620237796   1.970127497    
7        I1         1.446335508    1.919140271    0.3355167219   3.725422793    3.313795598    1.093790459    0.1210158326   0.3821677228   1.648280798    
8        I1         0.9481382881   1.975972814    0.2035802409   7.373662739    2.093863026    3.278132195    0.8626567436   0.4075602521   1.996201238    
9        I1         1.459552999    1.899072277    0.6190188693   3.782430276    3.462008224    1.01886818     0.9062026501   0.6735804354   1.708243052    
10       I1         0.3237088733   2.081967787    0.4518221431   3.673327095    2.133473607    2.403248305    0.6950025766   0.1658344942   2.314974306    
11       I1         1.160758497    1.914040856    0.2826624194   3.858926126    1.071079148    2.992503001    0.8840363274   0.1472528473   2.304674477    
12       I1         1.901462023    1.887784017    0.651422557    2.158628529    2.000992086    1.942351572    0.4966478444   0.5524471734   1.67722658     
13       I1         1.081726666    1.084743497    0.3318330314   8.524852709    2.171681009    2.384179944    0.9617313476   0.4877162281   1.967188047    
14       I1         1.64120002     2.241502952    0.7147995907   5.846640824    2.406040775    1.271998067    0.6426808734   0.7472472408   1.6162557      
15       I1         1.359382799    1.149679854    0.5888620509   3.026589051    2.636519966    2.210613739    0.5288503214   0.5787116802   1.799284032    
16       I1         1.775966423    2.623360368    0.1926842945   5.085836127    1.414761457    3.231156781    0.6262909637   1.039654224    1.950311672    
17       I1         0.6363943388   1.374843451    0.8647982802   4.300063791    1.667654315    1.786842528    0.6644814072   0.8939449242   2.217918373    
18       I1         1.712625696    2.262234132    0.5309114694   8.978371301    1.322212992    3.119360838    0.9708961863   0.7943267911   2.096243051    
19       I1         0.6996487793   1.469167139    0.6701648046   9.508499215    1.944380043    3.372828716    0.09986443879  0.3768034882   2.123289243    
20       I1         0.5212860984   2.339796042    0.9040988944   0.269919655    2.264316737    3.357554766    0.5932693231   0.4951241691   2.35323507     
21       I1         1.527668383    1.254938783    0.08409511252  8.731854044    2.394185757    1.6965122      0.473212606    0.7643862235   1.657772813    
22       I1         1.012847891    1.901955297    0.4874378318   6.624434712    2.989464185    2.531593332    0.5745967987   0.952695914    1.743262663    
23       I1         1.531535246    1.042055073    0.3707704154   5.89654224     1.861005307    2.255551175    0.1979762575   0.1522969327   1.859974177    
24       I1         1.404016156    2.29651723     0.5722285074   5.630395924    1.913170479    1.172720968    0.8590150648   0.927831124    1.772943442    
25       I1         1.771193562    2.382780579    0.2621772818   9.105357257    1.772698782    3.108396524    0.1133523829   0.6471697213   1.641336099    
26       I1         1.365941496    2.016681234    0.3780277471   2.916113654    3.099438063    3.030207859    0.3525477626   0.01709040211  1.563374477    
27       I1         1.244751552    2.470183567    0.6084472201   5.011605948    3.389490057    2.718126595    0.5836862605   0.4096294606   1.749711107    
28       I1         1.832347989    1.618783662    0.9571056477   3.366227821    1.238420689    1.660445048    0.2474461079   0.05655564175  2.239828417    
29       I1         1.420646476    1.840114       0.5854480101   9.581427455    3.060915399    1.523163423    0.5448600008   0.2826321485   1.729486331    
30       I1         1.005887567    1.1350667      0.2380694158   5.219617476    1.303382478    1.899394989    0.9494316193   0.8794902099   2.007487444    
31       I1         1.062583374    2.037781874    0.3102496721   7.071226522    1.75145315     2.907216949    0.6830065531   0.4725452076   1.946316198    
32       I1         0.5369019975   2.056057473    0.2976878525   1.296819446    1.608363807    1.354054919    0.5571615168   0.9087887626   1.96576399     
33       I1         0.7482488826   2.432352504    0.7163051823   3.740235331    1.352014837    2.611958091    0.5152456765   0.3183100019   2.294425533    
34       I1         0.551983061    1.005001595    0.2183917883   4.629631173    2.536189101    1.826290703    0.7111373169   0.5697821667   2.092212691    
35       I1         0.6021373378   1.57146601     0.4627937077   0.860902123    3.409753172    2.826241533    0.2722535168   0.6201383015   1.966181844    
36       I1         0.5625116465   2.024418459    0.6663352558   2.073629794    1.250377748    2.334766198    0.09110517457  0.6656587161   2.285191556    
37       I1         1.79550917     2.444789642    0.1987421265   7.335185488    2.486688177    1.820196833    0.2937226296   0.2274615743   1.339192866    
38       I1         1.51752088     2.572289077    0.6151645374   6.543546026    2.344634375    1.308852356    0.9031805523   1.087629542    1.5918053      
39       I1         0.8239859326   2.180520308    0.9061313741   9.762333124    2.917941484    3.346446586    0.3768996141   0.7081515238   2.129600327    
40       I1         0.4360475337   2.27527896     0.5998100814   8.573507468    2.874956493    2.351457599    0.3850804307   0.3406225426   2.18691886     
41       I1         1.395449208    1.290716929    0.3676463919   2.004962762    2.709732812    2.039853133    0.5041743667   0.001932573416 1.778554955    
42       I1         1.141522265    1.930591487    0.1557264435   4.135522521    1.554041627    2.118657673    0.2545959846   1.062053173    1.740484632    
43       I1         1.361125029    2.035421557    0.09879715739  3.100769735    3.191303062    2.016803995    0.05730141372  0.2086553874   1.448752379    
44       I1         1.326528753    2.559012186    0.1879873966   1.619183891    3.2927213      2.795572217    0.9271167516   1.052402059    1.619364429    
45       I1         0.9080263691   2.007974284    0.2759104603   3.121569704    2.187171299    3.340151184    0.8751866938   0.9411202003   1.824631008    
46       I1         1.892783879    1.607062876    0.2134344194   6.239655006    2.064704255    2.100538919    0.5206718212   0.6916181112   1.605254588    
47       I1         1.381827444    2.309147292    0.8322045175   1.769414299    1.758632794    2.359777072    0.8034734106   0.1790005848   2.002916767    
48       I1         1.444278275    1.090187553    0.405330441    6.530355773    3.152439904    1.399783494    0.2191563351   0.7342106665   1.725683505    
49       I1         1.953548078    2.594591468    0.5129094329   2.389648818    1.676479829    2.393548079    0.9130358091   0.3953925173   1.910869134    
50       I1         0.4057035626   1.248939516    0.8200926539   0.7145979613   2.086854759    2.474656937    0.2520583967   0.09885230211  2.380090046    
51       I1         0.9657950803   1.213851171    0.7411603891   4.540892924    1.869697547    2.644270715    0.2232514741   0.5829521422   2.073819454    
52       I1         1.221021649    1.855932989    0.1339379517   1.35251921     3.276464541    2.850397985    0.8106425646   0.2681668693   1.823460017    
53       I1         1.205255055    2.186006007    0.1203424319   4.573291518    3.327675458    1.709292105    0.403103901    0.5031808905   1.592745363    
54       I1         1.628908169    2.306006852    0.01532336792  1.929713924    1.147569146    3.061859562    0.3914512991   0.8870516943   2.16192183     
55       I1         1.026046435    2.074017228    0.7712621563   7.906744585    2.574071343    2.9828641      0.008316845682 1.044309246    1.889901733    
56       I1         0.8313026433   2.493927199    0.3886177276   7.017982584    2.152339422    2.769016856    0.04018209392  1.108453612    1.510040055    
57       I1         1.488799289    2.318754595    0.2332132392   0.7974237599   3.197354727    2.137164775    0.7179293148   0.9988934977   1.46706142     
58       I1         0.6558687647   2.364682212    0.3645190706   0.6924157453   3.13509765     1.065220498    0.6844179941   0.7249530657   2.012270538    
59       I1         0.6881199015   1.637809805    0.7061470519   0.1129382584   1.003893925    1.533371441    0.3299761215   0.3480573461   2.431222878    
60       I1         1.915915018    2.381482366    0.6328426929   1.252806333    1.956814551    3.394876667    0.7684396891   1.115477059    1.625828648    
61       I1         1.216061424    2.204138346    0.53496363     7.860451058    2.74838412     3.30271083     0.4885774198   1.139523157    1.571189579    
62       I1         1.505239601    1.846727143    0.3915069734   3.56941665     1.088493048    1.639304337    0.9696121382   0.4978293438   2.239096159    
63       I1         0.5144262091   2.689725624    0.1282105867   9.671817098    3.175876488    3.249064024    0.1598601627   0.6316912415   1.201236219    
64       I1         1.88843912     1.47684756     0.3936567825   4.892884515    3.252204387    2.521353431    0.8556011395   0.1032428092   1.479858449    
65       I1         0.6158441461   2.6877406      0.7347131634   6.960006401    1.529614483    1.624007356    0.2373435114   1.074384568    2.15779053     
66       I1         0.39845222     2.673454282    0.3617229176   6.006115048    1.746690328    1.578143368    0.2162470252   1.098334988    1.910644939    
67       I1         1.324356168    2.282828503    0.3239003841   9.197663091    2.526603353    1.456003723    0.9151812621   0.8112325215   1.728245713    
68       I1         1.112249205    2.232347639    0.6035682808   1.436661897    3.000775693    1.773165367    0.7961981506   0.8151009519   1.836446657    
69       I1         0.7856290043   2.095049203    0.2530511585   1.41121099     3.035608735    1.860175355    0.8731915733   0.7294686949   1.955244228    
70       I1         1.13489634     1.201716412    0.8757972593   1.542269166    1.940662996    2.315332661    0.03594497058  0.4382883876   2.055504466    
71       I1         0.4552595495   2.664262274    0.9323433641   6.009977074    3.43548336     1.124794664    0.3227273747   0.6525028386   2.382587715    
72       I1         1.622287052    1.794869922    0.8542644272   7.465140334    3.376384291    1.55070573     0.3587355923   0.6231919967   1.634247776    
73       I1         1.937686949    1.684763754    0.2920256757   8.048874626    1.537205327    1.8498631      0.9286200094   0.8690610394   1.955406034    
74       I1         1.618362611    1.222511354    0.1177187429   3.057794173    3.404878084    1.373173293    0.5977098513   0.803533422    1.586330296    
75       I1         1.406987481    1.328667274    0.9706041785   5.943912963    2.072164906    1.300081528    0.7146773441   0.2668336901   1.897868102    
76       I1         1.921550885    2.462764673    0.8975694465   5.163356792    1.693852907    3.268273834    0.1748757341   0.6612307447   1.902943617    
77       I1         1.931563387    2.61158016     0.5696627217   1.070356368    2.026400103    2.704581079    0.3623206264   0.7496117721   1.589695232    
78       I1         1.024984263    1.772829532    0.8386562516   9.217650397    3.104595831    2.026853472    0.3553941512   0.05924358238  2.001181843    
79       I1         0.8789505393   2.103964652    0.1690601992   5.673879639    1.185849929    2.347511496    0.7591549674   0.9350830879   2.000304282    
80       I1         1.764753117    1.754827795    0.5079141114   4.385849245    2.940634513    2.226356705    0.6354475262   0.9392677294   1.467161961    
81       I1         0.9059262998   1.950323918    0.7685437061   5.530253552    3.050593053    2.969509951    0.4353072299   0.5207580646   2.011021734    
82       I1         1.740831827    2.499003633    0.9486400733   3.653321701    1.418313228    2.877430693    0.08817885968  0.3043064599   2.125245224    
83       I1         0.3351591749   1.705854979    0.4791978633   3.330466053    2.205922223    1.009685799    0.751726272    1.024496961    1.953069133    
84       I1         0.6677877611   2.436423644    0.7784345942   0.3626207292   2.689011606    2.248603822    0.6544183971   0.4039067691   2.22788295     
85       I1         0.4240566145   1.605384842    0.5821217126   5.407307661    1.507124563    3.196857252    0.3799250517   0.04164376929  2.307813565    
86       I1         1.962053355    2.653075503    0.1518104971   6.922597836    2.329722501    1.502376425    0.852646154    0.06112825527  1.505961642    
87       I1         1.182398971    1.661443372    0.06935178189  9.402470267    2.558247824    2.807266208    0.04396764025  0.9449607006   1.583002515    
88       I1         0.7957480231   1.173806576    0.241758991    1.287616446    3.419538922    1.795783724    0.4570532154   1.135944184    1.772753096    
89       I1         0.5702487049   1.675837711    0.9640046122   8.178379648    2.642199533    2.738250213    0.3439802247   0.7755442187   2.334604533    
90       I1         1.162721522    1.475532227    0.4982970698   2.030509392    3.126281054    2.165628535    0.02576082315  0.3924642168   1.797498744    
91       I1         1.040563043    1.81166574     0.518568485    4.944730647    1.163049099    1.644935024    0.8015694007   0.9602852415   2.087527453    
92       I1         0.600299416    2.171886984    0.7479797478   8.669905264    2.118460741    3.291601411    0.8430462114   0.6001391857   2.211150599    
93       I1         0.6401521459   2.480325566    0.8066091071   4.125893078    2.834014717    1.887447651    0.3685515466   0.5106885048   2.195820538    
94       I1         1.645442561    1.386281804    0.9848929533   0.3794033731   1.60310236     2.65000888     0.7005043404   0.5581043726   2.072672121    
95       I1         1.107474017    1.563813263    0.8812576073   3.167342921    1.723235656    2.306868066    0.7536671348   1.005830845    2.009377404    
96       I1         1.670202853    2.50296565     0.7293746783   5.43170614     3.085206026    1.526044741    0.478153723    0.2905460483   1.546110194    
97       I1         0.4304851418   2.668874854    0.7513061837   7.737792291    1.284197725    2.789664983    0.9344764664   0.06527182886  2.516361083    
98       I1         1.126024947    2.564005466    0.959576483    8.695301592    1.358549377    2.168480847    0.01824309839  0.1159035256   2.229973742    
99       I1         0.6098356177   2.455724537    0.200390285    0.9118954856   2.451256275    2.433045789    0.03866641231  0.4648521995   1.45467846     
100      I1         1.690483718    1.522818988    0.4907157296   9.262183006    2.722218755    1.242407627    0.4075444177   0.5482937493   1.592009148    
101      I1         1.266159008    1.535255594    0.3424440375   7.720914576    2.974863686    1.127873253    0.1349602501   0.6539848985   1.762883031    
102      I1         1.578140663    1.783104062    0.5206531373   8.476879288    2.774119057    2.669205999    0.1878807088   0.04833624333  1.580858862    
103      I1         0.4737196634   1.740200609    0.9117041212   6.886137169    2.59115451     3.441305614    0.6187177823   0.236187466    2.402087697    
104      I1         1.382954783    1.029610094    0.07309836296  2.973687367    1.221372547    1.805474831    0.4536451544   0.03687373296  2.202112264    
105      I1         0.8352697815   2.215010462    0.6295473542   3.947583228    2.468669037    2.937496502    0.9785153132   0.8377508725   1.972143172    
106      I1         0.9621420747   2.538197415    0.4264992985   3.615506423    1.58042406     2.423415954    0.770209977    0.2396413355   2.138828234    
107      I1         1.225710618    1.963526746    0.5488706548   9.994476062    2.522986541    3.160166449    0.9429068399   0.4453050999   1.889712388    
108      I1         0.4976089969   1.987294004    0.8431180264   0.7461396      1.977510326    2.593209632    0.8244118615   0.657742423    2.293299316    
109      I1         1.422242053    1.259956569    0.5148475791   2.119467852    2.928542875    1.732290222    0.2406494707   0.1923903262   1.757442385    
110      I1         1.72488636     1.576814556    0.4302310682   9.452573645    2.115564427    3.385972172    0.6927688511   0.6426235076   1.6614021      
111      I1         1.564016217    2.129963821    0.8843081683   5.332589335    2.545055544    2.909771012    0.421848854    0.3322937471   1.696896667    
112      I1         0.7113794074   1.850722746    0.1048459823   3.870790833    3.349541171    1.469040431    0.9505069241   0.1125645013   2.192174689    
113      I1         1.600285292    1.995419009    0.6759921798   3.367361355    3.319114535    1.982619568    0.8121385815   0.6868493745   1.612118586    
114      I1         0.3830346702   1.116056146    0.9286045323   7.85114876     3.108573553    1.718908564    0.6480871479   0.4745297387   2.446285493    
115      I1         0.9445149779   1.299671974    0.03416342229  1.104796521    3.338747583    2.932238079    0.9817961746   0.6062371651   1.988046006    
116      I1         1.701964074    1.303784423    0.1263474312   9.290806578    3.452431817    3.184682814    0.2028162538   0.4245115025   1.588424499    
117      I1         1.230764125    1.643923416    0.7832098883   0.6072840908   3.367288764    2.782544735    0.832416014    0.8527858923   1.849660873    
118      I1         0.3177406747   1.717746796    0.358488549    0.3991321436   2.861131824    1.085434055    0.78062088     0.7720319335   2.086652922    
119      I1         1.665250111    2.013724513    0.420406943    1.36328288     3.262617504    2.84541578     0.155482231    0.9124723754   1.366502813    
120      I1         0.4792202012   2.51442489     0.784607915    7.577552967    1.065689614    1.607548938    0.7363004901   1.030292122    2.259472335    
121      I1         0.408544849    1.96163696     0.01914181588  0.9593261186   2.677141229    2.271010171    0.3397630774   1.009938167    1.561806974    
122      I1         0.4175703839   1.382261558    0.9473977662   9.810060082    2.966218213    2.601034812    0.7851107467   1.017494081    2.332929326    
123      I1         1.269443469    1.457724002    0.04564759294  7.759167438    1.803966125    1.735840912    0.9662797944   0.9717382062   1.759947728    
124      I1         1.098367723    2.680127378    0.2089578086   1.879921363    1.193691687    2.208152425    0.9460426438   0.5737625005   2.177037749    
125      I1         0.9931211435   2.600075591    0.7444982186   4.609512709    2.776986422    3.138666972    0.7874374617   0.844151152    1.916249031    
126      I1         0.9821751427   1.588301778    0.3211122996   2.368790368    2.358244509    2.564674075    0.7947656241   0.4403843347   1.973010661    
127      I1         1.990996676    1.41831238     0.9180832957   5.694942135    2.283823583    1.777121873    0.7058503967   0.6289255849   1.571671071    
128      I1         1.682335925    1.823230549    0.2884011027   0.2471027414   2.789223225    1.98981565     0.5668643893   0.85658017     1.502151897    
129      I1         1.82491466     1.591783969    0.6766322016   9.154519875    1.836978516    2.237251094    0.07220603373  1.073071604    1.785843683    
130      I1         1.518732135    1.629118409    0.02875644145  8.618729449    1.404538636    3.38032232     0.5617123991   0.757067373    1.985479465    
131      I1         0.973829551    1.550618968    0.4146187188   8.262434052    2.732005404    2.409770791    0.08110785867  0.09393787058  1.826222405    
132      I1         1.708819711    1.239487442    0.758768983    7.290965054    1.621652019    1.264952158    0.900368119    0.08419586935  1.998447725    
133      I1         0.4433185135   1.43332527     0.07914671067  8.435953095    1.047151721    3.497498606    0.6391231362   0.3392845022   2.264279844    
134      I1         1.200518864    2.35817213     0.05864020858  8.582183393    1.00861831     1.704818658    0.2605814882   0.4694735106   2.248064548    
135      I1         1.841418893    2.333158098    0.7543288554   2.891925863    3.429298578    1.855205236    0.4985406513   0.5676099422   1.428198177    
136      I1         1.722002096    2.161198875    0.5534769359   1.462707619    1.777746471    2.82087851     0.9596085061   0.7141930233   1.838132372    
137      I1         1.751218561    2.555003389    0.1592680332   4.073278636    2.465852426    2.187249558    0.01473416261  0.1750763358   1.07641438     
138      I1         1.868473146    1.952210491    0.892462806    2.553458432    2.797769219    2.436281265    0.0006420105479 0.1259699134   1.49073647     
139      I1         1.589566797    1.423331016    0.6953625928   6.74857966     2.274839424    1.403165046    0.2843358081   1.020346778    1.66521603     
140      I1         1.948251375    1.880140909    0.9675446237   5.805738367    1.11211014     1.443845274    0.644603584    0.7150295781   2.31632322     
141      I1         1.542088596    2.201317947    0.2433909221   1.697965596    2.277838007    3.069867232    0.6270140229   0.4184348644   1.573605542    
142      I1         0.3131261282   1.231727704    0.346439444    6.301441424    1.845566438    1.937538618    0.3006278515   0.2499427105   2.201409885    
143      I1         1.979905971    1.806078942    0.06177781765  7.319118968    2.175461232    3.421358655    0.2659480399   0.6104665378   1.50148062     
144      I1         1.310439953    1.487285369    0.1361219754   4.190495188    2.65008772     2.715943468    0.2781309203   1.122237321    1.562520432    
145      I1         1.608771412    2.226407977    0.4236479843   6.071087486    1.293505062    1.194748698    0.7357202349   0.5074778767   2.146332572    
146      I1         1.340856682    1.236657754    0.9795937024   4.830118738    3.143089772    1.498341353    0.5506152754   0.3361346913   1.862674651    
147      I1         1.998319731    1.816862121    0.5415854781   1.584028923    2.306169751    2.5162011      0.1882880721   1.104069196    1.448793205    
148      I1         0.8535962471   1.780657403    0.09433955728  0.5863888467   2.758841334    1.873429153    0.2118478863   1.130593979    1.575883806    
149      I1         0.7603459946   1.51774427     0.1609239027   0.9466208609   1.381958552    2.663861864    0.7314819645   0.3156234651   2.195552024    
150      I1         0.7805910733   2.324481988    0.7211783123   0.5442024497   1.654667201    1.364689278    0.5587072794   0.5923328016   2.188477527    
151      I1         0.787877155    1.072841677    0.1937842831   1.81257532     2.146468633    2.458859648    0.2918809988   0.4536070192   2.023240468    
152      I1         0.5570628343   1.034365161    0.05017522815  5.034623237    3.072333524    2.155522355    0.1105408158   0.1611332727   2.046026453    
153      I1         0.9154537974   1.31261729     0.4092313068   5.302236487    2.83230492     3.451300071    0.07650528686  1.047700971    1.826981786    
154      I1         0.8066862593   2.327072205    0.988718817    2.7769461      1.491200356    1.279814684    0.662632227    0.4794326596   2.32079217     
155      I1         1.479476688    1.394356037    0.3553098455   4.404323695    3.224587603    2.557298903    0.4826779219   0.5909257092   1.679022717    
156      I1         1.144801891    2.635292786    0.246853168    8.13697614     1.051082731    2.750042672    0.8845956791   0.2895296872   2.291301666    
157      I1         1.151278613    1.614103081    0.8883672173   9.473516053    1.04091464     1.326682616    0.7225410865   0.3071229124   2.344566674    
158      I1         0.719191177    1.749257324    0.3792242899   9.409478913    3.445103885    1.548410723    0.4869352629   0.585057382    1.957092485    
159      I1         1.574434238    2.590534515    0.2583550677   7.989055411    1.136100637    2.047343214    0.6042885954   0.898962391    2.15077851     
160      I1         0.3107108767   1.124789684    0.7967770558   1.840146175    1.830520305    1.808751275    0.194245022    0.2732291485   2.41881631     
161      I1         1.428226823    1.648557062    0.226241653    8.284955499    1.27487813     1.113931002    0.1255816926   0.7402397688   2.131259311    
162      I1         0.3902345162   2.530528148    0.3290888779   2.507284945    1.739699897    1.237521101    0.8211326627   0.996796613    1.921226072    
163      I1         0.9241843732   2.607205399    0.4743634524   3.407560487    1.686690934    2.682725988    0.01048838538  0.3888925899   1.798654285    
164      I1         0.5744913194   2.644110444    0.1093445691   4.197736747    1.928845776    1.220901266    0.140321429    0.5320137505   2.0400104      
165      I1         0.5303073602   2.000874494    0.3828402982   6.414013601    2.613664428    1.13336776     0.07323541388  0.9924620615   2.024621471    
166      I1         1.507471669    1.40414358     0.9271647848   9.124406446    1.796412673    1.46499879     0.2281559853   1.012386376    1.922546071    
167      I1         0.6609580598   2.372407311    0.7635570378   2.852261451    2.844325473    1.477217221    0.1982212631   0.7331631901   2.12913038     
168      I1         0.9537959759   2.165513297    0.4957952261   6.382399742    3.395829612    1.075082031    0.6689851436   0.1829732988   2.000240699    
169      I1         1.811396034    1.051939886    0.2965311055   4.678081359    1.232927153    2.493736558    0.4311233017   0.4295911451   2.211977158    
170      I1         1.674256652    1.545416253    0.9440529674   4.73291236     2.25796207     1.758940072    0.3494752546   1.092943246    1.686219034    
171      I1         0.7357388406   2.133923259    0.415143026    5.596082035    2.297200661    2.890261119    0.8278554303   0.1412122454   2.164952034    
172      I1         1.254082153    1.686736869    0.3154184469   8.936535391    2.42140412     2.478705676    0.5066281206   1.032764807    1.622382614    
173      I1         1.80468192     1.181177565    0.09140988043  2.249918897    1.708535756    3.079349576    0.7438563747   0.04327774358  1.909175734    
174      I1         0.6729906473   1.442057733    0.3028261628   6.083045783    1.638446769    3.057368475    0.6592928065   0.004649429026 2.208565865    
175      I1         0.866175135    2.353332986    0.8099838296   9.894516746    1.509882863    1.229929665    0.6165501647   0.108510361    2.258311997    
176      I1         0.3052678245   2.578719527    0.3040124925   6.360435239    2.89194969     3.29787669     0.4237330284   0.0795569201   2.010866452    
177      I1         1.101323509    1.511267464    0.4468695913   1.144788363    1.37185977     3.172487166    0.4482537276   0.7015949808   2.089325384    
178      I1         1.870099175    2.637878489    0.3182065859   2.756046349    2.232400154    1.920692786    0.3997885374   0.7030031297   1.396592318    
179      I1         1.452181115    2.477854227    0.1838472716   9.03470731     1.571553906    2.814085776    0.8806951897   0.02769421387  2.021383544    
180      I1         0.4689079693   1.767639995    0.8990153957   1.014452211    2.444050761    2.749427564    0.2435784505   0.295680958    2.36016117     
181      I1         1.301021493    1.322749343    0.7657031035   5.197905472    1.598984007    1.566564386    0.9197033532   0.8743494011   1.976662573    
182      I1         0.3540151082   2.288418569    0.6889745238   5.127866693    1.446415472    1.285702522    0.9097535428   0.07120276843  2.51032832     
183      I1         1.860860465    1.693992783    0.7011329494   0.3255666208   2.218038965    2.443164437    0.298146081    0.355771208    1.622471014    
184      I1         1.467821931    1.105283673    0.9375802072   4.265448546    1.994259935    2.569583398    0.05329286614  0.8306725358   1.883874112    
185      I1         1.69721588     1.368306792    0.2710913452   0.1769113734   1.565704583    3.331372495    0.9335135322   0.8180409507   1.969051214    
186      I1         0.872472806    2.447268904    0.3106671615   7.118624855    1.389989486    1.755211102    0.2479143521   0.4131893488   2.05181676     
187      I1         0.8114660747   2.660330014    0.2298275059   6.769619037    3.30677377     1.207651318    0.6236288789   0.6975913183   1.889871852    
188      I1         1.492923017    2.694562258    0.5948640231   2.531383436    2.708222162    3.153738255    0.5727592225   0.08028203928  1.596639632    
189      I1         0.937441218    2.25008588     0.0410973      1.043329762    2.437729066    3.260987386    0.8884187903   0.3450410111   2.003102435    
190      I1         0.7724829562   1.623563135    0.9090711576   8.075067109    3.353508289    3.359236438    0.4146612965   0.6767503125   2.160162602    
191      I1         1.557081237    1.875005895    0.641496781    4.483330246    3.169636811    1.057019633    0.1810138079   0.4826038713   1.634520983    
192      I1         1.347496987    1.146068176    0.791639623    6.836530614    1.63169216     1.953640982    0.1461082361   0.1000660313   2.037662341    
193      I1         1.052531105    1.448917371    0.8615087911   6.12550125     1.901236105    1.595200843    0.4687662433   0.2590201957   2.080877636    
194      I1         1.969316018    1.425525521    0.8265532606   0.4668629691   1.150951853    1.177613408    0.8502599735   0.4212038372   2.328858531    
195      I1         1.335763744    1.338449556    0.7373419219   4.43687179     2.413884859    1.969800131    0.0616729231   0.2434295302   1.828837       
196      I1         0.6218146609   2.112643846    0.5243620839   8.749204652    2.30967844     3.142454257    0.1823785429   0.2303287567   1.938530521    
197      I1         0.519434217    1.022174469    0.4704067544   9.336760321    2.667210267    1.147650535    0.5441788138   0.5133985613   2.186642572    
198      I1         1.908649771    1.542045094    0.375585762    5.820875969    3.495797662    1.691413487    0.1765607429   0.8468276858   1.396304198    
199      I1         1.015064302    2.044425839    0.6623060668   9.796473107    1.431307669    2.317739876    0.5680407144   0.3252494759   2.170723194    
200      I1         0.869678216    2.407301197    0.05466877521  2.233874507    3.163750544    1.585425561    0.5876640937   0.9305769802   1.676209782    
201      I1         1.748286095    1.597078326    0.2580693034   2.109461332    1.971929697    2.07703745     0.3891796991   0.1288649135   1.701731581    
202      I1         1.373481817    2.267059179    0.5685544666   5.722193126    3.268934483    1.104932293    0.2095224883   0.3099234852   1.702645773    
203      I1         1.614376697    2.106105563    0.9609391812   2.279544782    2.500565311    2.941746627    0.234162283    1.081587168    1.683925747    
204      I1         1.850647614    1.276145037    0.2846092456   5.279880397    2.579102672    1.999499686    0.9215999705   0.8602157365   1.472588734    
205      I1         1.836356129    1.90839714     0.816280494    2.630568476    2.736792525    3.472981122    0.7410901964   0.7616137581   1.51102088     
206      I1         0.3443498047   2.066444463    0.8113882099   2.422169915    3.080371819    2.758596575    0.8359817354   0.2044016429   2.445782815    
207      I1         1.171461564    1.720055247    0.833652634    1.734279805    1.850548838    2.544603018    0.6967756071   0.6147807282   2.02410814     
208      I1         1.131380639    1.408394001    0.7259872373   4.031690719    1.480940627    1.486165826    0.04763510628  0.7986154325   2.11648315     
209      I1         0.7999073836   1.206270639    0.9217858182   7.818359784    1.325545665    2.578893995    0.8930590474   0.9807983972   2.244608779    
210      I1         0.6741398318   1.162088808    0.1409515811   3.237467964    2.011992585    2.27846355     0.1027578298   0.3632054227   1.987310306    
211      I1         0.5783994492   1.138117183    0.6976976822   0.1386105809   1.472590742    1.962446952    0.1080226271   0.8846129545   2.294654867    
212      I1         1.434442838    1.283147972    0.8022584965   7.93993325     1.456786115    1.377234047    0.3427017662   0.6382504083   2.090931382    
213      I1         0.728718011    2.148702014    0.8577942566   2.701212951    2.193889339    1.297126529    0.4189389087   0.7798247849   2.152733003    
214      I1         0.8192857502   1.340093733    0.4607081312   3.987217094    1.171425871    2.683573539    0.3092133204   1.133848346    2.055064775    
215      I1         1.815934321    1.461686529    0.8684441726   3.472139862    2.388953899    3.237500522    0.8178413011   0.22240087     1.605701587    
216      I1         0.7074897604   2.049813049    0.4040675495   6.485592167    1.280921583    2.369849505    0.3749630508   0.1535750495   2.20469812     
217      I1         0.7675012623   1.400965242    0.5365189733   7.675855246    3.241772057    1.32162283     0.6526594803   1.058517671    1.85083449     
218      I1         0.6296351808   2.208117891    0.1741324481   6.586008373    2.493332816    2.837364539    0.4492310913   0.2840524356   1.804442175    
219      I1         0.7196277594   1.169199313    0.1775178019   2.715494276    1.524696469    2.097788927    0.1696608922   0.9152398062   1.978901949    
220      I1         1.876269462    1.937680794    0.9517507719   3.895980756    2.750343006    1.676075845    0.6012000018   1.002411537    1.503552345    
221      I1         1.559430362    2.543200157    0.101792923    4.001165434    3.030429801    1.340341792    0.2637747941   0.6710028079   1.446782938    
222      I1         1.783188645    2.06095185     0.437946816    1.21687323     2.371240352    1.035640991    0.4599587665   0.6898060609   1.54165046     
223      I1         1.911398778    1.285348205    0.6392585031   6.713391891    1.397757512    1.630355143    0.1293797931   1.03847651     2.113518738    
224      I1         1.659968719    1.371707752    0.8467527811   0.7804949908   1.343599194    3.099998855    0.8396826048   0.7206735433   2.172578663    
225      I1         0.5094663364   2.120810807    0.2512428279   8.398762718    1.824274491    2.961726208    0.4262450319   0.9823594352   1.717866997    
226      I1         0.8884118105   2.37031698     0.4721197333   7.173850679    2.382037405    1.002404765    0.1623065568   0.1889990121   2.006012399    
227      I1         1.498235502    1.763486224    0.6257311488   8.788631933    1.884912074    2.860009472    0.5276730735   0.988347988    1.750387589    
228      I1         0.4921449078   1.010688332    0.526658302    5.056203602    1.897301616    3.316565406    0.9549749471   1.080513407    1.923737555    
229      I1         1.117992494    2.488531847    0.7229155004   1.167673099    2.9118966      2.14416203     0.6771352275   0.0195502156   1.938918835    
230      I1         0.3677524232   1.189323103    0.680704075    1.66206463     1.591183241    2.534236983    0.611196205    0.4007284813   2.361114223    
231      I1         1.250014581    2.529878567    0.2218144169   1.601523929    2.021685602    1.836264382    0.1382369853   0.1990573714   1.588987406    
232      I1         1.069000019    1.926213285    0.1820892142   6.314711872    1.246293575    2.112189851    0.3983675827   1.066076243    1.943995377    
233      I1         0.8480205554   2.298393316    0.2724680051   4.698557647    2.562013987    1.386771124    0.7488273294   0.2463615425   2.031623478    
234      I1         1.987353195    2.391765973    0.09540675286  4.798964461    3.046993742    2.698928974    0.5519691694   0.05238508293  1.101484566    
235      I1         1.474533859    2.273852932    0.3506061447   3.453847976    3.486869295    3.462016717    0.4095110361   0.3687337164   1.444141134    
236      I1         1.092924469    2.347031718    0.4810012562   8.89132431     3.473081087    2.590814292    0.7786030862   0.4324894758   1.87667999     
237      I1         1.758476031    1.941346502    0.5647162795   7.437018435    1.875866964    3.220689933    0.3943855094   0.6368490476   1.732848687    
238      I1         0.8414926297   2.422904768    0.02402960909  2.444885035    1.728736932    2.989501024    0.1426257923   0.7431927274   1.340174075    
239      I1         1.315604476    2.522935073    0.1643526112   3.806226184    2.628419032    1.044304549    0.531658969    0.1445331158   1.732114338    
240      I1         1.257981942    1.197083982    0.4849303703   8.850027941    2.855610018    2.292996175    0.9749616096   0.1964205044   1.900591402    
241      I1         1.280854117    2.619524521    0.7887137476   2.317182403    1.701845824    1.614773387    0.005644833771 0.9553407937   1.987368544    
242      I1         0.5014862514   1.346035666    0.2229116651   9.904127015    1.12836244     3.256400786    0.5363401712   0.3232598022   2.262040968    
243      I1         1.881864559    1.090962769    0.6236486632   5.757132868    3.019101867    3.015307594    0.4449631475   0.527758124    1.493915722    
244      I1         0.9870801418   2.58541142     0.8745626012   9.665746649    2.90700152     2.640604376    0.9377606113   0.3720332829   2.076497038    
245      I1         0.7409346075   1.061946202    0.5941336885   2.652348399    2.954540297    3.034889227    0.8289820689   0.9508091185   1.941823157    
246      I1         1.799934239    2.091183159    0.6496377459   1.887791865    2.321672101    3.483677858    0.2822480052   0.3517238404   1.527668761    
247      I1         1.933004722    1.046458867    0.4556091307   8.344831779    2.514174748    3.104974797    0.7079119544   0.9232198579   1.461875139    
248      I1         0.5874682381   1.727952704    0.400512182    5.36997952     1.025927462    2.063218805    0.7642359972   0.5440688703   2.284326771    
249      I1         0.7461268417   1.109985789    0.545684043    8.244461875    3.290292393    2.457304315    0.5851056469   0.8775796463   1.961287696    
250      I1         0.5937185563   2.23575481     0.6842847913   8.963357097    1.65885405     1.743061089    0.2055629895   1.101254247    2.088289546    
251      I1         0.6501714999   1.502985028    0.8413093938   7.228198565    2.241693435    2.127024413    0.3053287237   0.3785727681   2.242842177    
252      I1         1.296228928    1.867335465    0.8520991582   2.838477804    3.209174965    2.182113222    0.8066744778   0.5555426253   1.850680941    
253      I1         1.464084269    1.865102614    0.6365670813   4.774681279    2.597092677    2.899758523    0.492229352    0.9686580463   1.61381365     
254      I1         1.857817526    2.175444903    0.6564252747   9.850765605    2.695654305    2.923556516    0.5126389488   0.4494856819   1.458037727    
255      I1         1.822802265    1.833095461    0.1717239359   5.448511551    2.616891224    1.255935866    0.3357403557   0.6159381196   1.472778685    
256      I1         1.3490471      1.654378836    0.2100086081   7.634728321    1.439867681    1.509676673    0.4387696222   0.8239329645   1.961341906    
257      I1         1.550696324    1.558553607    0.8905910108   4.233359989    1.918425672    1.440806051    0.9859979839   0.4571913814   1.872818506    
258      I1         0.8563423004   1.487467654    0.03187726387  9.711192326    1.105205127    1.152000134    0.1243046509   0.5993150423   2.184436826    
259      I1         0.8936899455   1.359935892    0.9397456248   0.5148381013   3.234140563    3.482180758    0.290253851    0.2761056383   2.15682343     
260      I1         1.415755904    2.126531714    0.6588747364   4.356625167    1.791038018    3.019116317    0.3648501743   0.03385045088  1.882404       
261      I1         0.5489412889   1.266991593    0.01987104104  7.554591966    1.177098855    3.088474218    0.06868621187  1.114239516    1.949741907    
262      I1         1.076181637    2.402522684    0.01096722084  1.507344602    2.666280962    2.016372594    0.2744773311   0.2207945812   1.478543314    
263      I1         1.212023774    1.186086906    0.04744972561  0.6298177523   3.205502032    2.500958712    0.5952850661   0.5634286489   1.851806746    
264      I1         1.288003539    1.120258727    0.3484845734   9.631140682    3.482214741    1.342966103    0.3243786352   0.170805742    1.844982803    
265      I1         1.636678545    1.310918435    0.1212022547   4.52138942     1.309136601    2.490322737    0.3305553262   0.01240202021  2.159594639    
266      I1         1.23714383     2.419043855    0.870526132    3.510554258    1.461980135    2.621982182    0.1672085246   0.01142651063  2.143734826    
267      I1         1.05919981     1.353113064    0.5030314117   7.425548685    1.814970212    1.651988969    0.08406352733  0.5375959397   1.971220752    
268      I1         0.5420655705   1.985846631    0.7768227551   0.4439024378   2.606159173    2.730573572    0.1545835523   0.4902279125   2.225209739    
269      I1         0.36004142     1.790683409    0.7106140872   8.093420141    3.227917831    3.21261949     0.5388735097   0.9199063923   2.129530771    
270      I1         1.651440729    1.527044211    0.5753347279   9.943839777    2.888279436    2.198625117    0.7564918103   1.126198355    1.502803167    
271      I1         0.4301140715   1.802122459    0.6692030079   3.234673667    1.962177663    2.380694179    0.5226823032   0.9652663122   2.078433923    
272      I1         0.3734655823   1.831704451    0.4643679895   0.2099850582   1.12205674     3.201627984    0.06349695606  0.5184768501   2.203945328    
273      I1         1.538629173    1.07842609     0.4488348579   6.992921713    2.162010487    2.000833981    0.5804430965   0.0747742236   1.779443991    
274      I1         0.6957140961   2.459660638    0.8293473716   7.597962029    1.078360011    1.185422704    0.8469234444   0.7713110219   2.330904834    
275      I1         0.3285586371   1.157178291    0.6141247422   5.911272733    1.3349751      1.424153713    0.6085568059   0.6829947327   2.286561119    
276      I1         1.683075573    2.397986451    0.148233208    8.21236354     2.427196573    3.442796682    0.1502280399   0.9763690697   1.07862592     
277      I1         0.9989670997   1.100195685    0.2787708775   2.96306762     3.36549056     1.570344644    0.9893686172   0.8482566151   1.870125474    
278      I1         1.730353726    1.219835666    0.4367642042   3.548803977    1.215000009    2.95007305     0.02682259293  0.8271597311   2.218757133    
279      I1         1.192182611    2.086270055    0.9203800255   7.956043475    3.123081186    3.131029971    0.8686583132   0.262246967    1.944411309    
280      I1         0.460359321    1.664203842    0.6064335867   6.461216928    2.998655887    1.880220613    0.3719136894   0.4587909786   2.170736108    
281      I1         0.3949104709   2.254104281    0.4326552684   6.151271188    1.649175722    1.432635447    0.4625996837   0.788279356    2.078564071    
282      I1         0.8971714963   2.547458364    0.5576689306   5.495130571    1.991294021    1.900442922    0.4681929464   0.1859227375   2.018674831    
283      I1         0.7579706501   1.732391951    0.06656576261  7.13699363     2.478401537    2.220942115    0.4396569113   0.02466385012  1.854504243    
284      I1         1.046500615    1.015258679    0.1129324671   6.222284026    2.241168634    1.162232145    0.03154267352  0.2146278331   1.968501958    
285      I1         0.6847636401   2.191445607    0.5050246263   8.830805189    2.334074611    3.04406897     0.727466662    0.2136675513   2.166024697    
286      I1         1.275950592    1.496423881    0.0765070186   6.17371461     2.3594838      1.414261144    0.6758429401   0.8916030592   1.696330388    
287      I1         1.592116285    2.512240563    0.06535929282  8.484580848    1.545737052    1.068080186    0.723147497    0.1366177915   1.996856748    
288      I1         0.4859222711   2.413440626    0.9822357883   4.979091153    2.212366261    3.007589901    0.2257833039   0.9037784801   2.415624685    
289      I1         0.9744128914   2.141465459    0.7574143314   1.96484778     2.129330124    3.413575765    0.1179941709   0.8363136033   1.942423338    
290      I1         0.9314794921   1.509549826    0.5611412147   9.558525774    2.818463437    1.674377424    0.7746658622   0.7845183267   1.92576418     
291      I1         0.4479365181   2.629135782    0.3373714494   9.357582849    3.013027381    3.429117365    0.09861295602  0.8665180241   1.502308661    
292      I1         1.784835303    1.063528064    0.7986998212   5.551266989    1.024440164    2.088557688    0.7890976511   0.1326752673   2.342457458    
293      I1         1.303370076    1.265502074    0.6901710945   7.206321713    2.879844988    3.175910472    0.4810084866   0.1205161547   1.856534503    
294      I1         1.085592975    1.437335597    0.8208800235   9.060572673    2.105967358    2.331073837    0.3168356043   1.092125545    1.915992678    
295      I1         1.186805977    1.580142564    0.4440244283   8.370694267    2.036095205    2.628347232    0.8973294786   0.5266631711   1.913482994    
296      I1         0.6263816946   2.221495105    0.6441586688   7.038546648    2.803990828    3.400229651    0.671718819    1.054765659    1.924578624    
297      I1         1.956310536    1.67081122     0.9751080515   6.810519594    2.056846089    1.930252322    0.2674781517   0.2558102345   1.692277795    
298      I1         0.9177023502   1.892177349    0.08736951318  3.171506859    2.046143113    1.025473209    0.3144497188   0.5398631918   1.918690724    
299      I1         0.3762842491   1.024249216    0.1381446722   2.197027371    2.944944003    3.323716671    0.6892957496   0.2989839802   2.219378448    
300      I1         0.3485504418   1.74754868     0.5808768799   6.644687215    2.978344882    2.872923374    0.3119946381   0.7957490353   2.076241147    
301      I1         1.989506173    2.696502058    0.01201646091  1.383333333    3.021604938    3.494855967    0.002037037037 1.138925926    0.8452914018   
302      I1         1.632716049    2.696502058    0.01201646091  6.761111111    2.774691358    3.494855967    0.002037037037 0.007074074074 0.8509649032   
303      I1         1.814609053    2.696502058    0.01604938272  6.72037037     2.682098765    3.484567901    0.006111111111 1.143641975    0.8554535365   
304      I1         1.996502058    2.696502058    0.04024691358  6.72037037     2.990740741    3.494855967    0.2627777778   1.138925926    0.8726812666   
305      I1         1.989506173    2.696502058    0.1007407407   0.1611111111   2.815843621    3.319958848    0.002037037037 0.2617407407   0.8654098573   
306      I1         1.996502058    2.696502058    0.04024691358  6.72037037     3.237654321    3.237654321    0.03055555556  1.143641975    0.8703782052   
307      I1         1.436831276    2.696502058    0.01201646091  1.138888889    2.682098765    3.494855967    0.006111111111 1.138925926    0.8485331826   
308      I1         1.989506173    2.696502058    0.01201646091  3.461111111    2.898148148    3.145061728    0.002037037037 1.143641975    0.8405469969   
309      I1         1.884567901    2.696502058    0.01201646091  3.583333333    2.949588477    3.361111111    0.002037037037 0.7710740741   0.8451155045   
310      I1         1.996502058    2.696502058    0.1249382716   6.761111111    2.959876543    3.484567901    0.002037037037 1.143641975    0.8591549928   
311      I1         1.996502058    2.696502058    0.9839506173   6.761111111    3.494855967    1.015432099    0.002037037037 1.138925926    1.367750099    
312      I1         1.611728395    2.696502058    0.01201646091  6.761111111    2.949588477    3.494855967    0.006111111111 1.138925926    0.858317272    
313      I1         1.996502058    2.507613169    0.01201646091  6.761111111    3.021604938    3.484567901    0.006111111111 1.143641975    0.9586310817   
314      I1         1.996502058    2.696502058    0.01604938272  6.761111111    3.494855967    2.990740741    0.3238888889   1.143641975    0.9195984863   
315      I1         1.737654321    2.696502058    0.05234567901  6.72037037     2.805555556    3.217078189    0.03055555556  1.143641975    0.855507776    
316      I1         1.996502058    2.696502058    0.3427160494   6.761111111    3.494855967    1.817901235    0.002037037037 1.138925926    1.02036513     
317      I1         1.996502058    2.696502058    0.01604938272  1.138888889    2.959876543    2.774691358    0.002037037037 0.002358024691 0.8650431126   
318      I1         1.996502058    2.696502058    0.1733333333   2.727777778    3.227366255    3.237654321    0.002037037037 0.007074074074 0.8744103686   
319      I1         1.996502058    2.696502058    0.669382716    7.861111111    3.494855967    3.484567901    0.002037037037 1.138925926    1.047549468    
320      I1         1.996502058    2.696502058    0.9839506173   9.694444444    3.494855967    2.62037037     0.002037037037 1.138925926    1.370466182    
321      I1         1.996502058    2.696502058    0.3427160494   0.1611111111   2.712962963    1.077160494    0.002037037037 1.143641975    1.283653284    
322      I1         1.996502058    2.696502058    0.2217283951   6.72037037     3.484567901    3.484567901    0.1161111111   1.143641975    0.8993758698   
323      I1         1.436831276    2.696502058    0.01604938272  6.761111111    3.494855967    3.206790123    0.002037037037 1.138925926    0.8867696198   
324      I1         1.821604938    2.696502058    0.01201646091  1.138888889    2.774691358    3.484567901    0.112037037    1.143641975    0.8424387081   
325      I1         1.996502058    2.696502058    0.1128395062   0.4055555556   3.494855967    2.651234568    0.002037037037 1.138925926    0.9174593958   
326      I1         1.996502058    2.696502058    0.01201646091  8.961111111    2.774691358    2.651234568    0.3238888889   1.143641975    0.9075850384   
327      I1         1.996502058    2.696502058    0.01604938272  9.938888889    3.494855967    2.651234568    0.002037037037 0.7710740741   0.9120636699   
328      I1         1.996502058    2.696502058    0.01201646091  8.961111111    3.494855967    3.422839506    0.1405555556   0.007074074074 0.8922803191   
329      I1         1.947530864    2.696502058    0.02814814815  7.82037037     2.836419753    2.990740741    0.002037037037 0.002358024691 0.8682549907   
330      I1         1.436831276    2.696502058    0.01201646091  8.961111111    3.484567901    3.422839506    0.002037037037 0.007074074074 0.8988020188   
331      I1         1.996502058    2.696502058    0.01201646091  8.961111111    2.990740741    3.494855967    0.2872222222   0.007074074074 0.8891675957   
332      I1         1.996502058    2.696502058    0.01201646091  9.938888889    3.494855967    2.774691358    0.3238888889   0.007074074074 0.9283030281   
333      I1         1.44382716     2.696502058    0.01201646091  8.961111111    2.949588477    3.268518519    0.002037037037 0.2617407407   0.8721793233   
334      I1         1.996502058    2.696502058    0.01201646091  8.961111111    2.682098765    2.466049383    0.002037037037 1.138925926    0.9109107698   
335      I1         1.996502058    2.696502058    0.01604938272  9.938888889    3.494855967    2.404320988    0.2138888889   1.143641975    0.9309166966   
336      I1         1.996502058    2.696502058    0.1249382716   6.761111111    2.959876543    2.661522634    0.002037037037 0.7710740741   0.8852972925   
337      I1         1.800617284    2.696502058    0.1733333333   9.694444444    3.494855967    3.494855967    0.002037037037 0.7710740741   0.9020774555   
338      I1         1.996502058    2.696502058    0.6814814815   0.1611111111   3.494855967    1.817901235    0.002037037037 1.138925926    1.110243431    
339      I1         1.436831276    2.696502058    0.01201646091  9.938888889    3.494855967    3.484567901    0.2261111111   1.138925926    0.9024095122   
340      I1         1.632716049    2.696502058    0.01201646091  8.961111111    3.494855967    3.206790123    0.1161111111   0.7663580247   0.8999827027   
341      I1         1.996502058    2.696502058    0.9839506173   9.938888889    2.6718107      1.015432099    0.002037037037 1.138925926    1.461253918    
342      I1         1.996502058    2.696502058    0.2701234568   9.694444444    3.494855967    2.929012346    0.002037037037 1.138925926    0.9120605805   
343      I1         1.996502058    2.696502058    0.1209053498   8.961111111    2.959876543    3.494855967    0.1161111111   0.7710740741   0.872269571    
344      I1         1.485802469    2.696502058    0.01201646091  8.961111111    2.682098765    3.484567901    0.222037037    1.143641975    0.8853856347   
345      I1         1.436831276    2.696502058    0.01201646091  9.938888889    3.494855967    2.651234568    0.006111111111 1.138925926    0.9039966282   
346      I1         1.44382716     2.696502058    0.01201646091  6.761111111    2.682098765    2.661522634    0.002037037037 1.138925926    0.8879750792   
347      I1         1.996502058    2.696502058    0.4516049383   8.961111111    2.836419753    2.651234568    0.002037037037 1.143641975    0.9709021604   
348      I1         1.996502058    2.696502058    0.6653497942   8.961111111    3.494855967    3.484567901    0.006111111111 0.007074074074 1.047631103    
349      I1         1.989506173    2.696502058    0.01201646091  6.761111111    3.083333333    2.466049383    0.002037037037 1.143641975    0.907346581    
350      I1         1.996502058    2.689506173    0.5604938272   9.938888889    3.494855967    1.015432099    0.327962963    1.143641975    1.187803095    
351      I1         1.996502058    2.696502058    0.01201646091  9.938888889    3.484567901    3.494855967    0.2994444444   0.7710740741   0.9156973321   
352      I1         1.996502058    2.689506173    0.9839506173   0.1611111111   3.494855967    1.015432099    0.327962963    1.143641975    1.34783395     
353      I1         1.996502058    2.696502058    0.3427160494   0.1611111111   3.494855967    1.817901235    0.3238888889   1.143641975    1.022360186    
%eval_id interface log__t_efold_shallow log__t_efold_soil f_exfiltration_shallow PDD_melt_factor log__H0_pdm_shallow log__H0_pdm_soil f_tile_shallow log__tau_tile  neg_kge        
354      I1         1.989506173    2.696502058    0.01201646091  3.461111111    2.898148148    3.145061728    0.002037037037 1.143641975    0.8405469969   
355      I1         1.989506173    2.696502058    0.1100164609   3.461111111    2.898148148    3.145061728    0.002037037037 1.143641975    0.8546601097   
356      I1         1.989506173    2.696502058    0.01201646091  4.451111111    2.898148148    3.145061728    0.002037037037 1.143641975    0.8423015672   
357      I1         1.989506173    2.696502058    0.01201646091  3.461111111    3.148148148    3.145061728    0.002037037037 1.143641975    0.8638888944   
358      I1         1.989506173    2.696502058    0.01201646091  3.461111111    2.898148148    3.395061728    0.002037037037 1.143641975    0.8382188311   
359      I1         1.989506173    2.696502058    0.01201646091  3.461111111    2.898148148    3.145061728    0.101037037    1.143641975    0.846931838    
360      I1         1.819506173    2.696502058    0.01201646091  3.461111111    2.898148148    3.145061728    0.002037037037 1.143641975    0.8469577815   
361      I1         1.989506173    2.526502058    0.01201646091  3.461111111    2.898148148    3.145061728    0.002037037037 1.143641975    0.9291118312   
362      I1         1.989506173    2.696502058    0.01201646091  2.471111111    2.898148148    3.145061728    0.002037037037 1.143641975    0.8387025404   
363      I1         1.989506173    2.696502058    0.01201646091  3.461111111    2.648148148    3.145061728    0.002037037037 1.143641975    0.8607831948   
364      I1         1.989506173    2.696502058    0.01201646091  3.461111111    2.898148148    2.895061728    0.002037037037 1.143641975    0.8555476454   
365      I1         1.989506173    2.696502058    0.01201646091  3.461111111    2.898148148    3.145061728    0.002037037037 1.029041975    0.8406020382   
366      I1         1.989506173    2.696502058    0.06101646091  3.461111111    2.898148148    3.145061728    0.002037037037 1.143641975    0.846241439    
367      I1         1.989506173    2.696502058    0.01201646091  3.956111111    2.898148148    3.145061728    0.002037037037 1.143641975    0.8414506532   
368      I1         1.989506173    2.696502058    0.01201646091  3.461111111    3.023148148    3.145061728    0.002037037037 1.143641975    0.8501597066   
369      I1         1.989506173    2.696502058    0.01201646091  3.461111111    2.898148148    3.270061728    0.002037037037 1.143641975    0.8388620067   
370      I1         1.989506173    2.696502058    0.01201646091  3.461111111    2.898148148    3.145061728    0.05153703704  1.143641975    0.843093041    
371      I1         1.904506173    2.696502058    0.01201646091  3.461111111    2.898148148    3.145061728    0.002037037037 1.143641975    0.8430808904   
372      I1         1.989506173    2.611502058    0.01201646091  3.461111111    2.898148148    3.145061728    0.002037037037 1.143641975    0.8961786226   
373      I1         1.989506173    2.696502058    0.01201646091  2.966111111    2.898148148    3.145061728    0.002037037037 1.143641975    0.8395988565   
374      I1         1.989506173    2.696502058    0.01201646091  3.461111111    2.773148148    3.145061728    0.002037037037 1.143641975    0.8480362818   
375      I1         1.989506173    2.696502058    0.01201646091  3.461111111    2.898148148    3.020061728    0.002037037037 1.143641975    0.8447132219   
376      I1         1.989506173    2.696502058    0.01201646091  3.461111111    2.898148148    3.145061728    0.002037037037 1.086341975    0.840578571    
377      I1         1.989506173    2.696502058    0.03651646091  3.461111111    2.898148148    3.145061728    0.002037037037 1.143641975    0.8405560666   
378      I1         1.989506173    2.696502058    0.01201646091  3.708611111    2.898148148    3.145061728    0.002037037037 1.143641975    0.8410745244   
379      I1         1.989506173    2.696502058    0.01201646091  3.461111111    2.960648148    3.145061728    0.002037037037 1.143641975    0.8445636956   
380      I1         1.989506173    2.696502058    0.01201646091  3.461111111    2.898148148    3.207561728    0.002037037037 1.143641975    0.8395237782   
381      I1         1.989506173    2.696502058    0.01201646091  3.461111111    2.898148148    3.145061728    0.02678703704  1.143641975    0.8393321746   
382      I1         1.947006173    2.696502058    0.01201646091  3.461111111    2.898148148    3.145061728    0.002037037037 1.143641975    0.8414735792   
383      I1         1.989506173    2.654002058    0.01201646091  3.461111111    2.898148148    3.145061728    0.002037037037 1.143641975    0.8723434879   
384      I1         1.989506173    2.696502058    0.01201646091  3.213611111    2.898148148    3.145061728    0.002037037037 1.143641975    0.8400949285   
385      I1         1.989506173    2.696502058    0.01201646091  3.461111111    2.835648148    3.145061728    0.002037037037 1.143641975    0.8401673792   
386      I1         1.989506173    2.696502058    0.01201646091  3.461111111    2.898148148    3.082561728    0.002037037037 1.143641975    0.842148962    
387      I1         1.989506173    2.696502058    0.01201646091  3.461111111    2.898148148    3.145061728    0.002037037037 1.114991975    0.8405638959   
388      I1         1.989506173    2.696502058    0.03651646091  3.461111111    2.898148148    3.145061728    0.02678703704  1.143641975    0.8439359927   
389      I1         1.989506173    2.696502058    0.01201646091  3.708611111    2.898148148    3.145061728    0.02678703704  1.143641975    0.8399235749   
390      I1         1.989506173    2.696502058    0.01201646091  3.461111111    2.960648148    3.145061728    0.02678703704  1.143641975    0.8414948784   
391      I1         1.989506173    2.696502058    0.01201646091  3.461111111    2.898148148    3.207561728    0.02678703704  1.143641975    0.8374254096   
392      I1         1.989506173    2.696502058    0.01201646091  3.461111111    2.898148148    3.145061728    0.05153703704  1.143641975    0.843093041    
393      I1         1.947006173    2.696502058    0.01201646091  3.461111111    2.898148148    3.145061728    0.02678703704  1.143641975    0.8415913087   
394      I1         1.989506173    2.654002058    0.01201646091  3.461111111    2.898148148    3.145061728    0.02678703704  1.143641975    0.8711594828   
395      I1         1.989506173    2.696502058    0.01201646091  3.213611111    2.898148148    3.145061728    0.02678703704  1.143641975    0.8388183572   
396      I1         1.989506173    2.696502058    0.01201646091  3.461111111    2.835648148    3.145061728    0.02678703704  1.143641975    0.8429924219   
397      I1         1.989506173    2.696502058    0.01201646091  3.461111111    2.898148148    3.082561728    0.02678703704  1.143641975    0.8421860318   
398      I1         1.989506173    2.696502058    0.01201646091  3.461111111    2.898148148    3.145061728    0.002037037037 1.143641975    0.8405469969   
399      I1         1.989506173    2.696502058    0.01201646091  3.461111111    2.898148148    3.145061728    0.02678703704  1.114991975    0.8395480112   
400      I1         1.989506173    2.696502058    0.03651646091  3.461111111    2.898148148    3.207561728    0.02678703704  1.143641975    0.8403260902   
401      I1         1.989506173    2.696502058    0.01201646091  3.708611111    2.898148148    3.207561728    0.02678703704  1.143641975    0.8379916091   
402      I1         1.989506173    2.696502058    0.01201646091  3.461111111    2.960648148    3.207561728    0.02678703704  1.143641975    0.8405346889   
403      I1         1.989506173    2.696502058    0.01201646091  3.461111111    2.898148148    3.270061728    0.02678703704  1.143641975    0.8360280688   
404      I1         1.989506173    2.696502058    0.01201646091  3.461111111    2.898148148    3.207561728    0.05153703704  1.143641975    0.8396024389   
405      I1         1.947006173    2.696502058    0.01201646091  3.461111111    2.898148148    3.207561728    0.02678703704  1.143641975    0.8391990705   
406      I1         1.989506173    2.654002058    0.01201646091  3.461111111    2.898148148    3.207561728    0.02678703704  1.143641975    0.8701136591   
407      I1         1.989506173    2.696502058    0.01201646091  3.213611111    2.898148148    3.207561728    0.02678703704  1.143641975    0.8369209246   
408      I1         1.989506173    2.696502058    0.01201646091  3.461111111    2.835648148    3.207561728    0.02678703704  1.143641975    0.8390794907   
409      I1         1.989506173    2.696502058    0.01201646091  3.461111111    2.898148148    3.207561728    0.002037037037 1.143641975    0.8395237782   
410      I1         1.989506173    2.696502058    0.01201646091  3.461111111    2.898148148    3.207561728    0.02678703704  1.114991975    0.8376281149   
411      I1         1.989506173    2.696502058    0.03651646091  3.461111111    2.898148148    3.270061728    0.02678703704  1.143641975    0.837813128    
412      I1         1.989506173    2.696502058    0.01201646091  3.708611111    2.898148148    3.270061728    0.02678703704  1.143641975    0.8365789919   
413      I1         1.989506173    2.696502058    0.01201646091  3.461111111    2.960648148    3.270061728    0.02678703704  1.143641975    0.8399101097   
414      I1         1.989506173    2.696502058    0.01201646091  3.461111111    2.898148148    3.332561728    0.02678703704  1.143641975    0.8351153579   
415      I1         1.989506173    2.696502058    0.01201646091  3.461111111    2.898148148    3.270061728    0.05153703704  1.143641975    0.8371941924   
416      I1         1.947006173    2.696502058    0.01201646091  3.461111111    2.898148148    3.270061728    0.02678703704  1.143641975    0.8375180492   
417      I1         1.989506173    2.654002058    0.01201646091  3.461111111    2.898148148    3.270061728    0.02678703704  1.143641975    0.869448533    
418      I1         1.989506173    2.696502058    0.01201646091  3.213611111    2.898148148    3.270061728    0.02678703704  1.143641975    0.8355516065   
419      I1         1.989506173    2.696502058    0.01201646091  3.461111111    2.835648148    3.270061728    0.02678703704  1.143641975    0.8363800411   
420      I1         1.989506173    2.696502058    0.01201646091  3.461111111    2.898148148    3.270061728    0.002037037037 1.143641975    0.8388620067   
421      I1         1.989506173    2.696502058    0.01201646091  3.461111111    2.898148148    3.270061728    0.02678703704  1.114991975    0.836221333    
422      I1         1.989506173    2.696502058    0.03651646091  3.461111111    2.898148148    3.332561728    0.02678703704  1.143641975    0.8360061704   
423      I1         1.989506173    2.696502058    0.01201646091  3.708611111    2.898148148    3.332561728    0.02678703704  1.143641975    0.8356551011   
424      I1         1.989506173    2.696502058    0.01201646091  3.461111111    2.960648148    3.332561728    0.02678703704  1.143641975    0.8395465654   
425      I1         1.989506173    2.696502058    0.01201646091  3.461111111    2.898148148    3.395061728    0.02678703704  1.143641975    0.8345351825   
426      I1         1.989506173    2.696502058    0.01201646091  3.461111111    2.898148148    3.332561728    0.05153703704  1.143641975    0.8354791234   
427      I1         1.947006173    2.696502058    0.01201646091  3.461111111    2.898148148    3.332561728    0.02678703704  1.143641975    0.8362318358   
428      I1         1.989506173    2.654002058    0.01201646091  3.461111111    2.898148148    3.332561728    0.02678703704  1.143641975    0.8671335133   
429      I1         1.989506173    2.696502058    0.01201646091  3.213611111    2.898148148    3.332561728    0.02678703704  1.143641975    0.8346509607   
430      I1         1.989506173    2.696502058    0.01201646091  3.461111111    2.835648148    3.332561728    0.02678703704  1.143641975    0.8344686153   
431      I1         1.989506173    2.696502058    0.01201646091  3.461111111    2.898148148    3.332561728    0.002037037037 1.143641975    0.8384332649   
432      I1         1.989506173    2.696502058    0.01201646091  3.461111111    2.898148148    3.332561728    0.02678703704  1.114991975    0.8353009845   
433      I1         1.989506173    2.696502058    0.06101646091  3.461111111    2.835648148    3.332561728    0.02678703704  1.143641975    0.8449079469   
434      I1         1.989506173    2.696502058    0.01201646091  3.956111111    2.835648148    3.332561728    0.02678703704  1.143641975    0.8355720101   
435      I1         1.989506173    2.696502058    0.01201646091  3.461111111    2.835648148    3.457561728    0.02678703704  1.143641975    0.8320888424   
436      I1         1.989506173    2.696502058    0.01201646091  3.461111111    2.835648148    3.332561728    0.07628703704  1.143641975    0.8417636189   
437      I1         1.904506173    2.696502058    0.01201646091  3.461111111    2.835648148    3.332561728    0.02678703704  1.143641975    0.8377443737   
438      I1         1.989506173    2.611502058    0.01201646091  3.461111111    2.835648148    3.332561728    0.02678703704  1.143641975    0.8854711522   
439      I1         1.989506173    2.696502058    0.01201646091  2.966111111    2.835648148    3.332561728    0.02678703704  1.143641975    0.8333239061   
440      I1         1.989506173    2.696502058    0.01201646091  3.461111111    2.710648148    3.332561728    0.02678703704  1.143641975    0.8472386719   
441      I1         1.989506173    2.696502058    0.01201646091  3.461111111    2.835648148    3.332561728    0.02678703704  1.086341975    0.8348835167   
442      I1         1.989506173    2.696502058    0.03651646091  3.461111111    2.835648148    3.332561728    0.02678703704  1.143641975    0.8402138935   
443      I1         1.989506173    2.696502058    0.01201646091  3.708611111    2.835648148    3.332561728    0.02678703704  1.143641975    0.8350970808   
444      I1         1.989506173    2.696502058    0.01201646091  3.461111111    2.835648148    3.395061728    0.02678703704  1.143641975    0.8330641493   
445      I1         1.989506173    2.696502058    0.01201646091  3.461111111    2.835648148    3.332561728    0.05153703704  1.143641975    0.839158947    
446      I1         1.947006173    2.696502058    0.01201646091  3.461111111    2.835648148    3.332561728    0.02678703704  1.143641975    0.8360066217   
447      I1         1.989506173    2.654002058    0.01201646091  3.461111111    2.835648148    3.332561728    0.02678703704  1.143641975    0.8658044708   
448      I1         1.989506173    2.696502058    0.01201646091  3.213611111    2.835648148    3.332561728    0.02678703704  1.143641975    0.8339212463   
449      I1         1.989506173    2.696502058    0.01201646091  3.461111111    2.773148148    3.332561728    0.02678703704  1.143641975    0.842096991    
450      I1         1.989506173    2.696502058    0.01201646091  3.461111111    2.835648148    3.332561728    0.002037037037 1.143641975    0.835373783    
451      I1         1.989506173    2.696502058    0.01201646091  3.461111111    2.835648148    3.332561728    0.02678703704  1.114991975    0.8346878118   
452      I1         1.989506173    2.696502058    0.03651646091  3.461111111    2.835648148    3.395061728    0.02678703704  1.143641975    0.8374407345   
453      I1         1.989506173    2.696502058    0.01201646091  3.708611111    2.835648148    3.395061728    0.02678703704  1.143641975    0.833678859    
454      I1         1.989506173    2.696502058    0.01201646091  3.461111111    2.835648148    3.395061728    0.05153703704  1.143641975    0.8364694205   
455      I1         1.947006173    2.696502058    0.01201646091  3.461111111    2.835648148    3.395061728    0.02678703704  1.143641975    0.8343852368   
456      I1         1.989506173    2.654002058    0.01201646091  3.461111111    2.835648148    3.395061728    0.02678703704  1.143641975    0.8650750094   
457      I1         1.989506173    2.696502058    0.01201646091  3.213611111    2.835648148    3.395061728    0.02678703704  1.143641975    0.8325287029   
458      I1         1.989506173    2.696502058    0.01201646091  3.461111111    2.773148148    3.395061728    0.02678703704  1.143641975    0.8387957703   
459      I1         1.989506173    2.696502058    0.01201646091  3.461111111    2.835648148    3.395061728    0.002037037037 1.143641975    0.8347152242   
460      I1         1.989506173    2.696502058    0.01201646091  3.461111111    2.835648148    3.395061728    0.02678703704  1.114991975    0.8332742303   
461      I1         1.989506173    2.696502058    0.03651646091  3.461111111    2.835648148    3.457561728    0.02678703704  1.143641975    0.8354163092   
462      I1         1.989506173    2.696502058    0.01201646091  3.708611111    2.835648148    3.457561728    0.02678703704  1.143641975    0.8326971621   
463      I1         1.989506173    2.696502058    0.01201646091  3.461111111    2.898148148    3.457561728    0.02678703704  1.143641975    0.8341190797   
464      I1         1.989506173    2.696502058    0.01201646091  3.461111111    2.835648148    3.457561728    0.05153703704  1.143641975    0.834512048    
465      I1         1.947006173    2.696502058    0.01201646091  3.461111111    2.835648148    3.457561728    0.02678703704  1.143641975    0.8332168643   
466      I1         1.989506173    2.654002058    0.01201646091  3.461111111    2.835648148    3.457561728    0.02678703704  1.143641975    0.864511024    
467      I1         1.989506173    2.696502058    0.01201646091  3.213611111    2.835648148    3.457561728    0.02678703704  1.143641975    0.8315457023   
468      I1         1.989506173    2.696502058    0.01201646091  3.461111111    2.773148148    3.457561728    0.02678703704  1.143641975    0.8363794268   
469      I1         1.989506173    2.696502058    0.01201646091  3.461111111    2.835648148    3.457561728    0.002037037037 1.143641975    0.8342493183   
470      I1         1.989506173    2.696502058    0.01201646091  3.461111111    2.835648148    3.457561728    0.02678703704  1.114991975    0.8322916316   
471      I1         1.989506173    2.696502058    0.02426646091  3.461111111    2.835648148    3.457561728    0.02678703704  1.143641975    0.8329926257   
472      I1         1.989506173    2.696502058    0.01201646091  3.584861111    2.835648148    3.457561728    0.02678703704  1.143641975    0.8323726615   
473      I1         1.989506173    2.696502058    0.01201646091  3.461111111    2.866898148    3.457561728    0.02678703704  1.143641975    0.8325013487   
474      I1         1.989506173    2.696502058    0.01201646091  3.461111111    2.835648148    3.488811728    0.02678703704  1.143641975    0.8316184609   
475      I1         1.989506173    2.696502058    0.01201646091  3.461111111    2.835648148    3.457561728    0.03916203704  1.143641975    0.8325984906   
476      I1         1.968256173    2.696502058    0.01201646091  3.461111111    2.835648148    3.457561728    0.02678703704  1.143641975    0.8326085606   
477      I1         1.989506173    2.675252058    0.01201646091  3.461111111    2.835648148    3.457561728    0.02678703704  1.143641975    0.8470071098   
478      I1         1.989506173    2.696502058    0.01201646091  3.337361111    2.835648148    3.457561728    0.02678703704  1.143641975    0.8317932439   
479      I1         1.989506173    2.696502058    0.01201646091  3.461111111    2.804398148    3.457561728    0.02678703704  1.143641975    0.8330533495   
480      I1         1.989506173    2.696502058    0.01201646091  3.461111111    2.835648148    3.426311728    0.02678703704  1.143641975    0.832511862    
481      I1         1.989506173    2.696502058    0.01201646091  3.461111111    2.835648148    3.457561728    0.01441203704  1.143641975    0.8325493981   
482      I1         1.989506173    2.696502058    0.01201646091  3.461111111    2.835648148    3.457561728    0.02678703704  1.129316975    0.8321932251   
483      I1         1.989506173    2.696502058    0.02426646091  3.461111111    2.835648148    3.488811728    0.02678703704  1.143641975    0.8324089317   
484      I1         1.989506173    2.696502058    0.01201646091  3.584861111    2.835648148    3.488811728    0.02678703704  1.143641975    0.8318960219   
485      I1         1.989506173    2.696502058    0.01201646091  3.461111111    2.866898148    3.488811728    0.02678703704  1.143641975    0.8322636385   
486      I1         1.989506173    2.696502058    0.01201646091  3.461111111    2.835648148    3.488811728    0.03916203704  1.143641975    0.8320319979   
487      I1         1.968256173    2.696502058    0.01201646091  3.461111111    2.835648148    3.488811728    0.02678703704  1.143641975    0.8321537572   
488      I1         1.989506173    2.675252058    0.01201646091  3.461111111    2.835648148    3.488811728    0.02678703704  1.143641975    0.8461490523   
489      I1         1.989506173    2.696502058    0.01201646091  3.337361111    2.835648148    3.488811728    0.02678703704  1.143641975    0.831330423    
490      I1         1.989506173    2.696502058    0.01201646091  3.461111111    2.804398148    3.488811728    0.02678703704  1.143641975    0.832436221    
491      I1         1.989506173    2.696502058    0.01201646091  3.461111111    2.835648148    3.488811728    0.01441203704  1.143641975    0.832293539    
492      I1         1.989506173    2.696502058    0.01201646091  3.461111111    2.835648148    3.488811728    0.02678703704  1.129316975    0.8317212832   
493      I1         1.989506173    2.696502058    0.02426646091  3.337361111    2.835648148    3.488811728    0.02678703704  1.143641975    0.8321100592   
494      I1         1.989506173    2.696502058    0.01201646091  3.337361111    2.866898148    3.488811728    0.02678703704  1.143641975    0.8320092704   
495      I1         1.989506173    2.696502058    0.01201646091  3.337361111    2.835648148    3.488811728    0.03916203704  1.143641975    0.8317342329   
496      I1         1.968256173    2.696502058    0.01201646091  3.337361111    2.835648148    3.488811728    0.02678703704  1.143641975    0.8318459842   
497      I1         1.989506173    2.675252058    0.01201646091  3.337361111    2.835648148    3.488811728    0.02678703704  1.143641975    0.8458029432   
498      I1         1.989506173    2.696502058    0.01201646091  3.213611111    2.835648148    3.488811728    0.02678703704  1.143641975    0.8310854359   
499      I1         1.989506173    2.696502058    0.01201646091  3.337361111    2.804398148    3.488811728    0.02678703704  1.143641975    0.8321253324   
500      I1         1.989506173    2.696502058    0.01201646091  3.337361111    2.835648148    3.488811728    0.01441203704  1.143641975    0.8320310929   
501      I1         1.989506173    2.696502058    0.01201646091  3.337361111    2.835648148    3.488811728    0.02678703704  1.129316975    0.8314332766   
502      I1         1.989506173    2.696502058    0.02426646091  3.213611111    2.835648148    3.488811728    0.02678703704  1.143641975    0.8318614278   
503      I1         1.989506173    2.696502058    0.01201646091  3.213611111    2.866898148    3.488811728    0.02678703704  1.143641975    0.8317786956   
504      I1         1.989506173    2.696502058    0.01201646091  3.213611111    2.835648148    3.488811728    0.03916203704  1.143641975    0.8314849402   
505      I1         1.968256173    2.696502058    0.01201646091  3.213611111    2.835648148    3.488811728    0.02678703704  1.143641975    0.8315939484   
506      I1         1.989506173    2.675252058    0.01201646091  3.213611111    2.835648148    3.488811728    0.02678703704  1.143641975    0.845531169    
507      I1         1.989506173    2.696502058    0.01201646091  3.089861111    2.835648148    3.488811728    0.02678703704  1.143641975    0.8308148308   
508      I1         1.989506173    2.696502058    0.01201646091  3.213611111    2.804398148    3.488811728    0.02678703704  1.143641975    0.831870955    
509      I1         1.989506173    2.696502058    0.01201646091  3.213611111    2.835648148    3.457561728    0.02678703704  1.143641975    0.8315457023   
510      I1         1.989506173    2.696502058    0.01201646091  3.213611111    2.835648148    3.488811728    0.01441203704  1.143641975    0.8317948798   
511      I1         1.989506173    2.696502058    0.01201646091  3.213611111    2.835648148    3.488811728    0.02678703704  1.129316975    0.831188428    
512      I1         1.989506173    2.696502058    0.02426646091  3.089861111    2.835648148    3.488811728    0.02678703704  1.143641975    0.831586204    
513      I1         1.989506173    2.696502058    0.01201646091  3.089861111    2.866898148    3.488811728    0.02678703704  1.143641975    0.8315229405   
514      I1         1.989506173    2.696502058    0.01201646091  3.089861111    2.835648148    3.488811728    0.03916203704  1.143641975    0.8312093993   
515      I1         1.968256173    2.696502058    0.01201646091  3.089861111    2.835648148    3.488811728    0.02678703704  1.143641975    0.8313118553   
516      I1         1.989506173    2.675252058    0.01201646091  3.089861111    2.835648148    3.488811728    0.02678703704  1.143641975    0.8452306599   
517      I1         1.989506173    2.696502058    0.01201646091  2.966111111    2.835648148    3.488811728    0.02678703704  1.143641975    0.830508459    
518      I1         1.989506173    2.696502058    0.01201646091  3.089861111    2.804398148    3.488811728    0.02678703704  1.143641975    0.8315920056   
519      I1         1.989506173    2.696502058    0.01201646091  3.089861111    2.835648148    3.457561728    0.02678703704  1.143641975    0.8312721516   
520      I1         1.989506173    2.696502058    0.01201646091  3.089861111    2.835648148    3.488811728    0.01441203704  1.143641975    0.8315362574   
521      I1         1.989506173    2.696502058    0.01201646091  3.089861111    2.835648148    3.488811728    0.02678703704  1.129316975    0.8309179217   
522      I1         1.989506173    2.696502058    0.03651646091  2.966111111    2.835648148    3.488811728    0.02678703704  1.143641975    0.833359159    
523      I1         1.989506173    2.696502058    0.01201646091  3.213611111    2.835648148    3.488811728    0.02678703704  1.143641975    0.8310854359   
524      I1         1.989506173    2.696502058    0.01201646091  2.966111111    2.898148148    3.488811728    0.02678703704  1.143641975    0.8329769084   
525      I1         1.989506173    2.696502058    0.01201646091  2.966111111    2.835648148    3.488811728    0.05153703704  1.143641975    0.8324852126   
526      I1         1.947006173    2.696502058    0.01201646091  2.966111111    2.835648148    3.488811728    0.02678703704  1.143641975    0.8317006792   
527      I1         1.989506173    2.654002058    0.01201646091  2.966111111    2.835648148    3.488811728    0.02678703704  1.143641975    0.8633770116   
528      I1         1.989506173    2.696502058    0.01201646091  2.718611111    2.835648148    3.488811728    0.02678703704  1.143641975    0.829885105    
529      I1         1.989506173    2.696502058    0.01201646091  2.966111111    2.773148148    3.488811728    0.02678703704  1.143641975    0.8341016223   
530      I1         1.989506173    2.696502058    0.01201646091  2.966111111    2.835648148    3.426311728    0.02678703704  1.143641975    0.8314427702   
531      I1         1.989506173    2.696502058    0.01201646091  2.966111111    2.835648148    3.488811728    0.002037037037 1.143641975    0.8330305883   
532      I1         1.989506173    2.696502058    0.01201646091  2.966111111    2.835648148    3.488811728    0.02678703704  1.114991975    0.8307086396   
533      I1         1.989506173    2.696502058    0.02426646091  2.966111111    2.835648148    3.488811728    0.02678703704  1.143641975    0.8312642137   
534      I1         1.989506173    2.696502058    0.01201646091  2.966111111    2.866898148    3.488811728    0.02678703704  1.143641975    0.8312485427   
535      I1         1.989506173    2.696502058    0.01201646091  2.966111111    2.835648148    3.488811728    0.03916203704  1.143641975    0.8308890047   
536      I1         1.968256173    2.696502058    0.01201646091  2.966111111    2.835648148    3.488811728    0.02678703704  1.143641975    0.8309914041   
537      I1         1.989506173    2.675252058    0.01201646091  2.966111111    2.835648148    3.488811728    0.02678703704  1.143641975    0.8448589579   
538      I1         1.989506173    2.696502058    0.01201646091  2.842361111    2.835648148    3.488811728    0.02678703704  1.143641975    0.8300915553   
539      I1         1.989506173    2.696502058    0.01201646091  2.966111111    2.804398148    3.488811728    0.02678703704  1.143641975    0.8312597377   
540      I1         1.989506173    2.696502058    0.01201646091  2.966111111    2.835648148    3.457561728    0.02678703704  1.143641975    0.8309576734   
541      I1         1.989506173    2.696502058    0.01201646091  2.966111111    2.835648148    3.488811728    0.01441203704  1.143641975    0.8312589354   
542      I1         1.989506173    2.696502058    0.01201646091  2.966111111    2.835648148    3.488811728    0.02678703704  1.129316975    0.8306115072   
543      I1         1.989506173    2.696502058    0.02426646091  2.842361111    2.835648148    3.488811728    0.02678703704  1.143641975    0.8308228595   
544      I1         1.989506173    2.696502058    0.01201646091  2.842361111    2.866898148    3.488811728    0.02678703704  1.143641975    0.8308729071   
545      I1         1.989506173    2.696502058    0.01201646091  2.842361111    2.835648148    3.488811728    0.03916203704  1.143641975    0.8304492761   
546      I1         1.968256173    2.696502058    0.01201646091  2.842361111    2.835648148    3.488811728    0.02678703704  1.143641975    0.8305686587   
547      I1         1.989506173    2.675252058    0.01201646091  2.842361111    2.835648148    3.488811728    0.02678703704  1.143641975    0.8443430173   
548      I1         1.989506173    2.696502058    0.01201646091  2.718611111    2.835648148    3.488811728    0.02678703704  1.143641975    0.829885105    
549      I1         1.989506173    2.696502058    0.01201646091  2.842361111    2.804398148    3.488811728    0.02678703704  1.143641975    0.8307996791   
550      I1         1.989506173    2.696502058    0.01201646091  2.842361111    2.835648148    3.457561728    0.02678703704  1.143641975    0.8305267952   
551      I1         1.989506173    2.696502058    0.01201646091  2.842361111    2.835648148    3.488811728    0.01441203704  1.143641975    0.8308717985   
552      I1         1.989506173    2.696502058    0.01201646091  2.842361111    2.835648148    3.488811728    0.02678703704  1.129316975    0.8301945412   
553      I1         1.989506173    2.696502058    0.02426646091  2.718611111    2.835648148    3.488811728    0.02678703704  1.143641975    0.8306100292   
554      I1         1.989506173    2.696502058    0.01201646091  2.718611111    2.866898148    3.488811728    0.02678703704  1.143641975    0.8306742166   
555      I1         1.989506173    2.696502058    0.01201646091  2.718611111    2.835648148    3.488811728    0.03916203704  1.143641975    0.830238214    
556      I1         1.968256173    2.696502058    0.01201646091  2.718611111    2.835648148    3.488811728    0.02678703704  1.143641975    0.8303623561   
557      I1         1.989506173    2.675252058    0.01201646091  2.718611111    2.835648148    3.488811728    0.02678703704  1.143641975    0.8441181749   
558      I1         1.989506173    2.696502058    0.01201646091  2.594861111    2.835648148    3.488811728    0.02678703704  1.143641975    0.8297196504   
559      I1         1.989506173    2.696502058    0.01201646091  2.718611111    2.804398148    3.488811728    0.02678703704  1.143641975    0.8305883314   
560      I1         1.989506173    2.696502058    0.01201646091  2.718611111    2.835648148    3.457561728    0.02678703704  1.143641975    0.8303167402   
561      I1         1.989506173    2.696502058    0.01201646091  2.718611111    2.835648148    3.488811728    0.01441203704  1.143641975    0.8306656982   
562      I1         1.989506173    2.696502058    0.01201646091  2.718611111    2.835648148    3.488811728    0.02678703704  1.129316975    0.8299880544   
