%eval_id interface log__t_efold_shallow log__t_efold_soil f_exfiltration_shallow PDD_melt_factor baseflow_Q     neg_kge        
1        I1         1.340856682    1.063528064    0.6623060668   6.586008373    0.008529497701 1.465130961    
2        I1         0.7724829562   1.189323103    0.5888620509   9.452573645    0.1567403702   0.4790251785   
3        I1         0.3485504418   1.702042258    0.1775178019   9.943839777    0.1114614931   0.5001562557   
4        I1         1.13489634     1.542045094    0.148233208    1.36328288     0.2460711664   0.4007761342   
5        I1         0.7999073836   1.833095461    0.8577942566   4.125893078    0.1148177461   0.6650677556   
6        I1         1.531535246    1.509549826    0.1129324671   8.476879288    0.2398387064   0.5142965405   
7        I1         1.160758497    1.675837711    0.358488549    0.4439024378   0.09556952075  0.5734410816   
8        I1         1.64120002     2.559012186    0.3239003841   1.66206463     0.2967697304   0.7673793481   
9        I1         1.841418893    1.780657403    0.7163051823   8.850027941    0.2547697423   0.5449148475   
10       I1         0.7113794074   1.310918435    0.7543288554   8.582183393    0.2636825673   0.3881300889   
11       I1         1.126024947    1.116056146    0.01532336792  0.9118954856   0.2496446182   0.3848649755   
12       I1         1.257981942    1.887784017    0.651422557    1.734279805    0.1424605559   0.3889345552   
13       I1         0.6296351808   2.221495105    0.5998100814   0.1129382584   0.1304225711   0.5316555031   
14       I1         1.171461564    2.61158016     0.5753347279   2.119467852    0.07906248596  0.5567524806   
15       I1         1.751218561    1.1350667      0.8022584965   4.73291236     0.009403201275 1.252252887    
16       I1         0.3677524232   1.394356037    0.1690601992   6.12550125     0.04224178046  0.954736471    
17       I1         1.636678545    2.06095185     0.9795937024   8.344831779    0.2132383706   0.3521963962   
18       I1         1.151278613    2.391765973    0.4367642042   8.075067109    0.04019701204  0.7507970628   
19       I1         0.5874682381   1.717746796    0.8883672173   9.197663091    0.07300365684  1.010596772    
20       I1         0.9154537974   1.222511354    0.6295473542   2.279544782    0.2934124662   0.3240504521   
21       I1         1.434442838    2.103964652    0.6976976822   3.858926126    0.2984243154   0.4337280536   
22       I1         0.551983061    1.090962769    0.6588747364   5.495130571    0.1173012391   0.7099459368   
23       I1         1.665250111    1.328667274    0.5148475791   7.720914576    0.1843426921   0.4174221681   
24       I1         1.550696324    1.231727704    0.246853168    1.81257532     0.2051679375   0.4151502756   
25       I1         1.422242053    1.926213285    0.1381446722   2.891925863    0.1312635631   0.54673996     
26       I1         0.4433185135   1.816862121    0.2920256757   3.100769735    0.06788454992  0.6825310323   
27       I1         0.6158441461   2.339796042    0.4236479843   4.979091153    0.0279512584   0.9614733787   
28       I1         1.799934239    1.157178291    0.3154184469   4.698557647    0.1154613196   0.5438145226   
29       I1         0.9481382881   1.74754868     0.8684441726   2.715494276    0.1095804575   0.6298883533   
30       I1         0.5094663364   1.840114       0.3936567825   6.485592167    0.2806497099   0.3240516348   
31       I1         0.8884118105   2.419043855    0.8322045175   5.197905472    0.279321055    0.3289566441   
32       I1         0.869678216    2.664262274    0.6365670813   4.774681279    0.007882753648 1.416369906    
33       I1         1.962053355    2.543200157    0.07309836296  0.3991321436   0.2233358189   1.016837158    
34       I1         1.969316018    1.285348205    0.5415854781   1.697965596    0.2078406485   0.5650306864   
35       I1         1.645442561    2.673454282    0.7444982186   9.409478913    0.1382807306   0.4214636297   
36       I1         1.026046435    1.487467654    0.0410973      9.850765605    0.07790108659  0.6905208307   
37       I1         1.836356129    2.653075503    0.6392585031   9.03470731     0.1375762359   0.526604811    
38       I1         0.6401521459   2.241502952    0.03416342229  9.631140682    0.2182156125   0.6672413472   
39       I1         1.860860465    1.686736869    0.892462806    0.7974237599   0.2486800229   0.505478892    
40       I1         0.4552595495   1.010688332    0.06656576261  6.151271188    0.1490032122   0.4946737697   
41       I1         0.3540151082   1.963526746    0.9848929533   7.737792291    0.2012569475   0.7227130197   
42       I1         1.326528753    2.564005466    0.4468695913   4.678081359    0.08744843179  0.4919661457   
43       I1         0.3237088733   2.607205399    0.2229116651   0.3255666208   0.1286597887   0.4507889807   
44       I1         0.6021373378   2.347031718    0.03702500014  3.806226184    0.04302592529  0.6997748195   
45       I1         0.9870801418   2.095049203    0.5522626128   0.860902123    0.242292224    0.2837170957   
46       I1         0.3830346702   2.273852932    0.2759104603   6.461216928    0.272272138    0.4237570043   
47       I1         1.420646476    2.215010462    0.4146187188   4.540892924    0.2473098479   0.5086200846   
48       I1         1.771193562    1.43332527     0.4040675495   8.936535391    0.04583502626  0.8206290716   
49       I1         1.474533859    2.444789642    0.7657031035   5.551266989    0.1255371736   0.4219639249   
50       I1         0.9445149779   2.522935073    0.1339379517   4.385849245    0.06548844624  0.5945000903   
51       I1         1.956310536    1.042055073    0.5030314117   9.060572673    0.1189552825   0.5388244177   
52       I1         1.622287052    1.31261729     0.816280494    8.695301592    0.06965088724  0.6884733712   
53       I1         1.527668383    2.25008588     0.7106140872   9.994476062    0.07856006412  0.5932408688   
54       I1         0.5702487049   2.030189091    0.4627937077   8.963357097    0.02125186259  1.173705909    
55       I1         0.7357388406   1.408394001    0.1820892142   6.360435239    0.1954102839   0.3169513835   
56       I1         1.335763744    1.661443372    0.08409511252  5.89654224     0.05671088901  0.7747057417   
57       I1         1.361125029    2.694562258    0.7768227551   6.668392936    0.208415103    0.3093558133   
58       I1         0.39845222     1.029610094    0.3106671615   8.262434052    0.01061916578  1.635644569    
59       I1         1.953548078    2.382780579    0.2583550677   9.217650397    0.07187808083  0.7552444064   
60       I1         0.9177023502   2.186006007    0.7887137476   7.989055411    0.2000652321   0.3476623635   
61       I1         0.3351591749   2.044425839    0.4607081312   9.336760321    0.1540588299   0.4591275048   
62       I1         1.024984263    2.133923259    0.3211122996   8.978371301    0.2915158293   0.4980692411   
63       I1         1.659968719    1.535255594    0.7011329494   9.894516746    0.04854463637  0.8027632641   
64       I1         1.192182611    2.529878567    0.1203424319   2.030509392    0.2646602439   0.7818175189   
65       I1         0.4479365181   2.153882841    0.375585762    3.453847976    0.1705684945   0.3274059418   
66       I1         0.9657950803   2.327072205    0.6889745238   6.314711872    0.05976453927  0.7863424169   
67       I1         0.8066862593   1.867335465    0.7479797478   1.014452211    0.05543761623  0.9449418975   
68       I1         0.4921449078   1.138117183    0.1263474312   7.173850679    0.2867388069   0.3331156526   
69       I1         0.6363943388   1.823230549    0.03187726387  3.366227821    0.1277645106   0.4733165605   
70       I1         1.225710618    2.493927199    0.2846092456   4.233359989    0.1061894489   0.4917503888   
71       I1         0.7579706501   1.952210491    0.7685437061   9.810060082    0.0535698567   0.9903860704   
72       I1         0.9621420747   1.100195685    0.6692030079   4.43687179     0.2049866595   0.3412863488   
73       I1         1.578140663    1.51774427     0.1609239027   6.239655006    0.1355196149   0.5207835371   
74       I1         1.131380639    1.580142564    0.8208800235   6.414013601    0.2851661149   0.3153065653   
75       I1         0.4240566145   2.112643846    0.5206531373   7.118624855    0.04679873835  0.9700157664   
76       I1         1.670202853    1.783104062    0.1409515811   0.2099850582   0.2213190567   0.6665403122   
77       I1         1.505239601    2.51442489     0.5365189733   2.701212951    0.2525514997   0.5092595565   
78       I1         0.3177406747   2.267059179    0.8905910108   8.244461875    0.02656470569  1.60549082     
79       I1         1.492923017    2.397986451    0.2668311274   5.820875969    0.2066662506   0.6353128353   
80       I1         1.815934321    1.987294004    0.1926842945   3.653321701    0.0004672709655 1.206879114    
81       I1         0.9537959759   1.022174469    0.9609391812   3.740235331    0.06118594352  0.9465694106   
82       I1         1.324356168    2.288418569    0.2433909221   6.301441424    0.1394412585   0.5212079531   
83       I1         1.857817526    1.749257324    0.7293746783   6.382399742    0.1193111923   0.5093371708   
84       I1         1.933004722    2.091183159    0.04564759294  2.630568476    0.1658444886   0.8572691075   
85       I1         0.9314794921   1.664203842    0.01914181588  2.852261451    0.2333932804   0.4463329611   
86       I1         0.6729906473   2.623360368    0.8431180264   7.425548685    0.003111295437 1.988816154    
87       I1         1.987353195    2.50296565     0.2787708775   0.7804949908   0.06085494759  0.7799231893   
88       I1         1.583172998    1.359935892    0.784607915    0.6924157453   0.2034785166   0.3566479534   
89       I1         1.085592975    1.558553607    0.3040124925   3.167342921    0.2400930832   0.3307107736   
90       I1         1.82491466     2.637878489    0.1093445691   9.508499215    0.214706787    0.937943489    
91       I1         0.8480205554   1.005001595    0.545684043    4.073278636    0.275126556    0.3257927483   
92       I1         1.404016156    2.538197415    0.2183917883   9.290806578    0.2840746517   0.7613316823   
93       I1         0.6558687647   1.511267464    0.9217858182   6.071087486    0.2824209946   0.4586736696   
94       I1         1.784835303    1.290716929    0.9675446237   2.553458432    0.00612992772  1.318090796    
95       I1         1.464084269    1.219835666    0.437946816    3.725422793    0.2026813927   0.3578651821   
96       I1         1.589566797    1.475532227    0.05864020858  7.634728321    0.03906547974  0.9198994365   
97       I1         0.7805910733   1.618783662    0.7229155004   8.89132431     0.2611051786   0.3456360695   
98       I1         1.690483718    1.109985789    0.1937842831   9.796473107    0.1432667207   0.4884039645   
99       I1         1.347496987    1.259956569    0.7411603891   3.615506423    0.1406017211   0.4277176313   
100      I1         1.107474017    2.512240563    0.1177187429   3.673327095    0.231425145    0.7284624764   
101      I1         1.031569625    2.635292786    0.3484845734   5.630395924    0.168724893    0.4185875522   
102      I1         0.3052678245   2.459660638    0.3506061447   4.798964461    0.01633207647  1.113455724    
103      I1         0.4859222711   2.462764673    0.5854480101   3.121569704    0.01198848788  1.456699045    
104      I1         0.8114660747   2.175444903    0.7832098883   4.483330246    0.09647593495  0.6894398072   
105      I1         1.811396034    2.232347639    0.7061470519   2.249918897    0.1909385412   0.4871664804   
106      I1         1.892783879    1.705854979    0.05466877521  1.296819446    0.1980105264   0.7348669629   
107      I1         0.5625116465   1.169199313    0.02402960909  4.830118738    0.2374013858   0.3153984368   
108      I1         1.288003539    1.794869922    0.8099838296   4.944730647    0.2551537265   0.2972801613   
109      I1         0.4175703839   2.007974284    0.4488348579   8.370694267    0.2994957194   0.3762288671   
110      I1         1.911398778    2.6877406      0.4518221431   9.357582849    0.08240291205  0.6372073206   
111      I1         1.186805977    2.226407977    0.4704067544   8.524852709    0.28858537     0.4645414501   
112      I1         1.23714383     2.324481988    0.4440244283   9.581427455    0.2702645265   0.4875259326   
113      I1         1.444278275    1.487285369    0.9440529674   1.252806333    0.1529807308   0.3962252006   
114      I1         1.144801891    1.563813263    0.3318330314   1.542269166    0.2098060945   0.3240827936   
115      I1         1.230764125    2.470183567    0.8647982802   1.41121099     0.1894923206   0.3081818571   
116      I1         0.3734655823   1.41831238     0.08736951318  1.21687323     0.2891703806   0.3346771593   
117      I1         1.542088596    2.689725624    0.3707704154   8.21236354     0.161356125    0.5744105548   
118      I1         0.6741398318   2.126531714    0.518568485    8.749204652    0.1447106668   0.4238098021   
119      I1         0.937441218    1.684763754    0.5941336885   7.038546648    0.07237228324  0.7221100191   
120      I1         1.05919981     2.499003633    0.2298275059   5.846640824    0.1586006521   0.5106021518   
121      I1         1.052531105    1.40414358     0.1464908311   2.973687367    0.0635537379   0.7680321126   
122      I1         1.564016217    1.712391478    0.09433955728  2.422169915    0.04773090148  0.8286488206   
123      I1         0.6098356177   1.96163696     0.405330441    8.830805189    0.2265935323   0.3007959266   
124      I1         1.112249205    2.035421557    0.8467527811   5.163356792    0.1226022722   0.5018608261   
125      I1         0.3443498047   1.461686529    0.791639623    3.548803977    0.2715141004   0.5177657482   
126      I1         0.9241843732   1.371707752    0.07914671067  6.810519594    0.03640589735  0.9935217649   
127      I1         1.040563043    1.727952704    0.415143026    3.057794173    0.1338677313   0.4107916927   
128      I1         0.5570628343   1.763486224    0.6064335867   3.895980756    0.1327160829   0.5447570515   
129      I1         1.254082153    2.680127378    0.5647162795   7.93993325     0.1963823959   0.3657118836   
130      I1         0.8971714963   2.066444463    0.4907157296   3.407560487    0.07094198888  0.6447885312   
131      I1         0.4301140715   2.024418459    0.09140988043  9.904127015    0.2673501397   0.5246332976   
132      I1         1.200518864    2.056057473    0.9640046122   7.335185488    0.09272385379  0.6509224157   
133      I1         0.4737196634   1.802122459    0.8520991582   7.675855246    0.05481433382  1.176722207    
134      I1         0.3762842491   1.254938783    0.2218144169   1.436661897    0.1076761939   0.6016641258   
135      I1         0.8239859326   2.254104281    0.2035802409   2.838477804    0.1410553479   0.4241842588   
136      I1         0.5937185563   2.191445607    0.6496377459   1.584028923    0.2198765904   0.3486787322   
137      I1         1.712625696    1.423331016    0.8745626012   4.300063791    0.2288401825   0.3958866564   
138      I1         1.850647614    1.07842609     0.5948640231   9.711192326    0.08011851785  0.6282687436   
139      I1         1.708819711    1.754827795    0.2724680051   1.507344602    0.2874995535   0.6531313987   
140      I1         1.783188645    2.000874494    0.9040988944   6.006115048    0.2456392491   0.4546185337   
141      I1         1.614376697    1.442057733    0.06935178189  8.398762718    0.05771287521  0.7963564811   
142      I1         1.315604476    1.892177349    0.4092313068   9.558525774    0.1774081845   0.3862472625   
143      I1         0.9821751427   1.607062876    0.226241653    6.836530614    0.1489402361   0.4003346446   
144      I1         0.973829551    1.637809805    0.8843081683   6.886137169    0.0896028394   0.7243308504   
145      I1         0.4304851418   1.865102614    0.2332132392   6.644687215    0.1916511212   0.3133207583   
146      I1         0.5144262091   2.180520308    0.6766322016   2.109461332    0.07459824225  0.8638139874   
147      I1         0.6501714999   1.914040856    0.241758991    0.5863888467   0.2519325676   0.3594179394   
148      I1         1.244751552    1.846727143    0.4957952261   0.1769113734   0.256211718    0.3886494089   
149      I1         0.3285586371   1.105283673    0.5050246263   5.36997952     0.197063944    0.4796021878   
150      I1         0.866175135    2.120810807    0.3424440375   0.2471027414   0.004909756784 1.299216426    
151      I1         1.758476031    2.547458364    0.6257311488   2.507284945    0.06648499524  0.5818588743   
152      I1         0.7074897604   1.623563135    0.09540675286  7.85114876     0.01770829749  1.158138417    
153      I1         1.51752088     1.061946202    0.8293473716   2.233874507    0.1461646759   0.4089863249   
154      I1         0.7482488826   1.368306792    0.2976878525   5.219617476    0.03371058992  1.048386422    
155      I1         0.5420655705   1.386281804    0.4556091307   6.624434712    0.1854066653   0.3791505212   
156      I1         1.162721522    2.364682212    0.4982970698   0.3794033731   0.07580305918  0.5893374597   
157      I1         1.488799289    2.353332986    0.3959173938   5.722193126    0.1268215307   0.4824870943   
158      I1         0.7196277594   2.161198875    0.6663352558   7.319118968    0.04977137479  0.9490824914   
159      I1         1.069000019    1.806078942    0.8113882099   3.330466053    0.2249947792   0.2808357684   
160      I1         0.4976089969   1.67081122     0.5534769359   3.987217094    0.1020658605   0.658004585    
161      I1         1.098367723    1.654378836    0.9090711576   4.404323695    0.2748350872   0.3038372925   
162      I1         0.9080263691   2.37031698     0.1518104971   0.4668629691   0.1014679725   0.5377577143   
163      I1         1.990996676    1.283147972    0.2100086081   5.43170614     0.2819449405   0.7009310253   
164      I1         1.80468192     2.436423644    0.7373419219   7.228198565    0.2301529781   0.5252766967   
165      I1         1.764753117    2.422904768    0.2884011027   3.237467964    0.2359461855   0.7600692562   
166      I1         1.301021493    2.555003389    0.2512428279   9.762333124    0.08326234878  0.5608185301   
167      I1         0.7409346075   2.407301197    0.6759921798   4.001165434    0.09492456214  0.6507487109   
168      I1         1.382954783    1.457724002    0.2530511585   4.135522521    0.1784025813   0.4005123015   
169      I1         1.518732135    1.995419009    0.5685544666   7.860451058    0.1800678373   0.3959936372   
170      I1         0.9059262998   1.901955297    0.988718817    2.444885035    0.294291818    0.3750295761   
171      I1         0.5369019975   1.146068176    0.2580693034   3.367361355    0.21715592     0.3222717568   
172      I1         1.651440729    1.693992783    0.02875644145  2.96306762     0.1128795596   0.6438885895   
173      I1         1.459552999    2.477854227    0.1879873966   6.74857966     0.2226732022   0.7278517663   
174      I1         1.141522265    1.303784423    0.3792242899   3.026589051    0.04462317245  0.9215588856   
175      I1         1.365941496    2.447268904    0.5722285074   6.009977074    0.2200817661   0.3929704387   
176      I1         1.081726666    2.29651723     0.9271647848   7.906744585    0.2502247231   0.3099841665   
177      I1         0.5212860984   2.488531847    0.4302310682   1.879921363    0.0241935056   1.0170185      
178      I1         1.628908169    1.340093733    0.2965311055   4.356625167    0.01540349276  1.172381411    
179      I1         1.275950592    1.545416253    0.5821217126   7.290965054    0.08876398764  0.6074143418   
180      I1         0.4057035626   2.049813049    0.6236486632   9.473516053    0.1533405608   0.5617070504   
181      I1         1.931563387    2.204138346    0.200390285    6.960006401    0.1133256051   0.7579335389   
182      I1         1.101323509    1.605384842    0.7043578125   5.034623237    0.1201190503   0.4966763482   
183      I1         1.250014581    1.732391951    0.1838472716   4.880365191    0.2270339628   0.4426319078   
184      I1         1.682335925    2.27527896     0.6701648046   2.916113654    0.100437422    0.5020418374   
185      I1         1.373481817    1.149679854    0.6035682808   1.104796521    0.2582927885   0.3359083891   
186      I1         1.973053607    1.338449556    0.9323433641   4.892884515    0.2731757449   0.5773095882   
187      I1         1.479476688    1.930591487    0.8200926539   7.818359784    0.169666183    0.3563255989   
188      I1         0.8352697815   1.124789684    0.8975694465   5.302236487    0.1033206369   0.7338140547   
189      I1         0.9744128914   2.594591468    0.8812576073   6.769619037    0.1725274879   0.4104290932   
190      I1         0.8192857502   2.455724537    0.9706041785   5.085836127    0.1629893411   0.5447099023   
191      I1         1.79550917     1.299671974    0.9571056477   4.197736747    0.1243314246   0.4643420974   
192      I1         1.446335508    1.614103081    0.4743634524   5.757132868    0.09779642546  0.5543595751   
193      I1         1.722002096    1.496423881    0.4874378318   0.9466208609   0.229427592    0.491537014    
194      I1         1.72488636     2.106105563    0.7211783123   9.262183006    0.04123190324  0.7905857748   
195      I1         0.9931211435   2.074017228    0.1592680332   5.011605948    0.09017437801  0.5375761256   
196      I1         1.205255055    2.306006852    0.8413093938   0.7461396      0.1454839513   0.4187892835   
197      I1         0.5489412889   1.643923416    0.5079141114   1.144788363    0.0370963921   1.069575165    
198      I1         0.9989670997   1.346035666    0.4326552684   1.96484778     0.03410372704  1.04942245     
199      I1         1.683075573    1.855932989    0.6141247422   8.435953095    0.1759022912   0.4365097594   
200      I1         0.6996487793   2.372407311    0.4849303703   7.577552967    0.005658206501 1.399504917    
201      I1         0.4792202012   1.576814556    0.8386562516   9.154519875    0.2571707726   0.5132151376   
202      I1         0.7856290043   1.772829532    0.1282105867   2.317182403    0.1081483326   0.496357729    
203      I1         0.36004142     1.034365161    0.680704075    3.56941665     0.01811422234  1.624028665    
204      I1         1.062583374    1.266991593    0.6953625928   0.8260366477   0.1166315637   0.5716699722   
205      I1         0.872472806    2.016681234    0.09879715739  2.004962762    0.1043637057   0.5152443533   
206      I1         1.998319731    1.181177565    0.2089578086   8.284955499    0.1666744679   0.5867166041   
207      I1         1.557081237    1.720055247    0.1361219754   6.992921713    0.2680968676   0.6044028931   
208      I1         1.221021649    2.165513297    0.1048459823   7.956043475    0.05278412174  0.6876379599   
209      I1         0.3902345162   2.23575481     0.3645190706   4.190495188    0.01345321681  1.185323316    
210      I1         1.88843912     1.502985028    0.3617229176   5.056203602    0.2100411607   0.5780478205   
211      I1         0.5014862514   2.141465459    0.04744972561  1.287616446    0.06858646874  0.6127199363   
212      I1         0.6609580598   1.051939886    0.3290888779   7.373662739    0.2776554718   0.3374072205   
213      I1         1.359382799    2.35817213     0.8265532606   7.501175422    0.05175692027  0.8021298864   
214      I1         1.600285292    1.875005895    0.9286045323   6.543546026    0.0867882787   0.5952887697   
215      I1         1.832347989    1.046458867    0.9375802072   3.472139862    0.02057110449  1.027046615    
216      I1         1.005887567    1.972364014    0.7574143314   8.178379648    0.05894404274  0.8369111822   
217      I1         1.015064302    1.120258727    0.4643679895   5.332589335    0.08117757942  0.7126981481   
218      I1         1.498235502    1.975972814    0.833652634    0.5148381013   0.129371814    0.4537670825   
219      I1         0.460359321    1.740200609    0.5808768799   8.669905264    0.2922580032   0.3917197519   
220      I1         1.881864559    1.629118409    0.758768983    1.043329762    0.0644646392   0.6809218297   
221      I1         0.6218146609   2.381482366    0.959576483    5.279880397    0.2128942869   0.5371172513   
222      I1         1.775966423    2.668874854    0.9180832957   6.922597836    0.1595667001   0.4065952501   
223      I1         1.618362611    1.374843451    0.8542644272   7.071226522    0.2157323063   0.3577113138   
224      I1         1.212023774    1.648557062    0.01987104104  3.171506859    0.1732860913   0.4781474393   
225      I1         1.117992494    2.480325566    0.2134344194   9.105357257    0.1600889533   0.5497762796   
226      I1         1.748286095    2.402522684    0.870526132    2.158628529    0.1231680124   0.4525446815   
227      I1         1.296228928    1.47684756     0.8615087911   6.713391891    0.1645488423   0.3710873391   
228      I1         1.467821931    1.201716412    0.7784345942   2.652348399    0.2369836423   0.3188331415   
229      I1         0.8535962471   2.578719527    0.7635570378   1.601523929    0.1509554484   0.4546204881   
230      I1         0.6263816946   1.550618968    0.6901710945   0.6298177523   0.2768128524   0.3679951627   
231      I1         1.915915018    1.522818988    0.1717239359   3.234673667    0.2110609601   0.6504279256   
232      I1         1.868473146    1.425525521    0.7259872373   2.7769461      0.02230199148  0.9869892238   
233      I1         1.608771412    2.318754595    0.9517507719   9.124406446    0.1869897388   0.3530348254   
234      I1         0.408544849    1.327864414    0.3355167219   3.870790833    0.1342152889   0.4961119016   
235      I1         1.381827444    2.148702014    0.101792923    4.609512709    0.2255813986   0.6876861683   
236      I1         1.908649771    2.298393316    0.1557264435   3.272163128    0.2164788993   0.8684708979   
237      I1         0.4689079693   1.880140909    0.4264992985   2.531383436    0.2669505124   0.292125044    
238      I1         1.3490471      2.619524521    0.5576689306   0.3626207292   0.02861048265  0.8359369906   
239      I1         0.519434217    2.309147292    0.6441586688   7.759167438    0.2415632858   0.389828975    
240      I1         1.740831827    2.629135782    0.1643526112   8.788631933    0.2903446706   0.9242392043   
241      I1         1.395449208    1.941346502    0.2826624194   1.462707619    0.1888885612   0.4627015351   
242      I1         0.7675012623   1.850722746    0.6564252747   5.673879639    0.2651009958   0.3076280173   
243      I1         1.730353726    2.037781874    0.2621772818   0.5442024497   0.02580000113  0.8652915192   
244      I1         1.870099175    1.173806576    0.346439444    5.694942135    0.1936397314   0.5128756305   
245      I1         1.406987481    1.090187553    0.3182065859   7.13699363     0.1874416785   0.3711517866   
246      I1         1.303370076    1.57146601     0.7967770558   8.731854044    0.09332957658  0.6053849965   
247      I1         0.6677877611   1.985846631    0.7147995907   5.448511551    0.01262461522  1.52935643     
248      I1         1.559430362    1.400965242    0.01096722084  4.265448546    0.02955522897  1.023543715    
249      I1         1.592116285    1.448917371    0.3886177276   3.947583228    0.2387357021   0.4499138367   
250      I1         1.574434238    1.084743497    0.2710913452   7.017982584    0.02324300246  1.098549203    
251      I1         1.310439953    1.950323918    0.7986998212   6.222284026    0.1571614128   0.3673879949   
252      I1         0.8414926297   1.197083982    0.0765070186   7.597962029    0.2596500653   0.3408841755   
253      I1         1.69721588     2.333158098    0.641496781    7.206321713    0.2954409868   0.5874562369   
254      I1         0.8936899455   1.072841677    0.3828402982   8.573507468    0.08422149886  0.7236761264   
255      I1         0.6881199015   2.201317947    0.400512182    2.073629794    0.2328761416   0.2906820496   
256      I1         1.428226823    2.081967787    0.6842847913   5.596082035    0.2436515761   0.36667385     
257      I1         1.415755904    1.527044211    0.420406943    1.619183891    0.09966243663  0.561222191    
258      I1         1.012847891    1.322749343    0.7347131634   1.840146175    0.05019758737  0.9525711802   
259      I1         0.5303073602   2.282828503    0.8757972593   1.769414299    0.2978657689   0.4820112315   
260      I1         1.538629173    1.597078326    0.3553098455   8.13697614     0.1762402845   0.433216161    
261      I1         0.600299416    2.432352504    0.4810012562   1.929713924    0.1673022909   0.3395159859   
262      I1         1.182398971    1.790683409    0.05017522815  9.665746649    0.1927391008   0.4956963565   
263      I1         1.979905971    1.265502074    0.3102496721   8.093420141    0.2603564173   0.6525130849   
264      I1         1.948251375    1.437335597    0.5696627217   8.618729449    0.08502429076  0.617997595    
265      I1         1.280854117    2.58541142     0.6151645374   4.629631173    0.0766136123   0.5703216807   
266      I1         0.728718011    1.162088808    0.7712621563   0.1386105809   0.1940269468   0.4934151406   
267      I1         1.177159204    1.937680794    0.5488706548   4.031690719    0.03298537564  0.9268495869   
268      I1         1.269443469    1.015258679    0.8990153957   5.530253552    0.1741507529   0.3583924976   
269      I1         1.507471669    1.469167139    0.2380694158   5.911272733    0.2530288264   0.4731183503   
270      I1         1.921550885    1.239487442    0.9822357883   4.52138942     0.1102110806   0.5101389755   
271      I1         0.4360475337   1.919140271    0.9203800255   0.269919655    0.1817009697   0.6731931243   
272      I1         1.076181637    2.013724513    0.6190188693   1.070356368    0.03522060745  0.9493676548   
273      I1         1.216061424    1.236657754    0.9486400733   6.530355773    0.1214391102   0.5252354349   
274      I1         1.092924469    1.591783969    0.8066091071   0.9593261186   0.1360168329   0.4856739015   
275      I1         1.822802265    1.831704451    0.6328426929   2.756046349    0.2690126468   0.5751457589   
276      I1         1.738002296    2.129963821    0.4721197333   1.887791865    0.09891293889  0.5534710647   
277      I1         0.8789505393   1.248939516    0.5129094329   3.510554258    0.1831924024   0.3545589852   
278      I1         0.6957140961   2.086270055    0.3676463919   1.35251921     0.1712635888   0.3040205907   
279      I1         0.7957480231   2.171886984    0.3915069734   7.437018435    0.06296357631  0.6651852233   
280      I1         1.901462023    1.213851171    0.6084472201   9.671817098    0.03116003391  0.8979213885   
281      I1         1.046500615    2.413440626    0.5243620839   0.7145979613   0.2442730482   0.3331997716   
282      I1         0.6847636401   1.186086906    0.06177781765  7.465140334    0.2838588672   0.3488933824   
283      I1         1.452181115    1.024249216    0.3780277471   2.389648818    0.001034197201 1.699372878    
284      I1         0.3107108767   1.90839714     0.9473977662   8.484580848    0.1556640794   0.8296313356   
285      I1         0.8563423004   1.81166574     0.1741324481   1.167673099    0.09103593529  0.5534190502   
286      I1         1.876269462    1.382261558    0.4791978633   6.17371461     0.01464680883  1.091605504    
287      I1         1.389904313    2.660330014    0.1212022547   5.407307661    0.01956589186  0.7723147175   
288      I1         1.266159008    2.262234132    0.3373714494   2.60429237     0.03866555909  0.7260935139   
289      I1         1.937686949    1.767639995    0.9061313741   3.782430276    0.002932819657 1.286537775    
290      I1         0.719191177    1.588301778    0.06535929282  9.402470267    0.2782937442   0.4204783151   
291      I1         0.3131261282   1.276145037    0.9397456248   6.083045783    0.163138056    0.8015966776   
292      I1         0.5783994492   2.600075591    0.1987421265   5.127866693    0.1478880185   0.4701515496   
293      I1         1.674256652    2.572289077    0.9751080515   2.368790368    0.1999537154   0.3471169824   
294      I1         1.701964074    1.899072277    0.5309114694   0.6072840908   0.2345448356   0.5299722324   
295      I1         0.8313026433   2.530528148    0.3028261628   8.048874626    0.03004532978  0.7706001675   
296      I1         0.7603459946   2.208117891    0.526658302    5.805738367    0.2629563675   0.3060279053   
297      I1         0.3949104709   1.206270639    0.7513061837   7.554591966    0.1791999379   0.6174035222   
298      I1         0.7461268417   1.353113064    0.9117041212   5.943912963    0.1517180085   0.5947224262   
299      I1         0.5744913194   2.644110444    0.53496363     2.197027371    0.1051040357   0.5660957949   
300      I1         0.787877155    2.590534515    0.5611412147   4.573291518    0.1827583849   0.3157607179   
301      I1         1.055685109    1.944055784    0.6635573845   3.402263374    0.2232510288   0.2633356101   
302      I1         0.8336305441   1.959602195    0.4995518976   2.299245542    0.2203703704   0.2565053351   
303      I1         1.055944216    2.699870447    0.6483219021   0.1022633745   0.1962277092   0.3229202803   
304      I1         0.3003886603   1.567055327    0.3367413504   4.013374486    0.2530178326   0.2863473651   
305      I1         0.8452903521   1.986031093    0.505974699    3.198559671    0.2199588477   0.2598906073   
306      I1         0.6773891175   1.755426002    0.409035208    1.197736626    0.2247599451   0.2586302367   
307      I1         1.149222679    2.037334248    0.7361499771   0.1007544582   0.2141975309   0.312747337    
308      I1         0.7955418381   1.755426002    0.4941746685   2.003497942    0.2334019204   0.2570127431   
309      I1         0.6776482244   1.944833105    0.4663923182   0.4644032922   0.2334019204   0.2756888384   
310      I1         1.169433013    1.567055327    0.771998171    9.999245542    0.2195473251   0.3080872722   
311      I1         1.321010517    1.000129553    0.8813351623   9.997736626    0.2999314129   0.3654309359   
312      I1         1.209853681    1.000129553    0.5748331047   9.997736626    0.2999314129   0.36959088     
313      I1         1.244314891    2.69961134     0.9897759488   3.275514403    0.2334019204   0.2838286059   
314      I1         0.44652492     1.189277549    0.1594421582   2.297736626    0.2666438043   0.2989307701   
315      I1         1.299245542    1.000129553    0.9897759488   9.997736626    0.251920439    0.3132498325   
316      I1         1.221513489    1.000129553    0.8808870599   2.85           0.2999314129   0.3297990019   
317      I1         0.3003886603   1.364174668    0.2087334248   9.999245542    0.2281893004   0.3052970757   
318      I1         1.244055784    1.000129553    0.9897759488   3.397736626    0.2482167353   0.2854263733   
319      I1         1.244055784    1.000129553    0.9897759488   0.1022633745   0.2693415638   0.3378850272   
320      I1         1.265820759    1.000129553    0.868340192    5.602263374    0.2681069959   0.3037978984   
321      I1         1.118907179    2.321833562    0.8085932023   3.402263374    0.2390260631   0.267159736    
322      I1         0.4434156379   1.377648224    0.2123182442   6.702263374    0.2375171468   0.2831873975   
323      I1         1.244055784    2.699870447    0.9897759488   0.1022633745   0.2822359396   0.3445044845   
324      I1         1.093255601    1.000129553    0.8199451303   2.107613169    0.2567215364   0.3039211464   
325      I1         1.222290809    2.699870447    0.5542203932   0.8310699588   0.1615226337   0.3512954901   
326      I1         0.8033150434   2.69961134     0.6631092821   9.997736626    0.2999771376   0.3747221342   
327      I1         0.4892775492   2.699870447    0.4457796068   9.997736626    0.2111796982   0.3768607578   
328      I1         0.3003886603   2.699870447    0.5112025606   9.997736626    0.287037037    0.4517088824   
329      I1         1.292249657    2.132944673    0.9899253163   9.997736626    0.2999314129   0.3571913613   
330      I1         1.270484682    1.755944216    0.9899253163   9.997736626    0.2490397805   0.3117077408   
331      I1         1.336556927    2.69961134     0.9899253163   9.997736626    0.2334019204   0.3086643187   
332      I1         1.367649749    2.699870447    0.9897759488   9.997736626    0.2793552812   0.3418463453   
333      I1         1.055944216    2.69961134     0.7939551898   9.999245542    0.2516460905   0.308997025    
334      I1         1.055944216    1.00038866     0.4457796068   9.999245542    0.2334019204   0.3270768849   
335      I1         1.055944216    2.699870447    0.6187471422   9.997736626    0.1628943759   0.3552099927   
336      I1         1.085482396    2.322610882    0.6631092821   3.402263374    0.1999771376   0.2749387122   
337      I1         0.3003886603   1.567055327    0.3373388203   9.999245542    0.2542524005   0.3191550306   
338      I1         1.158550526    2.132944673    0.8383173297   9.999245542    0.2753772291   0.3248857528   
339      I1         0.7831047096   2.69961134     0.6232281664   1.890329218    0.2999771376   0.3375722282   
340      I1         0.8662780064   2.69961134     0.6632586496   2.121193416    0.2602880658   0.2862213408   
341      I1         1.244055784    1.567055327    0.9899253163   6.702263374    0.2170781893   0.3039445645   
342      I1         0.3003886603   2.69961134     0.4578783722   0.4644032922   0.2999771376   0.4154051898   
343      I1         0.741129401    1.00038866     0.1912574303   1.564403292    0.2999771376   0.3534894375   
344      I1         0.3415866484   1.566537113    0.2154549611   2.696090535    0.2165294925   0.2677722102   
345      I1         0.3003886603   1.356401463    0.03397347965  0.1022633745   0.2000228624   0.3652599932   
346      I1         0.8665371132   2.280635574    0.6631092821   1.197736626    0.2667352538   0.2830027704   
347      I1         1.055944216    1.566278006    0.6796890718   3.400754458    0.2453360768   0.2720879304   
348      I1         0.3001295534   1.217261088    0.01022405121  1.197736626    0.2530178326   0.3105929176   
349      I1         0.4255372657   1.545290352    0.227703094    2.836419753    0.2334019204   0.2648396352   
350      I1         1.244055784    1.567055327    0.9899253163   6.702263374    0.2554869684   0.2975874159   
351      I1         1.181870142    1.567055327    0.6635573845   9.999245542    0.2554869684   0.3186733484   
%eval_id interface log__t_efold_shallow log__t_efold_soil f_exfiltration_shallow PDD_melt_factor baseflow_Q     neg_kge        
352      I1         0.8336305441   1.959602195    0.4995518976   2.299245542    0.2203703704   0.2565053351   
353      I1         1.003630544    1.959602195    0.4995518976   2.299245542    0.2203703704   0.2731768096   
354      I1         0.8336305441   2.129602195    0.4995518976   2.299245542    0.2203703704   0.261488874    
355      I1         0.8336305441   1.959602195    0.5975518976   2.299245542    0.2203703704   0.2660756457   
356      I1         0.8336305441   1.959602195    0.4995518976   3.289245542    0.2203703704   0.2598330899   
357      I1         0.8336305441   1.959602195    0.4995518976   2.299245542    0.2503703704   0.2692012952   
358      I1         0.6636305441   1.959602195    0.4995518976   2.299245542    0.2203703704   0.2657652975   
359      I1         0.8336305441   1.789602195    0.4995518976   2.299245542    0.2203703704   0.2578920026   
360      I1         0.8336305441   1.959602195    0.4015518976   2.299245542    0.2203703704   0.2751353737   
361      I1         0.8336305441   1.959602195    0.4995518976   1.309245542    0.2203703704   0.2575514123   
362      I1         0.8336305441   1.959602195    0.4995518976   2.299245542    0.1903703704   0.2776730616   
363      I1         0.9186305441   1.959602195    0.4995518976   2.299245542    0.2203703704   0.2616910035   
364      I1         0.8336305441   2.044602195    0.4995518976   2.299245542    0.2203703704   0.2580732646   
365      I1         0.8336305441   1.959602195    0.5485518976   2.299245542    0.2203703704   0.2576200879   
366      I1         0.8336305441   1.959602195    0.4995518976   2.794245542    0.2203703704   0.2581648095   
367      I1         0.8336305441   1.959602195    0.4995518976   2.299245542    0.2353703704   0.2592068461   
368      I1         0.7486305441   1.959602195    0.4995518976   2.299245542    0.2203703704   0.2578693435   
369      I1         0.8336305441   1.874602195    0.4995518976   2.299245542    0.2203703704   0.2563776509   
370      I1         0.8336305441   1.959602195    0.4505518976   2.299245542    0.2203703704   0.2619748377   
371      I1         0.8336305441   1.959602195    0.4995518976   1.804245542    0.2203703704   0.2559701784   
372      I1         0.8336305441   1.959602195    0.4995518976   2.299245542    0.2053703704   0.2625542705   
373      I1         0.8761305441   1.959602195    0.4995518976   2.299245542    0.2203703704   0.2582833339   
374      I1         0.8336305441   2.002102195    0.4995518976   2.299245542    0.2203703704   0.2569703997   
375      I1         0.8336305441   1.959602195    0.5240518976   2.299245542    0.2203703704   0.2561902927   
376      I1         0.8336305441   1.959602195    0.4995518976   2.546745542    0.2203703704   0.2572905636   
377      I1         0.8336305441   1.959602195    0.4995518976   2.299245542    0.2278703704   0.2568315299   
378      I1         0.7911305441   1.959602195    0.4995518976   2.299245542    0.2203703704   0.2563420964   
379      I1         0.8336305441   1.917102195    0.4995518976   2.299245542    0.2203703704   0.2562391246   
380      I1         0.8336305441   1.959602195    0.4750518976   2.299245542    0.2203703704   0.2584385257   
381      I1         0.8336305441   1.959602195    0.4995518976   2.051745542    0.2203703704   0.256026981    
382      I1         0.8336305441   1.959602195    0.4995518976   2.299245542    0.2128703704   0.2583866396   
383      I1         0.8548805441   1.959602195    0.4995518976   2.299245542    0.2203703704   0.2572126691   
384      I1         0.8336305441   1.980852195    0.4995518976   2.299245542    0.2203703704   0.2567087989   
385      I1         0.8336305441   1.959602195    0.5118018976   2.299245542    0.2203703704   0.2561275976   
386      I1         0.8336305441   1.959602195    0.4995518976   2.422995542    0.2203703704   0.2568739568   
387      I1         0.8336305441   1.959602195    0.4995518976   2.299245542    0.2241203704   0.256400686    
388      I1         0.8123805441   1.959602195    0.4995518976   2.299245542    0.2203703704   0.2562180335   
389      I1         0.8336305441   1.938352195    0.4995518976   2.299245542    0.2203703704   0.256349754    
390      I1         0.8336305441   1.959602195    0.4873018976   2.299245542    0.2203703704   0.2573032143   
391      I1         0.8336305441   1.959602195    0.4995518976   2.175495542    0.2203703704   0.2562143689   
392      I1         0.8336305441   1.959602195    0.4995518976   2.299245542    0.2166203704   0.2571631398   
393      I1         0.8548805441   1.959602195    0.5118018976   2.299245542    0.2203703704   0.2564634575   
394      I1         0.8336305441   1.980852195    0.5118018976   2.299245542    0.2203703704   0.2562334092   
395      I1         0.8336305441   1.959602195    0.5118018976   2.422995542    0.2203703704   0.2564500711   
396      I1         0.8336305441   1.959602195    0.5118018976   2.299245542    0.2241203704   0.2557971158   
397      I1         0.8123805441   1.959602195    0.5118018976   2.299245542    0.2203703704   0.2562185546   
398      I1         0.8336305441   1.938352195    0.5118018976   2.299245542    0.2203703704   0.2560857132   
399      I1         0.8336305441   1.959602195    0.5118018976   2.175495542    0.2203703704   0.2558496314   
400      I1         0.8336305441   1.959602195    0.5118018976   2.299245542    0.2166203704   0.2570140014   
401      I1         0.8548805441   1.959602195    0.5118018976   2.299245542    0.2241203704   0.2563053823   
402      I1         0.8336305441   1.980852195    0.5118018976   2.299245542    0.2241203704   0.2559995157   
403      I1         0.8336305441   1.959602195    0.5240518976   2.299245542    0.2241203704   0.2556290161   
404      I1         0.8336305441   1.959602195    0.5118018976   2.422995542    0.2241203704   0.2561327731   
405      I1         0.8336305441   1.959602195    0.5118018976   2.299245542    0.2278703704   0.2560074387   
406      I1         0.8123805441   1.959602195    0.5118018976   2.299245542    0.2241203704   0.2557144632   
407      I1         0.8336305441   1.938352195    0.5118018976   2.299245542    0.2241203704   0.2556527783   
408      I1         0.8336305441   1.959602195    0.5118018976   2.175495542    0.2241203704   0.255505773    
409      I1         0.8548805441   1.959602195    0.5118018976   2.175495542    0.2241203704   0.2560160895   
410      I1         0.8336305441   1.980852195    0.5118018976   2.175495542    0.2241203704   0.2557030638   
411      I1         0.8336305441   1.959602195    0.5240518976   2.175495542    0.2241203704   0.2553936466   
412      I1         0.8336305441   1.959602195    0.5118018976   2.175495542    0.2278703704   0.2557047308   
413      I1         0.8123805441   1.959602195    0.5118018976   2.175495542    0.2241203704   0.2554404518   
414      I1         0.8336305441   1.938352195    0.5118018976   2.175495542    0.2241203704   0.2553950869   
415      I1         0.8336305441   1.959602195    0.4995518976   2.175495542    0.2241203704   0.2560971455   
416      I1         0.8336305441   1.959602195    0.5118018976   2.051745542    0.2241203704   0.2553076346   
417      I1         0.8548805441   1.959602195    0.5118018976   2.051745542    0.2241203704   0.2558300967   
418      I1         0.8336305441   1.980852195    0.5118018976   2.051745542    0.2241203704   0.2555099563   
419      I1         0.8336305441   1.959602195    0.5240518976   2.051745542    0.2241203704   0.2552013251   
420      I1         0.8336305441   1.959602195    0.5118018976   2.051745542    0.2278703704   0.2554954559   
421      I1         0.8123805441   1.959602195    0.5118018976   2.051745542    0.2241203704   0.2552318992   
422      I1         0.8336305441   1.938352195    0.5118018976   2.051745542    0.2241203704   0.2551963054   
423      I1         0.8336305441   1.959602195    0.4995518976   2.051745542    0.2241203704   0.2558972546   
424      I1         0.8336305441   1.959602195    0.5118018976   1.927995542    0.2241203704   0.2552333579   
425      I1         0.8336305441   1.959602195    0.5118018976   2.051745542    0.2203703704   0.2556645208   
426      I1         0.8442555441   1.959602195    0.5118018976   2.051745542    0.2241203704   0.2555228401   
427      I1         0.8336305441   1.970227195    0.5118018976   2.051745542    0.2241203704   0.2554125564   
428      I1         0.8336305441   1.959602195    0.5179268976   2.051745542    0.2241203704   0.2551862047   
429      I1         0.8336305441   1.959602195    0.5118018976   2.113620542    0.2241203704   0.255396587    
430      I1         0.8336305441   1.959602195    0.5118018976   2.051745542    0.2259953704   0.255334585    
431      I1         0.8230055441   1.959602195    0.5118018976   2.051745542    0.2241203704   0.2552075605   
432      I1         0.8336305441   1.948977195    0.5118018976   2.051745542    0.2241203704   0.2552390165   
433      I1         0.8336305441   1.959602195    0.5056768976   2.051745542    0.2241203704   0.2555575038   
434      I1         0.8336305441   1.959602195    0.5118018976   1.989870542    0.2241203704   0.2552536686   
435      I1         0.8336305441   1.959602195    0.5118018976   2.051745542    0.2222453704   0.255416939    
436      I1         0.8442555441   1.959602195    0.5179268976   2.051745542    0.2241203704   0.2552874921   
437      I1         0.8336305441   1.970227195    0.5179268976   2.051745542    0.2241203704   0.2552357653   
438      I1         0.8336305441   1.959602195    0.5240518976   2.051745542    0.2241203704   0.2552013251   
439      I1         0.8336305441   1.959602195    0.5179268976   2.113620542    0.2241203704   0.255276239    
440      I1         0.8336305441   1.959602195    0.5179268976   2.051745542    0.2259953704   0.2551563832   
441      I1         0.8230055441   1.959602195    0.5179268976   2.051745542    0.2241203704   0.2552066502   
442      I1         0.8336305441   1.948977195    0.5179268976   2.051745542    0.2241203704   0.2551648773   
443      I1         0.8336305441   1.959602195    0.5179268976   1.989870542    0.2241203704   0.2551311306   
444      I1         0.8336305441   1.959602195    0.5179268976   2.051745542    0.2222453704   0.2553527978   
445      I1         0.8442555441   1.959602195    0.5179268976   1.989870542    0.2241203704   0.2552362615   
446      I1         0.8336305441   1.970227195    0.5179268976   1.989870542    0.2241203704   0.2551835175   
447      I1         0.8336305441   1.959602195    0.5240518976   1.989870542    0.2241203704   0.2551493501   
448      I1         0.8336305441   1.959602195    0.5179268976   1.989870542    0.2259953704   0.2550981156   
449      I1         0.8230055441   1.959602195    0.5179268976   1.989870542    0.2241203704   0.2551517222   
450      I1         0.8336305441   1.948977195    0.5179268976   1.989870542    0.2241203704   0.2551110093   
451      I1         0.8336305441   1.959602195    0.5179268976   1.927995542    0.2241203704   0.2551132079   
452      I1         0.8336305441   1.959602195    0.5179268976   1.989870542    0.2222453704   0.2553011396   
453      I1         0.8389430441   1.959602195    0.5179268976   1.989870542    0.2241203704   0.2551671782   
454      I1         0.8336305441   1.964914695    0.5179268976   1.989870542    0.2241203704   0.255152445    
455      I1         0.8336305441   1.959602195    0.5209893976   1.989870542    0.2241203704   0.2551250458   
456      I1         0.8336305441   1.959602195    0.5179268976   2.020808042    0.2241203704   0.2551527289   
457      I1         0.8336305441   1.959602195    0.5179268976   1.989870542    0.2250578704   0.255097627    
458      I1         0.8283180441   1.959602195    0.5179268976   1.989870542    0.2241203704   0.2551259167   
459      I1         0.8336305441   1.954289695    0.5179268976   1.989870542    0.2241203704   0.2551191372   
460      I1         0.8336305441   1.959602195    0.5148643976   1.989870542    0.2241203704   0.255174524    
461      I1         0.8336305441   1.959602195    0.5179268976   1.958933042    0.2241203704   0.255121002    
462      I1         0.8336305441   1.959602195    0.5179268976   1.989870542    0.2231828704   0.2551988876   
463      I1         0.8389430441   1.959602195    0.5179268976   1.989870542    0.2250578704   0.2551446256   
464      I1         0.8336305441   1.964914695    0.5179268976   1.989870542    0.2250578704   0.2551250557   
465      I1         0.8336305441   1.959602195    0.5209893976   1.989870542    0.2250578704   0.2550769771   
466      I1         0.8336305441   1.959602195    0.5179268976   2.020808042    0.2250578704   0.2551200678   
467      I1         0.8336305441   1.959602195    0.5179268976   1.989870542    0.2259953704   0.2550981156   
468      I1         0.8283180441   1.959602195    0.5179268976   1.989870542    0.2250578704   0.2550813452   
469      I1         0.8336305441   1.954289695    0.5179268976   1.989870542    0.2250578704   0.2550793182   
470      I1         0.8336305441   1.959602195    0.5148643976   1.989870542    0.2250578704   0.2551553418   
471      I1         0.8336305441   1.959602195    0.5179268976   1.958933042    0.2250578704   0.2550866066   
472      I1         0.8389430441   1.959602195    0.5209893976   1.989870542    0.2250578704   0.2550925508   
473      I1         0.8336305441   1.964914695    0.5209893976   1.989870542    0.2250578704   0.2550883314   
474      I1         0.8336305441   1.959602195    0.5240518976   1.989870542    0.2250578704   0.2550866397   
475      I1         0.8336305441   1.959602195    0.5209893976   2.020808042    0.2250578704   0.2550988451   
476      I1         0.8336305441   1.959602195    0.5209893976   1.989870542    0.2259953704   0.2550629662   
477      I1         0.8283180441   1.959602195    0.5209893976   1.989870542    0.2250578704   0.2550896963   
478      I1         0.8336305441   1.954289695    0.5209893976   1.989870542    0.2250578704   0.2550671327   
479      I1         0.8336305441   1.959602195    0.5209893976   1.958933042    0.2250578704   0.255066427    
480      I1         0.8389430441   1.959602195    0.5209893976   1.989870542    0.2259953704   0.255089687    
481      I1         0.8336305441   1.964914695    0.5209893976   1.989870542    0.2259953704   0.2550805616   
482      I1         0.8336305441   1.959602195    0.5240518976   1.989870542    0.2259953704   0.2550580468   
483      I1         0.8336305441   1.959602195    0.5209893976   2.020808042    0.2259953704   0.25508565     
484      I1         0.8336305441   1.959602195    0.5209893976   1.989870542    0.2269328704   0.2550827424   
485      I1         0.8283180441   1.959602195    0.5209893976   1.989870542    0.2259953704   0.2550645276   
486      I1         0.8336305441   1.954289695    0.5209893976   1.989870542    0.2259953704   0.2550468381   
487      I1         0.8336305441   1.959602195    0.5209893976   1.958933042    0.2259953704   0.2550515451   
488      I1         0.8389430441   1.954289695    0.5209893976   1.989870542    0.2259953704   0.2550699507   
489      I1         0.8336305441   1.954289695    0.5240518976   1.989870542    0.2259953704   0.2550525942   
490      I1         0.8336305441   1.954289695    0.5209893976   2.020808042    0.2259953704   0.2550688998   
491      I1         0.8336305441   1.954289695    0.5209893976   1.989870542    0.2269328704   0.2550603743   
492      I1         0.8283180441   1.954289695    0.5209893976   1.989870542    0.2259953704   0.2550534627   
493      I1         0.8336305441   1.948977195    0.5209893976   1.989870542    0.2259953704   0.2550380551   
494      I1         0.8336305441   1.954289695    0.5179268976   1.989870542    0.2259953704   0.2550735329   
495      I1         0.8336305441   1.954289695    0.5209893976   1.958933042    0.2259953704   0.2550360363   
496      I1         0.8442555441   1.954289695    0.5209893976   1.958933042    0.2259953704   0.2551126585   
497      I1         0.8336305441   1.964914695    0.5209893976   1.958933042    0.2259953704   0.2550689701   
498      I1         0.8336305441   1.954289695    0.5271143976   1.958933042    0.2259953704   0.2550655736   
499      I1         0.8336305441   1.954289695    0.5209893976   1.958933042    0.2278703704   0.2550949756   
500      I1         0.8230055441   1.954289695    0.5209893976   1.958933042    0.2259953704   0.2550628961   
501      I1         0.8336305441   1.943664695    0.5209893976   1.958933042    0.2259953704   0.2550187931   
502      I1         0.8336305441   1.954289695    0.5148643976   1.958933042    0.2259953704   0.2551196602   
503      I1         0.8336305441   1.954289695    0.5209893976   1.897058042    0.2259953704   0.2550278575   
504      I1         0.8336305441   1.954289695    0.5209893976   1.958933042    0.2241203704   0.2551125112   
505      I1         0.8389430441   1.954289695    0.5209893976   1.958933042    0.2259953704   0.2550585401   
506      I1         0.8336305441   1.954289695    0.5240518976   1.958933042    0.2259953704   0.2550433149   
507      I1         0.8336305441   1.954289695    0.5209893976   1.958933042    0.2269328704   0.2550487193   
508      I1         0.8283180441   1.954289695    0.5209893976   1.958933042    0.2259953704   0.2550422182   
509      I1         0.8336305441   1.948977195    0.5209893976   1.958933042    0.2259953704   0.2550268796   
510      I1         0.8336305441   1.954289695    0.5179268976   1.958933042    0.2259953704   0.2550614435   
511      I1         0.8336305441   1.954289695    0.5209893976   1.927995542    0.2259953704   0.2550281121   
512      I1         0.8336305441   1.954289695    0.5209893976   1.958933042    0.2250578704   0.2550572116   
513      I1         0.8362867941   1.954289695    0.5209893976   1.958933042    0.2259953704   0.2550446002   
514      I1         0.8336305441   1.956945945    0.5209893976   1.958933042    0.2259953704   0.255044173    
515      I1         0.8336305441   1.954289695    0.5225206476   1.958933042    0.2259953704   0.2550353591   
516      I1         0.8336305441   1.954289695    0.5209893976   1.974401792    0.2259953704   0.2550402087   
517      I1         0.8336305441   1.954289695    0.5209893976   1.958933042    0.2264641204   0.2550381628   
518      I1         0.8309742941   1.954289695    0.5209893976   1.958933042    0.2259953704   0.2550367146   
519      I1         0.8336305441   1.951633445    0.5209893976   1.958933042    0.2259953704   0.255030022    
520      I1         0.8336305441   1.954289695    0.5194581476   1.958933042    0.2259953704   0.2550458204   
521      I1         0.8336305441   1.954289695    0.5209893976   1.943464292    0.2259953704   0.2550323719   
522      I1         0.8336305441   1.954289695    0.5209893976   1.958933042    0.2255266204   0.2550423746   
523      I1         0.8362867941   1.951633445    0.5209893976   1.958933042    0.2259953704   0.2550357962   
524      I1         0.8336305441   1.951633445    0.5225206476   1.958933042    0.2259953704   0.255033181    
525      I1         0.8336305441   1.951633445    0.5209893976   1.974401792    0.2259953704   0.2550342504   
526      I1         0.8336305441   1.951633445    0.5209893976   1.958933042    0.2264641204   0.2550305729   
527      I1         0.8309742941   1.951633445    0.5209893976   1.958933042    0.2259953704   0.2550332437   
528      I1         0.8336305441   1.951633445    0.5194581476   1.958933042    0.2259953704   0.2550362955   
529      I1         0.8336305441   1.951633445    0.5209893976   1.943464292    0.2259953704   0.255026322    
530      I1         0.8336305441   1.951633445    0.5209893976   1.958933042    0.2255266204   0.2550379414   
531      I1         0.8362867941   1.951633445    0.5209893976   1.943464292    0.2259953704   0.2550321187   
532      I1         0.8336305441   1.951633445    0.5225206476   1.943464292    0.2259953704   0.2550295714   
533      I1         0.8336305441   1.951633445    0.5209893976   1.943464292    0.2264641204   0.2550266518   
534      I1         0.8309742941   1.951633445    0.5209893976   1.943464292    0.2259953704   0.2550294186   
535      I1         0.8336305441   1.948977195    0.5209893976   1.943464292    0.2259953704   0.2550230806   
536      I1         0.8336305441   1.951633445    0.5194581476   1.943464292    0.2259953704   0.2550324682   
537      I1         0.8336305441   1.951633445    0.5209893976   1.927995542    0.2259953704   0.2550221858   
538      I1         0.8336305441   1.951633445    0.5209893976   1.943464292    0.2255266204   0.2550344658   
539      I1         0.8362867941   1.951633445    0.5209893976   1.927995542    0.2259953704   0.2550278863   
540      I1         0.8336305441   1.954289695    0.5209893976   1.927995542    0.2259953704   0.2550281121   
541      I1         0.8336305441   1.951633445    0.5225206476   1.927995542    0.2259953704   0.2550258205   
542      I1         0.8336305441   1.951633445    0.5209893976   1.927995542    0.2264641204   0.2550223005   
543      I1         0.8309742941   1.951633445    0.5209893976   1.927995542    0.2259953704   0.2550253685   
544      I1         0.8336305441   1.948977195    0.5209893976   1.927995542    0.2259953704   0.255019091    
545      I1         0.8336305441   1.951633445    0.5194581476   1.927995542    0.2259953704   0.2550280035   
546      I1         0.8336305441   1.951633445    0.5209893976   1.912526792    0.2259953704   0.2550202142   
547      I1         0.8336305441   1.951633445    0.5209893976   1.927995542    0.2255266204   0.2550305482   
548      I1         0.8362867941   1.948977195    0.5209893976   1.927995542    0.2259953704   0.2550218531   
549      I1         0.8336305441   1.948977195    0.5225206476   1.927995542    0.2259953704   0.2550230997   
550      I1         0.8336305441   1.948977195    0.5209893976   1.927995542    0.2264641204   0.2550176067   
551      I1         0.8309742941   1.948977195    0.5209893976   1.927995542    0.2259953704   0.2550243863   
552      I1         0.8336305441   1.946320945    0.5209893976   1.927995542    0.2259953704   0.2550188173   
553      I1         0.8336305441   1.948977195    0.5194581476   1.927995542    0.2259953704   0.2550206208   
554      I1         0.8336305441   1.948977195    0.5209893976   1.912526792    0.2259953704   0.2550170624   
555      I1         0.8336305441   1.948977195    0.5209893976   1.927995542    0.2255266204   0.2550290577   
