%eval_id interface log__t_efold_shallow log__t_efold_soil log__t_efold_karst f_exfiltration_shallow f_exfiltration_soil PDD_melt_factor log__H0_pdm_shallow log__fdd_threshold neg_kge        
1        I1         1.031569625    1.972364014    3.91705676     0.08187029442  0.1117894441   0.9572361427   2.287974566    1.974810004    1.043137402    
2        I1         1.738002296    2.153882841    3.606658393    0.7426416074   0.7193760053   3.697353834    1.056579247    0.2342803905   2.32468043     
3        I1         1.583172998    1.327864414    2.778552717    0.4832078674   0.0890321183   4.331382158    1.132762913    0.4107358551   2.275012792    
4        I1         1.973053607    1.712391478    3.287586518    0.3240121076   0.04916239375  5.190489881    1.237292771    2.991132966    2.274739962    
5        I1         1.177159204    1.702042258    3.024145158    0.2578996488   0.4326145925   4.286154237    3.190779325    2.116017835    1.547819822    
6        I1         1.389904313    2.030189091    2.555153062    0.6602045533   0.2052308283   5.08417707     2.598481492    0.9477062294   1.698454601    
7        I1         1.446335508    1.919140271    3.164319841    0.368880236    0.9170078746   0.4714102173   1.305595537    1.000439065    2.183843774    
8        I1         0.9481382881   1.975972814    2.895061716    0.7300191398   0.4387943063   9.121403494    3.17842612     1.066911655    1.991069119    
9        I1         1.459552999    1.899072277    3.742895652    0.3745234011   0.9751072237   0.1747179927   3.28839053     1.763299569    1.583454777    
10       I1         0.3237088733   2.081967787    3.401677843    0.3637232882   0.4543216541   5.656863288    2.755057012    0.4341217125   2.214744899    
11       I1         1.160758497    1.914040856    3.056453917    0.3820957175   0.03786302582  7.990311883    3.232414968    0.3854786578   1.645208171    
12       I1         1.901462023    1.887784017    3.809025626    0.2137834302   0.4023888976   3.831712223    2.254161223    1.446196789    1.350380055    
13       I1         1.081726666    1.084743497    3.156802105    0.8439753187   0.4692989556   5.581352577    3.428614514    1.276744053    1.969848082    
14       I1         1.64120002     2.241502952    3.938366512    0.5788593947   0.5611679837   1.177112345    2.622931498    1.956144609    1.450897706    
15       I1         1.359382799    1.149679854    3.681351124    0.2997027545   0.6515158266   4.894030408    2.33548061     1.514952042    1.73603018     
16       I1         1.775966423    2.623360368    2.872825091    0.5035474146   0.172586491    8.935380853    2.581542838    2.721607916    1.158758367    
17       I1         0.6363943388   1.374843451    4.244486286    0.4257638904   0.2717204916   3.215896412    2.677983351    2.340169959    2.02668386     
18       I1         1.712625696    2.262234132    3.563084631    0.8888690782   0.136307493    8.49266892     3.451758046    2.079389505    1.54341904     
19       I1         0.6996487793   1.469167139    3.847275111    0.941346387    0.3801969768   9.496401716    1.252182926    0.9863965661   2.425470427    
20       I1         0.5212860984   2.339796042    4.324691621    0.02682032949  0.5056121611   9.435916875    2.498154856    1.296136568    1.556379971    
21       I1         1.527668383    1.254938783    2.651214515    0.8644663599   0.5565208168   2.858188311    2.194981328    2.001011056    1.777510741    
22       I1         1.012847891    1.901955297    3.474362922    0.6558531331   0.7898699603   6.165109595    2.451002017    2.493968361    1.914130467    
23       I1         1.531535246    1.042055073    3.236266154    0.5837991308   0.3475140804   5.071982654    1.499940044    0.3986830698   2.043274771    
24       I1         1.404016156    2.29651723     3.647405117    0.5574533339   0.367962828    0.7839750314   3.169229962    2.428877288    1.499329309    
25       I1         1.771193562    2.382780579    3.014647514    0.9014394052   0.3128979224   8.449250233    1.286243391    1.694161574    2.210103017    
26       I1         1.365941496    2.016681234    3.251077035    0.2887668062   0.8329797208   8.13962312     1.890272128    0.04473927255  1.783590821    
27       I1         1.244751552    2.470183567    3.721320857    0.4961993767   0.9466801024   6.903781316    2.473955203    1.072328431    1.729407354    
28       I1         1.832347989    1.618783662    4.432868669    0.333323562    0.10346091     2.715362389    1.624863909    0.1480514182   1.935172144    
29       I1         1.420646476    1.840114       3.674383694    0.9485655461   0.8178788364   2.171727156    2.375909093    0.7398747344   1.832750102    
30       I1         1.005887567    1.1350667      2.965447787    0.5167904168   0.1289259313   3.661604156    3.397554594    2.302330392    1.81524826     
31       I1         1.062583374    2.037781874    3.112754433    0.7000810092   0.3045696348   7.652579117    2.724764023    1.237029339    1.910964059    
32       I1         0.5369019975   2.056057473    3.087118066    0.128473036    0.2484786123   1.502057478    2.406973527    2.379028174    1.714483589    
33       I1         0.7482488826   2.432352504    3.941439147    0.3703465277   0.1479898162   6.48335404     2.301125446    0.8332722562   1.985463116    
34       I1         0.551983061    1.005001595    2.925289364    0.4583877322   0.6121861275   3.372111183    2.795801305    1.491576353    2.200779281    
35       I1         0.6021373378   1.57146601     3.424068791    0.08532162429  0.9546232434   7.331916469    1.687508881    1.623398695    2.095642306    
36       I1         0.5625116465   2.024418459    3.839459706    0.2053694139   0.1081480773   5.385674145    1.230063572    1.742562084    2.248423031    
37       I1         1.79550917     2.444789642    2.885188013    0.7262102806   0.5927817656   3.347979457    1.741723812    0.5954491473   1.867424177    
38       I1         1.51752088     2.572289077    3.735029668    0.6478459703   0.537096675    1.323055332    3.28075897     2.847197754    1.348150491    
39       I1         0.8239859326   2.180520308    4.328839539    0.9664733799   0.7618330616   9.391928479    1.951766702    1.853799801    2.24047786     
40       I1         0.4360475337   2.27527896     3.703694044    0.8487916483   0.7449829453   5.451772094    1.97242533     0.8916820488   2.436975587    
41       I1         1.395449208    1.290716929    3.229890596    0.1985720714   0.6802152624   4.217818408    2.273167593    0.005059092713 1.703007448    
42       I1         1.141522265    1.930591487    2.797400905    0.4094759667   0.2271843178   4.529884387    1.642919153    2.780243909    1.834612415    
43       I1         1.361125029    2.035421557    2.681218689    0.307045893    0.8689908005   4.126543821    1.14470054     0.5462182917   2.237102479    
44       I1         1.326528753    2.559012186    2.863239585    0.1603838599   0.9087467498   7.21046598     3.341203918    2.754979213    1.064758584    
45       I1         0.9080263691   2.007974284    3.042674409    0.3091048798   0.4753711493   9.36699869     3.210067409    2.463665446    1.700486681    
46       I1         1.892783879    1.607062876    2.915172285    0.6177638289   0.4273640679   4.45813412     2.314827831    1.810518616    1.489730437    
47       I1         1.381827444    2.309147292    4.177968403    0.1752551528   0.3073840553   5.484717207    3.028973259    0.4685879183   0.9376135139   
48       I1         1.444278275    1.090187553    3.306796818    0.6465402684   0.8537564426   1.683142635    1.553425089    1.922017452    2.066129563    
49       I1         1.953548078    2.594591468    3.526345781    0.2366521052   0.2751800928   5.618450393    3.305645983    1.035058946    0.8411240207   
50       I1         0.4057035626   1.248939516    4.153250314    0.07083899011  0.4360470655   5.939641469    1.636511103    0.25877566     2.193396887    
51       I1         0.9657950803   1.213851171    3.992164059    0.4496035419   0.3509214385   6.61131203     1.563766349    1.526052728    2.097692369    
52       I1         1.221021649    1.855932989    2.752934595    0.1339867501   0.9023741      7.427576021    3.047077183    0.7020075113   1.674063165    
53       I1         1.205255055    2.186006007    2.725188637    0.4528106755   0.9224487796   2.908796736    2.017939144    1.317227462    1.824108013    
54       I1         1.628908169    2.306006852    2.510864016    0.1911231965   0.06784710513  8.264963864    1.988513382    2.322124854    1.529278338    
55       I1         1.026046435    2.074017228    4.053596237    0.7827888579   0.6270359666   7.952141837    1.021002136    2.733793839    2.360645174    
56       I1         0.8313026433   2.493927199    3.27268924     0.6948103972   0.4617170534   7.105306752    1.101469934    2.901711027    2.352387386    
57       I1         1.488799289    2.318754595    2.955537223    0.07903790755  0.871363053    4.60317251     2.812952815    2.614904444    1.191589177    
58       I1         0.6558687647   2.364682212    3.223508307    0.06864317479  0.8469582789   0.3582731703   2.728328268    1.897782895    1.747493031    
59       I1         0.6881199015   1.637809805    3.920708269    0.01128075689  0.01152641849  2.212150905    1.833273034    0.9111448851   1.750814679    
60       I1         1.915915018    2.381482366    3.771107536    0.1241161824   0.3850713039   9.583711601    2.940504265    2.920097012    0.5630664406   
61       I1         1.216061424    2.204138346    3.571354347    0.7782062663   0.6953665752   9.218734886    2.233781363    2.983044912    1.830229364    
62       I1         1.505239601    1.846727143    3.27858566     0.3534372038   0.04468927487  2.631645173    3.448515501    1.303218177    1.227921678    
63       I1         0.5144262091   2.689725624    2.741246095    0.9575132077   0.8629435835   9.006293536    1.403687279    1.653641993    2.482149265    
64       I1         1.88843912     1.47684756     3.282973026    0.4844471541   0.8928641198   6.124559585    3.160608938    0.270269134    1.424970013    
65       I1         0.6158441461   2.6877406      3.979006456    0.6890713407   0.2176088771   2.571069128    1.599352301    2.812525046    2.256156314    
66       I1         0.39845222     2.673454282    3.217801873    0.594645732    0.3027026087   2.389447736    1.546078346    2.875222482    2.265828694    
67       I1         1.324356168    2.282828503    3.140613029    0.9105767505   0.6084285145   1.905774743    3.311063793    2.123645344    1.835536652    
68       I1         1.112249205    2.232347639    3.711363838    0.1423160262   0.7943040718   3.161734854    3.010601391    2.133772125    1.474591766    
69       I1         0.7856290043   2.095049203    2.996022772    0.1397966434   0.807958624    3.506294406    3.205029226    1.909603913    1.77721952     
70       I1         1.13489634     1.201716412    4.266933182    0.152770079    0.3787398946   5.308717337    1.090770128    1.1473518      2.262798492    
71       I1         0.4552595495   2.664262274    4.382333396    0.5950280336   0.964709477    0.5941868708   1.814968118    1.708122614    2.290548475    
72       I1         1.622287052    1.794869922    4.222988627    0.7390744977   0.941542642    2.28079469     1.90589796     1.631392662    1.815056512    
73       I1         1.937686949    1.684763754    3.075562603    0.7968582963   0.220584488    3.465457878    3.345000024    2.275028899    1.25612912     
74       I1         1.618362611    1.222511354    2.719834169    0.3027917464   0.9527122088   1.57776624     2.509368311    2.103490634    1.64834975     
75       I1         1.406987481    1.328667274    4.460416691    0.588488354    0.4302886432   1.28832285     2.804740768    0.6985175133   1.698574754    
76       I1         1.921550885    2.462764673    4.311366217    0.5112211774   0.2819903394   9.082364385    1.441605389    1.730970536    2.098546255    
77       I1         1.931563387    2.61158016     3.64216882     0.1060554789   0.4123488404   6.850141074    1.914951077    1.962334482    1.641666705    
78       I1         1.024984263    1.772829532    4.191135207    0.9125552918   0.8350015658   4.166339747    1.897459978    0.155087912    2.116327292    
79       I1         0.8789505393   2.103964652    2.824612651    0.5617577824   0.08285317218  5.436145523    2.917057999    2.447861487    1.912884092    
80       I1         1.764753117    1.754827795    3.516151248    0.4342557839   0.7707287291   4.956372551    2.60466547     2.458816046    1.412591039    
81       I1         0.9059262998   1.950323918    4.04804838     0.5475402506   0.813832477    7.899259404    2.099260682    1.363241007    1.988573896    
82       I1         1.740831827    2.499003633    4.415591986    0.3617429562   0.1739787854   7.534625544    1.222673888    0.7966137695   2.232055421    
83       I1         0.3351591749   1.705854979    3.45754666     0.3297835083   0.4827215116   0.1383557627   2.898298667    2.681929217    2.034243654    
84       I1         0.6677877611   2.436423644    4.068233866    0.03599679946  0.6720925495   5.044471134    2.65257171     1.057347563    1.743920434    
85       I1         0.4240566145   1.605384842    3.667595332    0.5353698492   0.2087928288   8.799554718    1.959406696    0.1090151029   2.314885397    
86       I1         1.962053355    2.653075503    2.789409178    0.6853682706   0.5312512202   2.089410644    3.153146854    0.1600216106   1.191312055    
87       I1         1.182398971    1.661443372    2.621126085    0.9308505921   0.6208331469   7.256774185    1.111029395    2.473719112    2.32017948     
88       I1         0.7957480231   1.173806576    2.972977533    0.127562032    0.9584592573   3.251303546    2.154174786    2.973675875    1.924352961    
89       I1         0.5702487049   1.675837711    4.446948188    0.8096779854   0.653742217    6.983470842    1.868636931    2.030220468    2.341311468    
90       I1         1.162721522    1.475532227    3.496524632    0.2011009297   0.8435021733   4.715888998    1.065052584    1.027393238    2.281159551    
91       I1         1.040563043    1.81166574     3.537894867    0.4895793974   0.07391524674  2.653942694    3.024165153    2.513835711    1.690490552    
92       I1         0.600299416    2.171886984    4.006081118    0.8583340564   0.4484366104   9.174741589    3.128904574    1.571044989    2.30867969     
93       I1         0.6401521459   2.480325566    4.125732872    0.4085227492   0.7289337692   3.614292698    1.930685724    1.336880903    2.070362301    
94       I1         1.645442561    1.386281804    4.489577456    0.03765811168  0.2464161253   6.634035164    2.768950355    1.461006211    0.410257159    
95       I1         1.107474017    1.563813263    4.278076749    0.3136359659   0.2935083771   5.275197541    2.903199835    2.63306504     1.362907296    
96       I1         1.670202853    2.50296565     3.968111588    0.5377850523   0.827400762    2.183137175    2.207458896    0.7605917496   1.579195112    
97       I1         0.4304851418   2.668874854    4.012869763    0.7660642874   0.1214055083   7.187073331    3.359789056    0.1708686619   2.390730563    
98       I1         1.126024947    2.564005466    4.43791119     0.8608480364   0.1505513559   4.727184153    1.04606843     0.3034123706   2.354763272    
99       I1         0.6098356177   2.455724537    2.888551602    0.0903694521   0.5788924596   5.774861325    1.097642455    1.216890575    2.242965552    
100      I1         1.690483718    1.522818988    3.481052509    0.9169635703   0.685109752    1.059934205    2.02915257     1.435323951    1.785637653    
101      I1         1.266159008    1.535255594    3.178457219    0.7643935641   0.7841465648   0.6063780837   1.340808712    1.712002352    2.217871056    
102      I1         1.578140663    1.783104062    3.54214926     0.8392264346   0.7054546704   6.710055755    1.474446234    0.1265346684   2.087685725    
103      I1         0.4737196634   1.740200609    4.340212492    0.6817590328   0.633732568    9.767570232    2.562418642    0.6182917958   2.327172052    
104      I1         1.382954783    1.029610094    2.628772169    0.2944660222   0.09677803858  3.289680331    2.145568572    0.09652809674  1.635321653    
105      I1         0.8352697815   2.215010462    3.764382356    0.3908718751   0.5857182627   7.772486148    3.470998266    2.193065111    1.839436013    
106      I1         0.9621420747   2.538197415    3.349998568    0.3579996258   0.2375262317   5.736727176    2.944974689    0.6273333389   1.778958057    
107      I1         1.225710618    1.963526746    3.59973603     0.989453186    0.607010724    8.654259139    3.381077879    1.165720157    1.932704571    
108      I1         0.4976089969   1.987294004    4.20024087     0.07396129374  0.3931840479   6.409110143    3.081848135    1.721838804    1.822006486    
109      I1         1.422242053    1.259956569    3.530301182    0.2099069187   0.7659888071   2.999869278    1.607700684    0.5036395973   1.963283024    
110      I1         1.72488636     1.576814556    3.357614425    0.9358103204   0.4473012554   9.548449799    2.749416291    1.682260491    1.61079026     
111      I1         1.564016217    2.129963821    4.284302384    0.5279734897   0.6156617733   7.662693208    2.065274884    0.8698789191   1.691761525    
112      I1         0.7113794074   1.850722746    2.693563229    0.3832702037   0.9310201391   1.957400108    3.40027001     0.2946714694   1.995825219    
113      I1         1.600285292    1.995419009    3.859167714    0.3334357705   0.9190928976   3.991173488    3.050855004    1.798035012    1.489133235    
114      I1         0.3830346702   1.116056146    4.374703127    0.7772854328   0.836560833    2.946877912    2.636583707    1.242224447    2.421626273    
115      I1         0.9445149779   1.299671974    2.549313107    0.1094647061   0.9267890524   7.751662791    3.479283269    1.587008286    1.930466694    
116      I1         1.701964074    1.303784423    2.737443737    0.9197970148   0.9713532722   8.751343945    1.512162257    1.111286656    2.066663408    
117      I1         1.230764125    1.643923416    4.077979364    0.06021600091  0.9379771955   7.15887715     3.102060641    2.232423802    1.69119567     
118      I1         0.3177406747   1.717746796    3.21120112     0.03961106068  0.739563675    0.4383188587   2.971264849    2.021026004    1.998958017    
119      I1         1.665250111    2.013724513    3.33756519     0.1350522446   0.8969460614   7.407846489    1.392631896    2.38867114     2.078144056    
120      I1         0.4792202012   2.51442489     4.08083248     0.7502022129   0.03575032858  2.505893795    2.859344672    2.697099797    2.308340474    
121      I1         0.408544849    1.96163696     2.518656767    0.09506460568  0.6674393617   5.133200276    1.857987569    2.64381719     1.868996577    
122      I1         0.4175703839   1.382261558    4.413056666    0.9711978667   0.7807575394   6.440097854    2.982602896    2.663597072    2.466389032    
123      I1         1.269443469    1.457724002    2.57275019     0.768180211    0.3251547208   3.013930012    3.440100491    2.543817294    1.795207926    
124      I1         1.098367723    2.680127378    2.906036344    0.1861942359   0.08592714136  4.884283603    3.388996575    1.501996075    1.441444625    
125      I1         0.9931211435   2.600075591    3.998975956    0.4563962076   0.7065786773   8.569121207    2.988478439    2.20981977     1.772046944    
126      I1         0.9821751427   1.588301778    3.13492306     0.2345873294   0.5424318474   6.296109337    3.006983899    1.152838573    1.775675824    
127      I1         1.990996676    1.41831238     4.353231216    0.5638427568   0.5132588444   3.177402617    2.782450497    1.646402055    1.223637185    
128      I1         1.682335925    1.823230549    3.068165516    0.02456168552  0.7113755041   4.019669975    2.431475731    2.242356466    1.367766424    
129      I1         1.82491466     1.591783969    3.860473881    0.9063060078   0.3380955784   4.999514334    1.182338469    2.809087969    2.268933203    
130      I1         1.518732135    1.629118409    2.538278452    0.8532681676   0.1685791455   9.526076387    2.418465654    1.981851762    1.733562041    
131      I1         0.973829551    1.550618968    3.325752487    0.8179985224   0.6889461185   5.682692331    1.204817825    0.245910656    2.321403883    
132      I1         1.708819711    1.239487442    4.028099965    0.7218329044   0.2536875913   1.149210547    3.273656866    0.220408035    1.443822715    
133      I1         0.4433185135   1.43332527     2.641115736    0.8351751549   0.02848347457  9.990094479    2.613947314    0.8881793251   2.414918559    
134      I1         1.200518864    2.35817213     2.599265732    0.8496504772   0.01337837752  2.891081887    1.658034061    1.228988248    2.082661407    
135      I1         1.841418893    2.333158098    4.01903848     0.2863724592   0.9622850424   3.486612735    2.258941039    1.485889901    1.44740511     
136      I1         1.722002096    2.161198875    3.609136604    0.1448942896   0.3148766168   7.310678901    3.423253803    1.869615244    0.8548743789   
137      I1         1.751218561    2.555003389    2.804628639    0.4033144509   0.5846141512   4.801508251    1.037207481    0.4583150151   2.336657548    
138      I1         1.868473146    1.952210491    4.300944502    0.2528676024   0.714725534    5.787673809    1.001621239    0.3297641712   2.369195907    
139      I1         1.589566797    1.423331016    3.898699169    0.668142229    0.509737054    1.696533584    1.718019718    2.671064864    1.902034292    
140      I1         1.948251375    1.880140909    4.454172702    0.5748104646   0.05394717492  1.857627286    2.627786828    1.871805178    0.5735708018   
141      I1         1.542088596    2.201317947    2.976308004    0.1681824529   0.5109124987   8.296674237    2.583368745    1.095379226    1.365958269    
142      I1         0.3131261282   1.231727704    3.18661111     0.6238800601   0.3414620436   3.812652926    1.759161241    0.6543002893   2.420378743    
143      I1         1.979905971    1.806078942    2.605669016    0.7246198575   0.4707808031   9.688580275    1.671585959    1.598079942    1.924681541    
144      I1         1.310439953    1.487285369    2.757391787    0.4149177055   0.6568343862   6.895136135    1.702350809    2.937794033    1.841375453    
145      I1         1.608771412    2.226407977    3.34417956     0.6010773471   0.1250539843   0.8712048423   2.857879381    1.328476117    1.409927779    
146      I1         1.340856682    1.236657754    4.478762658    0.4782339761   0.8500911906   2.073431759    2.390442615    0.8799337468   1.806245611    
147      I1         1.998319731    1.816862121    3.584868323    0.1569038732   0.5220185425   6.104156355    1.47547493     2.890233498    2.037326899    
148      I1         0.8535962471   1.780657403    2.672121545    0.05814758281  0.6994658029   3.558779445    1.53496941     2.959670102    1.689398398    
149      I1         0.7603459946   1.51774427     2.808007965    0.09380691351  0.1597277525   6.688892982    2.847176678    0.8262394375   1.748615451    
150      I1         0.7805910733   2.324481988    3.951384311    0.05397155562  0.2666295428   1.544169539    2.410876968    1.550609428    1.435300427    
151      I1         0.787877155    1.072841677    2.875069965    0.179527658    0.459415704    5.877084206    1.737073229    1.18745293     2.034909344    
152      I1         0.5570628343   1.034365161    2.581990262    0.4984778558   0.8223547415   4.675868525    1.279143474    0.42181485     2.392834218    
153      I1         0.9154537974   1.31261729     3.314757769    0.5249688643   0.7282635288   9.807148281    1.193195169    2.742672698    2.252857666    
154      I1         0.8066862593   2.327072205    4.497385341    0.2749906241   0.2025505396   1.20806615     2.673313704    1.255059318    1.825887574    
155      I1         1.479476688    1.394356037    3.20471397     0.4360845678   0.8820383405   6.266903658    2.218883641    1.54692594     1.739623844    
156      I1         1.144801891    2.635292786    2.983373812    0.8055794563   0.03002443055  7.03016898     3.233827472    0.7579311184   1.901907291    
157      I1         1.151278613    1.614103081    4.292586158    0.9378834073   0.02603853883  1.393663158    2.824598703    0.8039866818   1.971084496    
158      I1         0.719191177    1.749257324    3.253518959    0.9315443773   0.9684807231   2.271706462    2.229634502    1.531563827    2.268273157    
159      I1         1.574434238    2.590534515    3.006847077    0.7909367982   0.06335144982  4.247479126    2.525981301    2.353304689    1.620132051    
160      I1         0.3107108767   1.124789684    4.105667461    0.1822568941   0.3355639597   3.302655049    1.490517732    0.7152595511   2.264083484    
161      I1         1.428226823    1.648557062    2.941309496    0.8202279181   0.1177522271   0.5511667692   1.317125486    1.937800442    2.223075599    
162      I1         0.3902345162   2.530528148    3.151201792    0.2482968935   0.2999623596   1.040583558    3.07356733     2.609415217    1.881991659    
163      I1         0.9241843732   2.607205399    3.447680515    0.3374150785   0.279182846    6.763594913    1.026485822    1.018043429    2.331335825    
164      I1         0.5744913194   2.644110444    2.702744019    0.4156345467   0.3741075441   0.9747690129   1.354347043    1.392706153    2.253874374    
165      I1         0.5303073602   2.000874494    3.260898568    0.6350235686   0.6425564559   0.6281363281   1.184937914    2.598068224    2.370683408    
166      I1         1.507471669    1.40414358     4.371764867    0.9033250825   0.3221937678   1.941395209    1.576151478    2.650226115    2.056541638    
167      I1         0.6609580598   2.372407311    4.037871506    0.282446083    0.7329755853   1.989780196    1.500558745    1.919275367    2.104828822    
168      I1         0.9537959759   2.165513297    3.491418829    0.6318941159   0.949165208    0.3973248431   2.689356423    0.4789876932   1.985317508    
169      I1         1.811396034    1.051939886    3.084757358    0.4631838113   0.1013074441   6.01519677     2.088695206    1.12458415     1.57283837     
170      I1         1.674256652    1.545416253    4.406230546    0.4686115266   0.5031211313   3.105402687    1.882513269    2.861107974    1.667129223    
171      I1         0.7357388406   2.133923259    3.326822502    0.5540566055   0.5185026592   7.585434032    3.090544016    0.369665564    2.050310299    
172      I1         1.254082153    1.686736869    3.123302953    0.8847277457   0.5671904152   5.955674479    2.279363941    2.703572792    1.896298307    
173      I1         1.80468192     1.181177565    2.666142613    0.2228202545   0.2877460165   8.334224322    2.878425189    0.1132925225   1.253452244    
174      I1         0.6729906473   1.442057733    3.097604414    0.6022610977   0.2602711335   8.24717916     2.664880824    0.01217128017  2.145605674    
175      I1         0.866175135    2.353332986    4.13262006     0.9795582233   0.2098740821   1.010521473    2.55694486     0.2840585365   2.188253787    
176      I1         0.3052678245   2.578719527    3.100025495    0.6297198519   0.7516442785   9.199591692    2.0700329      0.2082641887   2.419006196    
177      I1         1.101323509    1.511267464    3.391570594    0.1134234945   0.15576903     8.703049179    2.131953858    1.836636075    1.57688615     
178      I1         1.870099175    2.637878489    3.128993032    0.2729217598   0.4931008605   3.745943433    2.009567014    1.840322329    1.551721425    
179      I1         1.452181115    2.477854227    2.85479035     0.8944457742   0.2340491312   7.283779674    3.223977752    0.07249794206  1.750032965    
180      I1         0.4689079693   1.767639995    4.314317134    0.100521532    0.5760678983   7.027733153    1.615097097    0.7740339214   2.115519371    
181      I1         1.301021493    1.322749343    4.042251232    0.5146411477   0.2448017307   2.34359497     3.322483215    2.288872778    1.612590309    
182      I1         0.3540151082   2.288418569    3.885662293    0.507708016    0.1849948652   1.231381987    3.297357431    0.1863946817   2.261172559    
183      I1         1.860860465    1.693992783    3.910475407    0.03232881701  0.4874712745   5.814931171    1.752894144    0.9313382408   1.796622681    
184      I1         1.467821931    1.105283673    4.393020831    0.4223373309   0.3997498947   6.315550258    1.134577945    2.174535434    2.262562992    
185      I1         1.69721588     1.368306792    3.03283948     0.01761344909  0.2317561964   9.33223508     3.357357405    2.141468457    1.035091582    
186      I1         0.872472806    2.447268904    3.113606452    0.7047729654   0.1628758786   3.090635965    1.626046344    1.08164751     2.184227127    
187      I1         0.8114660747   2.660330014    2.948627563    0.6702249147   0.9142553178   0.9222992184   2.574820401    1.826155283    2.064805725    
188      I1         1.492923017    2.694562258    3.693600047    0.2506824008   0.6796230876   8.62880349     2.446361673    0.2101624065   1.417560586    
189      I1         0.937441218    2.25008588     2.563463878    0.1033801179   0.5735897937   9.053510048    3.243481794    0.9032487203   1.655439043    
190      I1         0.7724829562   1.623563135    4.334839097    0.7994510876   0.9325752491   9.442576294    2.047124486    1.771597677    2.209840079    
191      I1         1.557081237    1.875005895    3.788768941    0.4439054183   0.8604976298   0.3257977483   1.457105575    1.26336092     2.097720162    
192      I1         1.347496987    1.146068176    4.095182904    0.676848485    0.2576233267   3.876418288    1.368960192    0.2619529614   2.15585316     
193      I1         1.052531105    1.448917371    4.237773043    0.6064637601   0.3632845532   2.456995337    2.18375314     0.6780633394   1.950420915    
194      I1         1.969316018    1.425525521    4.166435226    0.04631572826  0.06917312631  0.803349096    3.147121145    1.102627846    0.6246450154   
195      I1         1.335763744    1.338449556    3.984371269    0.4393065005   0.5642428646   3.940408519    1.155739705    0.637250079    2.252667356    
196      I1         0.6218146609   2.112643846    3.549718539    0.8661838949   0.5233939486   8.584118857    1.460551876    0.6029548605   2.398490706    
197      I1         0.519434217    1.022174469    3.439605621    0.9243459712   0.6635464248   0.6846961195   2.374188924    1.343975291    2.386631342    
198      I1         1.908649771    1.542045094    3.246093392    0.5763089343   0.9883526835   2.837997409    1.445860462    2.216826403    2.099849834    
199      I1         1.015064302    2.044425839    3.831236871    0.9698528934   0.1790726062   5.318249909    2.434446248    0.8514384187   2.081536393    
200      I1         0.869678216    2.407301197    2.591160766    0.2212320219   0.8581902132   2.418285222    2.484000237    2.436065393    1.707747615    
201      I1         1.748286095    1.597078326    3.006263884    0.2089163743   0.3909964414   4.365068302    1.982777018    0.3373427054   1.619105802    
202      I1         1.373481817    2.267059179    3.639907075    0.5665403297   0.8994223175   0.5155318816   1.529097193    0.8113180241   2.067193955    
203      I1         1.614376697    2.106105563    4.440692207    0.2257529178   0.5982216018   7.789316642    1.591318896    2.831380021    1.821776411    
204      I1         1.850647614    1.276145037    3.060427032    0.5227558373   0.6290082472   4.058018758    3.327272653    2.251873656    1.334913812    
205      I1         1.836356129    1.90839714     4.145470396    0.2605007178   0.6908226698   9.893005244    2.87143989     1.993753293    1.230504662    
206      I1         0.3443498047   2.066444463    4.135486143    0.2398713653   0.8255057529   7.064042437    3.111064988    0.5350828349   2.146858146    
207      I1         1.171461564    1.720055247    4.180923743    0.1717771929   0.3434151444   6.216627951    2.759534361    1.609373634    1.502468698    
208      I1         1.131380639    1.408394001    3.961198443    0.3991976672   0.1985287257   2.025216672    1.120290672    2.090616315    2.272117189    
209      I1         0.7999073836   1.206270639    4.360787384    0.7740396554   0.1376139005   6.352420219    3.255199615    2.567535071    2.108088021    
210      I1         0.6741398318   1.162088808    2.767248125    0.3205776368   0.4067010932   5.162715657    1.259489469    0.9507995359   2.271861601    
211      I1         0.5783994492   1.138117183    3.903464658    0.0138220575   0.1952555708   3.91128993     1.272784412    2.315740719    2.127006351    
212      I1         1.434442838    1.283147972    4.116854075    0.7860742005   0.1890601572   1.593846828    1.865408501    1.670812587    1.907931406    
213      I1         0.728718011    2.148702014    4.23019236     0.2674938073   0.4780046208   1.276621057    2.057926537    2.041426139    1.894293487    
214      I1         0.8192857502   1.340093733    3.419812513    0.3947952275   0.07719894133  6.766951214    1.780841718    2.968189388    1.772761112    
215      I1         1.815934321    1.461686529    4.251926883    0.3438077843   0.5544699285   8.960502068    3.065255811    0.5822012304   1.274063609    
216      I1         0.7074897604   2.049813049    3.304219489    0.6421091236   0.1201212604   5.524604038    1.946876391    0.4020289255   2.184075985    
217      I1         0.7675012623   1.400965242    3.574528517    0.7599331456   0.8887746462   1.373626406    2.648130001    2.770988668    2.126135806    
218      I1         0.6296351808   2.208117891    2.83496418     0.6520493137   0.5953864639   7.375963574    2.134421948    0.7435927634   2.215514116    
219      I1         0.7196277594   1.169199313    2.841873065    0.2689075142   0.2156810159   4.447244152    1.428436597    2.395915723    2.115080395    
220      I1         1.876269462    1.937680794    4.421940351    0.3857637516   0.6961344583   2.777260348    2.518181823    2.62411397     1.281234111    
221      I1         1.559430362    2.543200157    2.687332496    0.3961759723   0.805928482    1.447753494    1.666097965    1.756551853    1.886134943    
222      I1         1.783188645    2.06095185     3.373360849    0.1205591682   0.5475262182   0.241138325    2.161512037    1.805775029    1.438370752    
223      I1         1.911398778    1.285348205    3.784201027    0.6646589952   0.1659209448   2.596206367    1.326716649    2.718524897    2.189595937    
224      I1         1.659968719    1.371707752    4.207658737    0.07736213041  0.1446908839   8.415995466    3.120410618    1.886579956    0.501390786    
225      I1         0.5094663364   2.120810807    2.992332302    0.8314936832   0.3331156004   7.868435783    2.076376343    2.571621558    2.367571572    
226      I1         0.8884118105   2.37031698     3.443101497    0.7102397642   0.5517586627   0.1095228706   1.409865042    0.4947618117   2.295771546    
227      I1         1.498235502    1.763486224    3.756594181    0.8700867974   0.356885533    7.465637508    2.332507761    2.587298398    1.752276261    
228      I1         0.4921449078   1.010688332    3.554404698    0.5006140939   0.3617422335   9.273599008    3.411552897    2.828569128    2.083737414    
229      I1         1.117992494    2.488531847    3.954929593    0.1156888522   0.7594634673   4.630881637    2.709937443    0.05117857487  1.544656342    
230      I1         0.3677524232   1.189323103    3.868783827    0.1646286199   0.2417438303   6.175578454    2.54342476     1.049027438    2.131984143    
231      I1         1.250014581    2.529878567    2.93227432     0.1586357021   0.4105007558   3.411606954    1.349083296    0.5210925952   2.086313275    
232      I1         1.069000019    1.926213285    2.851202478    0.6251937004   0.1065470813   4.504271809    2.005978744    2.790775506    1.838431496    
233      I1         0.8480205554   2.298393316    3.03564899     0.465210757    0.622309483    1.63161365     2.890978104    0.6449255038   1.931711259    
234      I1         1.987353195    2.391765973    2.674299496    0.4751500174   0.812421547    6.827758737    2.393861539    0.1371337249   1.38152686     
235      I1         1.474533859    2.273852932    3.195114581    0.3419970723   0.9848527638   9.849586199    2.034118778    0.9652715088   1.694700996    
236      I1         1.092924469    2.347031718    3.461227053    0.8802523054   0.979447786    6.399624598    2.96616941     1.132171403    1.964187038    
237      I1         1.758476031    1.941346502    3.63207404     0.7362907138   0.3533398499   8.893932136    1.995923004    1.667144104    1.721869669    
238      I1         0.8414926297   2.422904768    2.528631855    0.2421199327   0.2956648772   7.978424054    1.360166142    1.9455307      2.115284396    
239      I1         1.315604476    2.522935073    2.815005329    0.3768789556   0.6483402606   0.275446016    2.342573154    0.3783589419   1.641134931    
240      I1         1.257981942    1.197083982    3.469245654    0.876164382    0.7373991272   5.220264853    3.462024267    0.5141898021   1.883476283    
241      I1         1.280854117    2.619524521    4.08921173     0.2294786622   0.2851235629   2.534502614    1.014254631    2.50089213     2.321889496    
242      I1         0.5014862514   1.346035666    2.934513602    0.9805095429   0.06031807634  9.035347113    2.354394372    0.8462298488   2.432688338    
243      I1         1.881864559    1.090962769    3.752344211    0.5699990112   0.8014879318   8.08061807     2.123644312    1.38156577     1.648480573    
244      I1         0.9870801418   2.58541142     4.264413472    0.9569122946   0.757544596    6.59679333     3.368082352    0.9739091175   2.079007395    
245      I1         0.7409346075   1.061946202    3.692109568    0.2626567102   0.7761797963   8.158161341    3.093389063    2.489029106    2.029409116    
246      I1         1.799934239    2.091183159    3.805383155    0.1869733362   0.5280954635   9.935364316    1.712747488    0.9207430378   1.831739225    
247      I1         1.933004722    1.046458867    3.409406389    0.8261550649   0.603556501    8.435700196    2.787656451    2.416805911    1.440823914    
248      I1         0.5874682381   1.727952704    3.296963637    0.5316747404   0.02016356509  4.310346469    2.929888882    1.424264058    2.140178829    
249      I1         0.7461268417   1.109985789    3.593232741    0.8162194583   0.9077946181   5.870925088    2.477539512    2.297328917    2.2187546      
250      I1         0.5937185563   2.23575481     3.876091411    0.8873828238   0.2682707875   3.042521913    1.519098458    2.882864521    2.378051719    
251      I1         0.6501714999   1.502985028    4.196549783    0.7156196559   0.4967438265   4.563016676    1.77103213     0.9910281888   2.285272786    
252      I1         1.296228928    1.867335465    4.218569711    0.2810816412   0.8759965862   4.78116836     3.037056762    1.454300066    1.638667919    
253      I1         1.464084269    1.865102614    3.778708329    0.4727462276   0.6360603293   7.623043751    2.243003414    2.535754048    1.607566706    
254      I1         1.857817526    2.175444903    3.819235255    0.9752273023   0.6746964876   7.717283805    2.2945428      1.176664089    1.622826215    
255      I1         1.822802265    1.833095461    2.830048849    0.5394486182   0.6438213597   1.113506027    1.847829181    1.612403454    1.783155796    
256      I1         1.3490471      1.654378836    2.908180833    0.7558619954   0.182428131    2.118319626    2.108004096    2.156892577    1.837094791    
257      I1         1.550696324    1.558553607    4.297124512    0.4191608878   0.3700228634   1.845591962    3.489893899    1.196836077    1.382369436    
258      I1         0.8563423004   1.487467654    2.544647477    0.9614109575   0.05124040972  0.701920532    1.313900634    1.568887545    2.351341687    
259      I1         0.8936899455   1.359935892    4.397440051    0.05106478175  0.8857831008   9.929435802    1.73296427     0.722789629    2.02374644     
260      I1         1.415755904    2.126531714    3.824234156    0.4313628953   0.320086903    8.095700615    1.921338824    0.08861374577  1.777422625    
261      I1         0.5489412889   1.266991593    2.520144982    0.7479293057   0.07942275114  8.370357904    1.17345003     2.916857372    2.401660249    
262      I1         1.076181637    2.402522684    2.50197392     0.1493129      0.6631821369   4.124835472    1.693124574    0.577996286    1.871052044    
263      I1         1.212023774    1.186086906    2.576428011    0.06244660579  0.8745567966   6.043796498    2.503245116    1.474944107    1.821159796    
264      I1         1.288003539    1.120258727    3.190784844    0.9534866534   0.9830281785   1.458145766    1.819137968    0.4471354503   2.037981007    
265      I1         1.636678545    1.310918435    2.726943377    0.4476728921   0.1311815475   6.001678038    1.834735672    0.03246602149  1.778492332    
266      I1         1.23714383     2.419043855    4.25617578     0.3476104215   0.191096213    6.52304944     1.422243749    0.0299123315   2.080192631    
267      I1         1.05919981     1.353113064    3.506186554    0.7351553244   0.3294683232   2.681876318    1.212281635    1.407319214    2.283807426    
268      I1         0.5420655705   1.985846631    4.064944398    0.04404286758  0.6396143959   6.953071345    1.390362506    1.283319143    2.107976049    
269      I1         0.36004142     1.790683409    3.929824668    0.8012678524   0.8833437898   8.861973182    2.360791691    2.408131917    2.430880333    
270      I1         1.651440729    1.527044211    3.653744343    0.9844407052   0.7502055389   4.846555464    2.910332854    2.948163232    1.657292836    
271      I1         0.4301140715   1.802122459    3.845312261    0.3203010297   0.3871736439   5.567548951    2.319904806    2.526875163    2.039398968    
272      I1         0.3734655823   1.831704451    3.427281611    0.02088740981  0.05784624219  8.818446818    1.160345849    1.357269241    2.259017603    
273      I1         1.538629173    1.07842609     3.395581343    0.6923296241   0.465508111    4.063302564    2.465765395    0.1957440408   1.691524332    
274      I1         0.6957140961   2.459660638    4.172137493    0.7522225039   0.04071712417  0.8342739093   3.138695567    2.019138801    2.191662391    
275      I1         0.3285586371   1.157178291    3.732907637    0.5852573008   0.1413102393   1.779648702    2.536759611    1.787944327    2.344471978    
276      I1         1.683075573    2.397986451    2.782108588    0.8130420474   0.5694610568   9.773474863    1.379363737    2.555939973    2.142504709    
277      I1         0.9989670997   1.100195685    3.048511995    0.2934147745   0.9372722994   2.35856479     3.498405599    2.220567055    1.953831323    
278      I1         1.730353726    1.219835666    3.370947356    0.3513967573   0.09428000369  7.822289279    1.067733821    2.16533961     2.325548378    
279      I1         1.192182611    2.086270055    4.357918419    0.78766895     0.842247825    8.538878684    3.193581599    0.6865103848   1.872799247    
280      I1         0.460359321    1.664203842    3.717211402    0.6396962211   0.7934731076   3.585673627    1.939175983    1.201023504    2.318811224    
281      I1         0.3949104709   2.254104281    3.362561772    0.6090147236   0.2644768829   1.813236371    2.16818102     2.063558524    2.299856866    
282      I1         0.8971714963   2.547458364    3.617691695    0.5440634302   0.3985872561   3.665753972    2.18230542     0.4867087369   1.98128206     
283      I1         0.7579706501   1.732391951    2.615440332    0.7065912886   0.5895334026   4.934930773    2.110244726    0.06456505267  2.172719174    
284      I1         1.046500615    1.015258679    2.710066259    0.6160442773   0.4965381045   0.7424392947   1.079653216    0.5618529663   2.342388837    
285      I1         0.6847636401   2.191445607    3.510254339    0.8742615238   0.5329572475   8.194513123    2.837037025    0.5593391395   2.260069633    
286      I1         1.275950592    1.496423881    2.635728609    0.6112363957   0.5429176497   1.740474131    2.706674091    2.334039422    1.774844989    
287      I1         1.592116285    2.512240563    2.612978149    0.8399888113   0.2239289244   0.3695975357   2.826130043    0.3576381975   1.634080408    
288      I1         0.4859222711   2.413440626    4.48415467     0.4929807404   0.4852475744   8.050056009    1.570159858    2.365912251    2.266277993    
289      I1         0.9744128914   2.141465459    4.02533537     0.1946010934   0.4526974088   9.65776003     1.297965078    2.189302626    2.112458189    
290      I1         0.9314794921   1.509549826    3.624777989    0.9462985109   0.7228376675   2.770534601    2.956226925    2.053712897    2.118487593    
291      I1         0.4479365181   2.629135782    3.168104999    0.9264071911   0.7991067335   9.719304767    1.249022616    2.268371791    2.528043708    
292      I1         1.784835303    1.063528064    4.109591472    0.5496203686   0.01958054421  4.410688445    2.992670836    0.3473174537   1.090078976    
293      I1         1.303370076    1.265502074    3.888104274    0.7134540686   0.7468992355   8.716605469    2.214667896    0.3154873159   1.872981063    
294      I1         1.085592975    1.437335597    4.154857191    0.8970061838   0.4435392042   5.371052394    1.80008991     2.858967395    2.088513006    
295      I1         1.186805977    1.580142564    3.385764139    0.8287151901   0.4161493205   6.548255037    3.265983532    1.378699401    1.889542468    
296      I1         0.6263816946   2.221495105    3.794201365    0.6968460319   0.7171644045   9.604909417    2.696259644    2.761166646    2.120234438    
297      I1         1.956310536    1.67081122     4.469608268    0.6742736568   0.4242836668   3.783799195    1.675449878    0.6696602998   1.911599673    
298      I1         0.9177023502   1.892177349    2.657896966    0.3140481537   0.4200881004   0.2008739061   1.794064947    1.413254429    1.971053486    
299      I1         0.3762842491   1.024249216    2.761519739    0.2175845276   0.7724180491   9.301918015    2.740645832    0.7826805766   2.279301592    
300      I1         0.3485504418   1.74754868     3.665054857    0.6578579263   0.7855111937   7.516776562    1.787865248    2.083112658    2.395076359    
301      I1         1.737654321    2.332716049    4.495884774    0.01201646091  0.02814814815  5.416666667    2.908436214    2.99382716     0.7076232904   
302      I1         1.92654321     2.14382716     4.495884774    0.2217283951   0.01604938272  3.37962963     2.949588477    2.00617284     0.4713254666   
303      I1         1.814609053    2.647530864    4.495884774    0.01201646091  0.2338271605   3.338888889    3.052469136    2.00617284     0.5853974557   
304      I1         1.996502058    2.14382716     4.495884774    0.3346502058   0.1209053498   3.338888889    2.959876543    2.981481481    0.5044376544   
305      I1         1.814609053    2.136831276    4.495884774    0.01604938272  0.1249382716   9.938888889    2.959876543    2.00617284     0.5776262719   
306      I1         1.996502058    2.696502058    3.845679012    0.01604938272  0.3346502058   1.138888889    3.237654321    2.99382716     0.7785500386   
307      I1         1.996502058    2.696502058    4.495884774    0.2943209877   0.2701234568   9.572222222    3.083333333    2.99382716     0.5801298005   
308      I1         1.611728395    2.136831276    4.495884774    0.01201646091  0.07654320988  3.461111111    2.898148148    2.00617284     0.5062935211   
309      I1         1.653703704    2.136831276    4.495884774    0.01201646091  0.330617284    3.338888889    2.929012346    2.99382716     0.627095708    
310      I1         1.996502058    2.14382716     4.495884774    0.3346502058   0.01201646091  0.1611111111   2.867283951    2.018518519    0.4557462866   
311      I1         1.884567901    2.136831276    4.495884774    0.3346502058   0.01201646091  0.7722222222   2.836419753    2.462962963    0.3997559517   
312      I1         1.905555556    2.689506173    4.495884774    0.3346502058   0.01201646091  1.22037037     2.836419753    2.462962963    0.3937172128   
313      I1         1.947530864    2.696502058    4.273662551    0.3346502058   0.01201646091  0.1611111111   2.774691358    2.981481481    0.4798994977   
314      I1         1.863580247    2.542592593    4.495884774    0.3346502058   0.1209053498   3.053703704    2.898148148    2.388888889    0.3978175244   
315      I1         1.772633745    2.136831276    4.495884774    0.2217283951   0.07654320988  1.138888889    2.929012346    2.00617284     0.4275765249   
316      I1         1.863580247    2.563580247    4.495884774    0.3346502058   0.06444444444  6.72037037     2.836419753    2.672839506    0.4103713984   
317      I1         1.898559671    2.696502058    4.051440329    0.3346502058   0.07654320988  6.761111111    2.990740741    2.87037037     0.4919387656   
318      I1         1.744650206    2.689506173    4.495884774    0.2257613169   0.1249382716   6.761111111    2.898148148    2.00617284     0.424459944    
319      I1         1.77962963     2.696502058    4.495884774    0.2701234568   0.1854320988   6.761111111    2.949588477    2.99382716     0.5258149922   
320      I1         1.856584362    2.31872428     4.495884774    0.3346502058   0.01604938272  3.338888889    2.836419753    2.055555556    0.3811809982   
321      I1         1.737654321    2.136831276    4.265432099    0.116872428    0.137037037    3.37962963     2.805555556    2.00617284     0.4300544492   
322      I1         1.870576132    2.689506173    4.495884774    0.3346502058   0.05234567901  3.338888889    2.815843621    2.092592593    0.3794693235   
323      I1         1.695679012    2.696502058    4.495884774    0.1612345679   0.1612345679   1.016666667    2.764403292    2.00617284     0.39954954     
324      I1         1.527777778    2.136831276    4.495884774    0.1733333333   0.01201646091  6.72037037     2.527777778    2.981481481    0.4351415913   
325      I1         1.436831276    2.689506173    4.487654321    0.137037037    0.01604938272  0.1203703704   2.6718107      2.99382716     0.5735543556   
326      I1         1.681687243    2.136831276    4.495884774    0.2096296296   0.04024691358  6.761111111    2.661522634    2.351851852    0.363942183    
327      I1         1.695679012    2.136831276    4.495884774    0.2257613169   0.01604938272  9.938888889    2.62037037     2.672839506    0.3866227611   
328      I1         1.674691358    2.689506173    4.495884774    0.2257613169   0.01201646091  6.761111111    2.568930041    2.351851852    0.3384522984   
329      I1         1.569753086    2.696502058    4.495884774    0.116872428    0.01201646091  8.961111111    2.435185185    2.574074074    0.361839516    
330      I1         1.716666667    2.696502058    4.495884774    0.2822222222   0.01201646091  3.338888889    2.527777778    2.672839506    0.3117489895   
331      I1         1.611728395    2.696502058    4.495884774    0.116872428    0.01201646091  1.138888889    2.342592593    2.685185185    0.3239369557   
332      I1         1.611728395    2.696502058    4.495884774    0.116872428    0.0483127572   3.338888889    2.342592593    2.907407407    0.3455710776   
333      I1         1.61872428     2.696502058    4.495884774    0.2096296296   0.01201646091  1.138888889    2.37345679     2.611111111    0.3020468086   
334      I1         1.688683128    2.696502058    4.495884774    0.2459259259   0.01201646091  0.4055555556   2.435185185    2.537037037    0.3274759236   
335      I1         1.625720165    2.696502058    4.273662551    0.2096296296   0.01201646091  6.761111111    2.404320988    2.796296296    0.3327515538   
336      I1         1.422839506    2.696502058    4.495884774    0.04024691358  0.01201646091  0.4055555556   2.219135802    2.672839506    0.3679382957   
337      I1         1.275925926    2.696502058    3.154320988    0.01201646091  0.01201646091  0.1611111111   2.404320988    2.99382716     0.6405115901   
338      I1         1.527777778    2.696502058    4.273662551    0.1128395062   0.01201646091  1.138888889    2.363168724    2.537037037    0.3245402844   
339      I1         1.548765432    2.185802469    4.495884774    0.116872428    0.01201646091  1.17962963     2.342592593    2.5            0.3132587261   
340      I1         1.548765432    2.689506173    4.495884774    0.116872428    0.01201646091  2.238888889    2.342592593    2.327160494    0.3021327901   
341      I1         1.555761317    2.689506173    4.495884774    0.116872428    0.01201646091  2.85           2.342592593    2.5            0.3014975197   
342      I1         1.527777778    2.696502058    4.495884774    0.116872428    0.01201646091  0.2833333333   2.342592593    2.388888889    0.3497533605   
343      I1         1.667695473    1.003497942    4.495884774    0.05234567901  0.04024691358  4.683333333    2.682098765    2.00617284     0.4167806773   
344      I1         1.989506173    1.003497942    4.290123457    0.2217283951   0.01201646091  9.97962963     2.929012346    2.99382716     0.5844780137   
345      I1         1.695679012    1.003497942    4.438271605    0.01201646091  0.1975308642   9.97962963     2.682098765    2.99382716     0.5266778205   
346      I1         1.821604938    1.003497942    4.495884774    0.01201646091  0.2338271605   6.761111111    3.052469136    2.00617284     0.5022645399   
347      I1         1.674691358    1.010493827    4.495884774    0.1209053498   0.01201646091  9.938888889    2.712962963    2.00617284     0.4315760274   
348      I1         1.996502058    1.55617284     4.495884774    0.5483950617   0.01201646091  8.961111111    2.805555556    2.99382716     0.4044634983   
349      I1         1.863580247    1.010493827    4.495884774    0.4637037037   0.01201646091  6.72037037     2.774691358    2.99382716     0.3866655882   
350      I1         1.555761317    2.500617284    4.413580247    0.08057613169  0.01201646091  3.37962963     2.280864198    2.018518519    0.3151316488   
351      I1         1.821604938    1.178395062    4.495884774    0.4516049383   0.01201646091  9.97962963     2.959876543    2.99382716     0.4414677833   
352      I1         1.884567901    2.696502058    4.495884774    0.4879012346   0.01201646091  9.938888889    2.682098765    2.99382716     0.377297701    
353      I1         1.60473251     2.689506173    4.462962963    0.2176954733   0.01201646091  3.012962963    2.342592593    2.5            0.2644448868   
354      I1         1.996502058    2.689506173    4.495884774    0.6209876543   0.01201646091  6.761111111    2.867283951    2.99382716     0.420438199    
355      I1         1.996502058    2.689506173    4.495884774    0.5120987654   0.01201646091  9.97962963     2.990740741    2.092592593    0.4394804956   
356      I1         1.933539095    2.248765432    4.281893004    0.5            0.137037037    9.97962963     2.929012346    2.99382716     0.4333520005   
357      I1         1.632716049    2.696502058    4.487654321    0.3427160494   0.01201646091  9.97962963     2.6718107      2.018518519    0.382142608    
358      I1         1.464814815    2.14382716     4.281893004    0.01201646091  0.01201646091  0.1611111111   2.157407407    2.99382716     0.4300792655   
359      I1         1.597736626    2.563580247    4.487654321    0.2257613169   0.01201646091  3.338888889    2.291152263    2.462962963    0.3149780193   
360      I1         1.716666667    1.374279835    4.495884774    0.330617284    0.01201646091  6.638888889    2.805555556    2.99382716     0.4428012036   
361      I1         1.590740741    2.689506173    4.092592593    0.137037037    0.01201646091  9.97962963     2.6718107      2.00617284     0.4126658298   
362      I1         1.61872428     2.689506173    4.487654321    0.3346502058   0.01201646091  9.97962963     3.083333333    2.425925926    0.3988049178   
363      I1         1.527777778    2.696502058    4.487654321    0.2701234568   0.01201646091  9.97962963     2.682098765    2.99382716     0.4408939201   
364      I1         1.485802469    2.696502058    4.495884774    0.01604938272  0.01201646091  9.97962963     3.484567901    2.018518519    0.6219685676   
365      I1         1.611728395    2.696502058    3.845679012    0.01201646091  0.330617284    9.97962963     3.083333333    2.99382716     0.747854414    
366      I1         1.422839506    2.14382716     4.495884774    0.1975308642   0.01201646091  9.97962963     3.330246914    2.99382716     0.6072215788   
367      I1         1.359876543    2.696502058    4.487654321    0.01201646091  0.01201646091  9.938888889    2.25           2.99382716     0.5011380651   
368      I1         1.947530864    2.696502058    4.495884774    0.330617284    0.01201646091  0.1203703704   3.422839506    2.314814815    0.5949495654   
369      I1         1.625720165    2.696502058    4.273662551    0.2338271605   0.01201646091  3.338888889    2.404320988    2.203703704    0.3234941484   
370      I1         1.814609053    1.430246914    4.043209877    0.02814814815  0.01201646091  9.938888889    2.6718107      2.00617284     0.4894015442   
371      I1         1.758641975    1.563168724    4.265432099    0.2459259259   0.01201646091  9.97962963     2.939300412    2.018518519    0.442884969    
372      I1         1.821604938    1.374279835    4.495884774    0.08864197531  0.1249382716   6.761111111    2.6718107      2.00617284     0.4077634784   
373      I1         1.989506173    2.696502058    3.104938272    0.01201646091  0.01201646091  0.1611111111   2.898148148    2.99382716     0.715281658    
374      I1         1.996502058    2.689506173    2.504115226    0.01201646091  0.01604938272  0.1611111111   3.361111111    2.99382716     0.8872875752   
375      I1         1.737654321    2.696502058    2.586419753    0.01201646091  0.01604938272  0.1611111111   2.6718107      2.99382716     0.7439517612   
376      I1         1.996502058    2.696502058    2.734567901    0.01201646091  0.330617284    3.338888889    2.959876543    2.99382716     0.7273168156   
377      I1         1.800617284    2.689506173    3.524691358    0.01201646091  0.01201646091  3.37962963     2.805555556    2.99382716     0.653683471    
378      I1         1.905555556    1.55617284     4.495884774    0.5            0.01201646091  6.72037037     2.949588477    2.981481481    0.4225290288   
379      I1         1.625720165    2.696502058    4.397119342    0.2338271605   0.01201646091  2.727777778    2.404320988    2.537037037    0.2951848057   
380      I1         1.422839506    2.696502058    3.697530864    0.01201646091  0.01201646091  9.97962963     2.37345679     2.981481481    0.5372382527   
381      I1         1.996502058    2.136831276    3.228395062    0.2822222222   0.01201646091  3.338888889    3.052469136    2.99382716     0.5937381112   
382      I1         1.695679012    2.696502058    3.598765432    0.1249382716   0.3346502058   0.1203703704   2.774691358    2.99382716     0.5858529881   
383      I1         1.653703704    2.136831276    3.16255144     0.01201646091  0.01201646091  0.1611111111   2.682098765    2.981481481    0.6619360909   
384      I1         1.996502058    2.696502058    2.512345679    0.3346502058   0.330617284    0.1611111111   3.052469136    2.99382716     0.8459664056   
385      I1         1.44382716     2.696502058    3.829218107    0.01604938272  0.01201646091  0.1203703704   3.484567901    2.981481481    0.9113176684   
386      I1         1.996502058    2.14382716     3.697530864    0.3185185185   0.01201646091  9.97962963     3.083333333    2.99382716     0.5784367824   
387      I1         1.401851852    2.696502058    3.820987654    0.01201646091  0.01201646091  0.1611111111   2.105967078    2.981481481    0.4204585747   
388      I1         1.77962963     2.696502058    4.495884774    0.3185185185   0.01201646091  9.97962963     3.484567901    2.018518519    0.4976562366   
389      I1         1.716666667    2.185802469    4.495884774    0.3346502058   0.01201646091  9.97962963     3.052469136    2.018518519    0.4181477081   
390      I1         1.996502058    2.696502058    3.170781893    0.137037037    0.01604938272  9.97962963     2.959876543    2.981481481    0.6477618763   
391      I1         1.632716049    2.136831276    3.598765432    0.1612345679   0.01201646091  9.97962963     2.898148148    2.99382716     0.5905014838   
392      I1         1.611728395    2.696502058    3.919753086    0.330617284    0.01201646091  9.97962963     3.422839506    2.99382716     0.5420486663   
393      I1         1.737654321    2.696502058    4.051440329    0.3346502058   0.2459259259   9.97962963     3.175925926    2.018518519    0.5031686108   
394      I1         1.429835391    2.696502058    4.487654321    0.1491358025   0.01201646091  8.961111111    2.25           2.00617284     0.3680617391   
395      I1         0.9820987654   2.696502058    4.495884774    0.01201646091  0.01201646091  9.938888889    3.237654321    2.981481481    0.8032855053   
396      I1         1.695679012    2.696502058    3.829218107    0.2096296296   0.01201646091  0.1611111111   3.114197531    2.00617284     0.4990710379   
397      I1         1.590740741    2.696502058    4.495884774    0.330617284    0.2701234568   9.938888889    3.494855967    2.99382716     0.5161826508   
398      I1         1.92654321     2.14382716     4.495884774    0.330617284    0.2338271605   9.97962963     3.494855967    2.99382716     0.6171047807   
399      I1         1.506790123    2.696502058    4.495884774    0.2217283951   0.2338271605   6.72037037     3.391975309    2.00617284     0.4260986454   
400      I1         1.821604938    2.696502058    4.495884774    0.137037037    0.3346502058   9.938888889    3.494855967    2.018518519    0.6083332886   
%eval_id interface log__t_efold_shallow log__t_efold_soil log__t_efold_karst f_exfiltration_shallow f_exfiltration_soil PDD_melt_factor log__H0_pdm_shallow log__fdd_threshold neg_kge        
401      I1         1.60473251     2.689506173    4.462962963    0.2176954733   0.01201646091  3.012962963    2.342592593    2.5            0.2644448868   
402      I1         1.77473251     2.689506173    4.462962963    0.2176954733   0.01201646091  3.012962963    2.342592593    2.5            0.2770953222   
403      I1         1.60473251     2.689506173    4.462962963    0.3156954733   0.01201646091  3.012962963    2.342592593    2.5            0.2778669115   
404      I1         1.60473251     2.689506173    4.462962963    0.2176954733   0.1100164609   3.012962963    2.342592593    2.5            0.2753493519   
405      I1         1.60473251     2.689506173    4.462962963    0.2176954733   0.01201646091  4.002962963    2.342592593    2.5            0.2678854316   
406      I1         1.60473251     2.689506173    4.462962963    0.2176954733   0.01201646091  3.012962963    2.592592593    2.5            0.3150167495   
407      I1         1.60473251     2.689506173    4.462962963    0.2176954733   0.01201646091  3.012962963    2.342592593    2.8            0.2826219241   
408      I1         1.43473251     2.689506173    4.462962963    0.2176954733   0.01201646091  3.012962963    2.342592593    2.5            0.2633126625   
409      I1         1.60473251     2.519506173    4.462962963    0.2176954733   0.01201646091  3.012962963    2.342592593    2.5            0.2648163561   
410      I1         1.60473251     2.689506173    4.262962963    0.2176954733   0.01201646091  3.012962963    2.342592593    2.5            0.3176864817   
411      I1         1.60473251     2.689506173    4.462962963    0.1196954733   0.01201646091  3.012962963    2.342592593    2.5            0.2925555561   
412      I1         1.60473251     2.689506173    4.462962963    0.2176954733   0.01201646091  2.022962963    2.342592593    2.5            0.2653197042   
413      I1         1.60473251     2.689506173    4.462962963    0.2176954733   0.01201646091  3.012962963    2.092592593    2.5            0.3539212049   
414      I1         1.60473251     2.689506173    4.462962963    0.2176954733   0.01201646091  3.012962963    2.342592593    2.2            0.2714887737   
415      I1         1.68973251     2.689506173    4.462962963    0.2176954733   0.01201646091  3.012962963    2.342592593    2.5            0.2697977401   
416      I1         1.60473251     2.689506173    4.462962963    0.2666954733   0.01201646091  3.012962963    2.342592593    2.5            0.2643908442   
417      I1         1.60473251     2.689506173    4.462962963    0.2176954733   0.06101646091  3.012962963    2.342592593    2.5            0.268792163    
418      I1         1.60473251     2.689506173    4.462962963    0.2176954733   0.01201646091  3.507962963    2.342592593    2.5            0.2657022525   
419      I1         1.60473251     2.689506173    4.462962963    0.2176954733   0.01201646091  3.012962963    2.467592593    2.5            0.281940451    
420      I1         1.60473251     2.689506173    4.462962963    0.2176954733   0.01201646091  3.012962963    2.342592593    2.65           0.2679886822   
421      I1         1.51973251     2.689506173    4.462962963    0.2176954733   0.01201646091  3.012962963    2.342592593    2.5            0.26192237     
422      I1         1.60473251     2.604506173    4.462962963    0.2176954733   0.01201646091  3.012962963    2.342592593    2.5            0.2646627381   
423      I1         1.60473251     2.689506173    4.362962963    0.2176954733   0.01201646091  3.012962963    2.342592593    2.5            0.3278202148   
424      I1         1.60473251     2.689506173    4.462962963    0.1686954733   0.01201646091  3.012962963    2.342592593    2.5            0.2749372857   
425      I1         1.60473251     2.689506173    4.462962963    0.2176954733   0.01201646091  2.517962963    2.342592593    2.5            0.2634334942   
426      I1         1.60473251     2.689506173    4.462962963    0.2176954733   0.01201646091  3.012962963    2.217592593    2.5            0.2833224005   
427      I1         1.60473251     2.689506173    4.462962963    0.2176954733   0.01201646091  3.012962963    2.342592593    2.35           0.2666206619   
428      I1         1.51973251     2.689506173    4.462962963    0.2666954733   0.01201646091  3.012962963    2.342592593    2.5            0.2652151712   
429      I1         1.51973251     2.689506173    4.462962963    0.2176954733   0.06101646091  3.012962963    2.342592593    2.5            0.2670194735   
430      I1         1.51973251     2.689506173    4.462962963    0.2176954733   0.01201646091  3.507962963    2.342592593    2.5            0.2629285012   
431      I1         1.51973251     2.689506173    4.462962963    0.2176954733   0.01201646091  3.012962963    2.467592593    2.5            0.2746024524   
432      I1         1.51973251     2.689506173    4.462962963    0.2176954733   0.01201646091  3.012962963    2.342592593    2.65           0.2653502758   
433      I1         1.51973251     2.604506173    4.462962963    0.2176954733   0.01201646091  3.012962963    2.342592593    2.5            0.2621867957   
434      I1         1.51973251     2.689506173    4.362962963    0.2176954733   0.01201646091  3.012962963    2.342592593    2.5            0.3309240998   
435      I1         1.51973251     2.689506173    4.462962963    0.1686954733   0.01201646091  3.012962963    2.342592593    2.5            0.2712483439   
436      I1         1.51973251     2.689506173    4.462962963    0.2176954733   0.01201646091  2.517962963    2.342592593    2.5            0.2613158532   
437      I1         1.51973251     2.689506173    4.462962963    0.2176954733   0.01201646091  3.012962963    2.217592593    2.5            0.2812175355   
438      I1         1.51973251     2.689506173    4.462962963    0.2176954733   0.01201646091  3.012962963    2.342592593    2.35           0.2649764854   
439      I1         1.56223251     2.689506173    4.462962963    0.2176954733   0.01201646091  3.012962963    2.342592593    2.5            0.2627452561   
440      I1         1.51973251     2.689506173    4.462962963    0.2421954733   0.01201646091  3.012962963    2.342592593    2.5            0.2617655532   
441      I1         1.51973251     2.689506173    4.462962963    0.2176954733   0.03651646091  3.012962963    2.342592593    2.5            0.2642008199   
442      I1         1.51973251     2.689506173    4.462962963    0.2176954733   0.01201646091  3.260462963    2.342592593    2.5            0.2624009031   
443      I1         1.51973251     2.689506173    4.462962963    0.2176954733   0.01201646091  3.012962963    2.405092593    2.5            0.2655076084   
444      I1         1.51973251     2.689506173    4.462962963    0.2176954733   0.01201646091  3.012962963    2.342592593    2.575          0.2621214511   
445      I1         1.47723251     2.689506173    4.462962963    0.2176954733   0.01201646091  3.012962963    2.342592593    2.5            0.2621119969   
446      I1         1.51973251     2.647006173    4.462962963    0.2176954733   0.01201646091  3.012962963    2.342592593    2.5            0.2620651552   
447      I1         1.51973251     2.689506173    4.412962963    0.2176954733   0.01201646091  3.012962963    2.342592593    2.5            0.2893087129   
448      I1         1.51973251     2.689506173    4.462962963    0.1931954733   0.01201646091  3.012962963    2.342592593    2.5            0.2652479896   
449      I1         1.51973251     2.689506173    4.462962963    0.2176954733   0.01201646091  2.765462963    2.342592593    2.5            0.2613305501   
450      I1         1.51973251     2.689506173    4.462962963    0.2176954733   0.01201646091  3.012962963    2.280092593    2.5            0.2663416556   
451      I1         1.51973251     2.689506173    4.462962963    0.2176954733   0.01201646091  3.012962963    2.342592593    2.425          0.2628036136   
452      I1         1.54098251     2.689506173    4.462962963    0.2176954733   0.01201646091  3.012962963    2.342592593    2.5            0.2622280323   
453      I1         1.51973251     2.689506173    4.487962963    0.2176954733   0.01201646091  3.012962963    2.342592593    2.5            0.2995969576   
454      I1         1.51973251     2.689506173    4.462962963    0.2299454733   0.01201646091  3.012962963    2.342592593    2.5            0.2614184692   
455      I1         1.51973251     2.689506173    4.462962963    0.2176954733   0.02426646091  3.012962963    2.342592593    2.5            0.2629953375   
456      I1         1.51973251     2.689506173    4.462962963    0.2176954733   0.01201646091  3.136712963    2.342592593    2.5            0.2621438211   
457      I1         1.51973251     2.689506173    4.462962963    0.2176954733   0.01201646091  3.012962963    2.373842593    2.5            0.2628749631   
458      I1         1.51973251     2.689506173    4.462962963    0.2176954733   0.01201646091  3.012962963    2.342592593    2.5375         0.2621910868   
459      I1         1.49848251     2.689506173    4.462962963    0.2176954733   0.01201646091  3.012962963    2.342592593    2.5            0.2618477568   
460      I1         1.51973251     2.668256173    4.462962963    0.2176954733   0.01201646091  3.012962963    2.342592593    2.5            0.2619960059   
461      I1         1.51973251     2.689506173    4.437962963    0.2176954733   0.01201646091  3.012962963    2.342592593    2.5            0.2736336971   
462      I1         1.51973251     2.689506173    4.462962963    0.2054454733   0.01201646091  3.012962963    2.342592593    2.5            0.2632193399   
463      I1         1.51973251     2.689506173    4.462962963    0.2176954733   0.01201646091  2.889212963    2.342592593    2.5            0.2616076224   
464      I1         1.51973251     2.689506173    4.462962963    0.2176954733   0.01201646091  3.012962963    2.311342593    2.5            0.2629695017   
465      I1         1.51973251     2.689506173    4.462962963    0.2176954733   0.01201646091  3.012962963    2.342592593    2.4625         0.2623333126   
466      I1         1.54098251     2.689506173    4.462962963    0.2299454733   0.01201646091  3.012962963    2.342592593    2.5            0.2615327066   
467      I1         1.51973251     2.689506173    4.487962963    0.2299454733   0.01201646091  3.012962963    2.342592593    2.5            0.3026981764   
468      I1         1.51973251     2.689506173    4.462962963    0.2421954733   0.01201646091  3.012962963    2.342592593    2.5            0.2617655532   
469      I1         1.51973251     2.689506173    4.462962963    0.2299454733   0.02426646091  3.012962963    2.342592593    2.5            0.2627439882   
470      I1         1.51973251     2.689506173    4.462962963    0.2299454733   0.01201646091  3.136712963    2.342592593    2.5            0.261615781    
471      I1         1.51973251     2.689506173    4.462962963    0.2299454733   0.01201646091  3.012962963    2.373842593    2.5            0.2615290157   
472      I1         1.51973251     2.689506173    4.462962963    0.2299454733   0.01201646091  3.012962963    2.342592593    2.5375         0.2612991277   
473      I1         1.49848251     2.689506173    4.462962963    0.2299454733   0.01201646091  3.012962963    2.342592593    2.5            0.2615581763   
474      I1         1.51973251     2.668256173    4.462962963    0.2299454733   0.01201646091  3.012962963    2.342592593    2.5            0.2615091443   
475      I1         1.51973251     2.689506173    4.437962963    0.2299454733   0.01201646091  3.012962963    2.342592593    2.5            0.2746078089   
476      I1         1.51973251     2.689506173    4.462962963    0.2299454733   0.01201646091  2.889212963    2.342592593    2.5            0.2611277392   
477      I1         1.51973251     2.689506173    4.462962963    0.2299454733   0.01201646091  3.012962963    2.311342593    2.5            0.2633585722   
478      I1         1.51973251     2.689506173    4.462962963    0.2299454733   0.01201646091  3.012962963    2.342592593    2.4625         0.2621555809   
479      I1         1.54098251     2.689506173    4.462962963    0.2299454733   0.01201646091  2.889212963    2.342592593    2.5            0.261209813    
480      I1         1.51973251     2.689506173    4.487962963    0.2299454733   0.01201646091  2.889212963    2.342592593    2.5            0.3025248737   
481      I1         1.51973251     2.689506173    4.462962963    0.2421954733   0.01201646091  2.889212963    2.342592593    2.5            0.2615010046   
482      I1         1.51973251     2.689506173    4.462962963    0.2299454733   0.02426646091  2.889212963    2.342592593    2.5            0.2624614559   
483      I1         1.51973251     2.689506173    4.462962963    0.2299454733   0.01201646091  2.889212963    2.373842593    2.5            0.261169727    
484      I1         1.51973251     2.689506173    4.462962963    0.2299454733   0.01201646091  2.889212963    2.342592593    2.5375         0.2607473462   
485      I1         1.49848251     2.689506173    4.462962963    0.2299454733   0.01201646091  2.889212963    2.342592593    2.5            0.2612925259   
486      I1         1.51973251     2.668256173    4.462962963    0.2299454733   0.01201646091  2.889212963    2.342592593    2.5            0.2612189346   
487      I1         1.51973251     2.689506173    4.437962963    0.2299454733   0.01201646091  2.889212963    2.342592593    2.5            0.2743669576   
488      I1         1.51973251     2.689506173    4.462962963    0.2299454733   0.01201646091  2.765462963    2.342592593    2.5            0.2609021617   
489      I1         1.51973251     2.689506173    4.462962963    0.2299454733   0.01201646091  2.889212963    2.311342593    2.5            0.2631456463   
490      I1         1.51973251     2.689506173    4.462962963    0.2299454733   0.01201646091  2.889212963    2.342592593    2.4625         0.2618231456   
491      I1         1.54098251     2.689506173    4.462962963    0.2299454733   0.01201646091  2.889212963    2.342592593    2.5375         0.2608521825   
492      I1         1.51973251     2.689506173    4.487962963    0.2299454733   0.01201646091  2.889212963    2.342592593    2.5375         0.3001933638   
493      I1         1.51973251     2.689506173    4.462962963    0.2421954733   0.01201646091  2.889212963    2.342592593    2.5375         0.2607737257   
494      I1         1.51973251     2.689506173    4.462962963    0.2299454733   0.02426646091  2.889212963    2.342592593    2.5375         0.261953917    
495      I1         1.51973251     2.689506173    4.462962963    0.2299454733   0.01201646091  2.889212963    2.373842593    2.5375         0.2612205336   
496      I1         1.51973251     2.689506173    4.462962963    0.2299454733   0.01201646091  2.889212963    2.342592593    2.575          0.2607370702   
497      I1         1.49848251     2.689506173    4.462962963    0.2299454733   0.01201646091  2.889212963    2.342592593    2.5375         0.2608790073   
498      I1         1.51973251     2.668256173    4.462962963    0.2299454733   0.01201646091  2.889212963    2.342592593    2.5375         0.2608298582   
499      I1         1.51973251     2.689506173    4.437962963    0.2299454733   0.01201646091  2.889212963    2.342592593    2.5375         0.2732591965   
500      I1         1.51973251     2.689506173    4.462962963    0.2176954733   0.01201646091  2.889212963    2.342592593    2.5375         0.2615573432   
501      I1         1.51973251     2.689506173    4.462962963    0.2299454733   0.01201646091  2.765462963    2.342592593    2.5375         0.2603694399   
502      I1         1.51973251     2.689506173    4.462962963    0.2299454733   0.01201646091  2.889212963    2.311342593    2.5375         0.2623210542   
503      I1         1.54098251     2.689506173    4.462962963    0.2299454733   0.01201646091  2.765462963    2.342592593    2.5375         0.2604351312   
504      I1         1.51973251     2.689506173    4.487962963    0.2299454733   0.01201646091  2.765462963    2.342592593    2.5375         0.3001183259   
505      I1         1.51973251     2.689506173    4.462962963    0.2421954733   0.01201646091  2.765462963    2.342592593    2.5375         0.2604613612   
506      I1         1.51973251     2.689506173    4.462962963    0.2299454733   0.02426646091  2.765462963    2.342592593    2.5375         0.2615972294   
507      I1         1.51973251     2.689506173    4.462962963    0.2299454733   0.01201646091  2.765462963    2.373842593    2.5375         0.2606921646   
508      I1         1.51973251     2.689506173    4.462962963    0.2299454733   0.01201646091  2.765462963    2.342592593    2.575          0.2605613149   
509      I1         1.49848251     2.689506173    4.462962963    0.2299454733   0.01201646091  2.765462963    2.342592593    2.5375         0.2605377293   
510      I1         1.51973251     2.668256173    4.462962963    0.2299454733   0.01201646091  2.765462963    2.342592593    2.5375         0.2604533351   
511      I1         1.51973251     2.689506173    4.437962963    0.2299454733   0.01201646091  2.765462963    2.342592593    2.5375         0.2730043056   
512      I1         1.51973251     2.689506173    4.462962963    0.2176954733   0.01201646091  2.765462963    2.342592593    2.5375         0.2611170488   
513      I1         1.51973251     2.689506173    4.462962963    0.2299454733   0.01201646091  2.641712963    2.342592593    2.5375         0.2602989891   
514      I1         1.51973251     2.689506173    4.462962963    0.2299454733   0.01201646091  2.765462963    2.311342593    2.5375         0.2621087329   
515      I1         1.53035751     2.689506173    4.462962963    0.2299454733   0.01201646091  2.765462963    2.342592593    2.5375         0.26037177     
516      I1         1.51973251     2.689506173    4.475462963    0.2299454733   0.01201646091  2.765462963    2.342592593    2.5375         0.3104733405   
517      I1         1.51973251     2.689506173    4.462962963    0.2360704733   0.01201646091  2.765462963    2.342592593    2.5375         0.26030691     
518      I1         1.51973251     2.689506173    4.462962963    0.2299454733   0.01814146091  2.765462963    2.342592593    2.5375         0.2609670333   
519      I1         1.51973251     2.689506173    4.462962963    0.2299454733   0.01201646091  2.827337963    2.342592593    2.5375         0.2606617515   
520      I1         1.51973251     2.689506173    4.462962963    0.2299454733   0.01201646091  2.765462963    2.358217593    2.5375         0.2602921604   
521      I1         1.51973251     2.689506173    4.462962963    0.2299454733   0.01201646091  2.765462963    2.342592593    2.55625        0.2604667071   
522      I1         1.50910751     2.689506173    4.462962963    0.2299454733   0.01201646091  2.765462963    2.342592593    2.5375         0.2604153742   
523      I1         1.51973251     2.678881173    4.462962963    0.2299454733   0.01201646091  2.765462963    2.342592593    2.5375         0.2604121395   
524      I1         1.51973251     2.689506173    4.450462963    0.2299454733   0.01201646091  2.765462963    2.342592593    2.5375         0.2661864241   
525      I1         1.51973251     2.689506173    4.462962963    0.2238204733   0.01201646091  2.765462963    2.342592593    2.5375         0.2606419367   
526      I1         1.51973251     2.689506173    4.462962963    0.2299454733   0.01201646091  2.703587963    2.342592593    2.5375         0.2603502759   
527      I1         1.51973251     2.689506173    4.462962963    0.2299454733   0.01201646091  2.765462963    2.326967593    2.5375         0.2609646823   
528      I1         1.51973251     2.689506173    4.462962963    0.2299454733   0.01201646091  2.765462963    2.342592593    2.51875        0.2606098985   
529      I1         1.53035751     2.689506173    4.462962963    0.2299454733   0.01201646091  2.765462963    2.358217593    2.5375         0.2603605339   
530      I1         1.51973251     2.689506173    4.475462963    0.2299454733   0.01201646091  2.765462963    2.358217593    2.5375         0.3079004389   
531      I1         1.51973251     2.689506173    4.462962963    0.2360704733   0.01201646091  2.765462963    2.358217593    2.5375         0.2600087409   
532      I1         1.51973251     2.689506173    4.462962963    0.2299454733   0.01814146091  2.765462963    2.358217593    2.5375         0.2608211024   
533      I1         1.51973251     2.689506173    4.462962963    0.2299454733   0.01201646091  2.827337963    2.358217593    2.5375         0.2606366481   
534      I1         1.51973251     2.689506173    4.462962963    0.2299454733   0.01201646091  2.765462963    2.358217593    2.55625        0.2605441959   
535      I1         1.50910751     2.689506173    4.462962963    0.2299454733   0.01201646091  2.765462963    2.358217593    2.5375         0.2602712966   
536      I1         1.51973251     2.678881173    4.462962963    0.2299454733   0.01201646091  2.765462963    2.358217593    2.5375         0.2603303141   
537      I1         1.51973251     2.689506173    4.450462963    0.2299454733   0.01201646091  2.765462963    2.358217593    2.5375         0.2657033886   
538      I1         1.51973251     2.689506173    4.462962963    0.2238204733   0.01201646091  2.765462963    2.358217593    2.5375         0.2607819013   
539      I1         1.51973251     2.689506173    4.462962963    0.2299454733   0.01201646091  2.703587963    2.358217593    2.5375         0.2602473534   
540      I1         1.51973251     2.689506173    4.462962963    0.2299454733   0.01201646091  2.765462963    2.358217593    2.51875        0.2604225008   
541      I1         1.53035751     2.689506173    4.462962963    0.2360704733   0.01201646091  2.765462963    2.358217593    2.5375         0.2600225561   
542      I1         1.51973251     2.689506173    4.475462963    0.2360704733   0.01201646091  2.765462963    2.358217593    2.5375         0.3097550044   
543      I1         1.51973251     2.689506173    4.462962963    0.2421954733   0.01201646091  2.765462963    2.358217593    2.5375         0.2599392077   
544      I1         1.51973251     2.689506173    4.462962963    0.2360704733   0.01814146091  2.765462963    2.358217593    2.5375         0.2606011336   
545      I1         1.51973251     2.689506173    4.462962963    0.2360704733   0.01201646091  2.827337963    2.358217593    2.5375         0.2603283973   
546      I1         1.51973251     2.689506173    4.462962963    0.2360704733   0.01201646091  2.765462963    2.373842593    2.5375         0.260194385    
547      I1         1.51973251     2.689506173    4.462962963    0.2360704733   0.01201646091  2.765462963    2.358217593    2.55625        0.2601673215   
548      I1         1.50910751     2.689506173    4.462962963    0.2360704733   0.01201646091  2.765462963    2.358217593    2.5375         0.260045258    
549      I1         1.51973251     2.678881173    4.462962963    0.2360704733   0.01201646091  2.765462963    2.358217593    2.5375         0.2600510832   
550      I1         1.51973251     2.689506173    4.450462963    0.2360704733   0.01201646091  2.765462963    2.358217593    2.5375         0.2657905728   
551      I1         1.51973251     2.689506173    4.462962963    0.2360704733   0.01201646091  2.703587963    2.358217593    2.5375         0.2599699013   
552      I1         1.51973251     2.689506173    4.462962963    0.2360704733   0.01201646091  2.765462963    2.358217593    2.51875        0.2602274733   
553      I1         1.53035751     2.689506173    4.462962963    0.2421954733   0.01201646091  2.765462963    2.358217593    2.5375         0.2598935391   
554      I1         1.51973251     2.689506173    4.475462963    0.2421954733   0.01201646091  2.765462963    2.358217593    2.5375         0.3118442264   
555      I1         1.51973251     2.689506173    4.462962963    0.2483204733   0.01201646091  2.765462963    2.358217593    2.5375         0.2600907635   
556      I1         1.51973251     2.689506173    4.462962963    0.2421954733   0.01814146091  2.765462963    2.358217593    2.5375         0.2605960555   
557      I1         1.51973251     2.689506173    4.462962963    0.2421954733   0.01201646091  2.827337963    2.358217593    2.5375         0.2602335486   
558      I1         1.51973251     2.689506173    4.462962963    0.2421954733   0.01201646091  2.765462963    2.373842593    2.5375         0.2599068602   
559      I1         1.51973251     2.689506173    4.462962963    0.2421954733   0.01201646091  2.765462963    2.358217593    2.55625        0.2600029053   
560      I1         1.50910751     2.689506173    4.462962963    0.2421954733   0.01201646091  2.765462963    2.358217593    2.5375         0.2600380561   
561      I1         1.51973251     2.678881173    4.462962963    0.2421954733   0.01201646091  2.765462963    2.358217593    2.5375         0.2599858033   
562      I1         1.51973251     2.689506173    4.450462963    0.2421954733   0.01201646091  2.765462963    2.358217593    2.5375         0.2660983911   
563      I1         1.51973251     2.689506173    4.462962963    0.2421954733   0.01201646091  2.703587963    2.358217593    2.5375         0.2599066391   
564      I1         1.51973251     2.689506173    4.462962963    0.2421954733   0.01201646091  2.765462963    2.342592593    2.5375         0.2604613612   
565      I1         1.51973251     2.689506173    4.462962963    0.2421954733   0.01201646091  2.765462963    2.358217593    2.51875        0.2602484861   
566      I1         1.54098251     2.689506173    4.462962963    0.2421954733   0.01201646091  2.765462963    2.358217593    2.5375         0.2599161478   
567      I1         1.53035751     2.689506173    4.475462963    0.2421954733   0.01201646091  2.765462963    2.358217593    2.5375         0.3110822616   
568      I1         1.53035751     2.689506173    4.462962963    0.2483204733   0.01201646091  2.765462963    2.358217593    2.5375         0.2599807187   
569      I1         1.53035751     2.689506173    4.462962963    0.2421954733   0.01814146091  2.765462963    2.358217593    2.5375         0.2605337523   
570      I1         1.53035751     2.689506173    4.462962963    0.2421954733   0.01201646091  2.827337963    2.358217593    2.5375         0.260203618    
571      I1         1.53035751     2.689506173    4.462962963    0.2421954733   0.01201646091  2.765462963    2.373842593    2.5375         0.2599390679   
572      I1         1.53035751     2.689506173    4.462962963    0.2421954733   0.01201646091  2.765462963    2.358217593    2.55625        0.259978846    
573      I1         1.53035751     2.678881173    4.462962963    0.2421954733   0.01201646091  2.765462963    2.358217593    2.5375         0.2599389631   
574      I1         1.53035751     2.689506173    4.450462963    0.2421954733   0.01201646091  2.765462963    2.358217593    2.5375         0.2659265939   
575      I1         1.53035751     2.689506173    4.462962963    0.2421954733   0.01201646091  2.703587963    2.358217593    2.5375         0.2598554474   
576      I1         1.53035751     2.689506173    4.462962963    0.2421954733   0.01201646091  2.765462963    2.342592593    2.5375         0.2603502765   
577      I1         1.53035751     2.689506173    4.462962963    0.2421954733   0.01201646091  2.765462963    2.358217593    2.51875        0.2601888725   
578      I1         1.53567001     2.689506173    4.462962963    0.2421954733   0.01201646091  2.765462963    2.358217593    2.5375         0.2598974529   
579      I1         1.53035751     2.694818673    4.462962963    0.2421954733   0.01201646091  2.765462963    2.358217593    2.5375         0.2598702303   
580      I1         1.53035751     2.689506173    4.469212963    0.2421954733   0.01201646091  2.765462963    2.358217593    2.5375         0.2572595516   
581      I1         1.53035751     2.689506173    4.462962963    0.2452579733   0.01201646091  2.765462963    2.358217593    2.5375         0.2599096664   
582      I1         1.53035751     2.689506173    4.462962963    0.2421954733   0.01507896091  2.765462963    2.358217593    2.5375         0.2602096007   
583      I1         1.53035751     2.689506173    4.462962963    0.2421954733   0.01201646091  2.796400463    2.358217593    2.5375         0.2599436052   
584      I1         1.53035751     2.689506173    4.462962963    0.2421954733   0.01201646091  2.765462963    2.366030093    2.5375         0.2598559878   
585      I1         1.53035751     2.689506173    4.462962963    0.2421954733   0.01201646091  2.765462963    2.358217593    2.546875       0.2603189351   
586      I1         1.52504501     2.689506173    4.462962963    0.2421954733   0.01201646091  2.765462963    2.358217593    2.5375         0.2599091306   
587      I1         1.53035751     2.684193673    4.462962963    0.2421954733   0.01201646091  2.765462963    2.358217593    2.5375         0.2599164482   
588      I1         1.53035751     2.689506173    4.456712963    0.2421954733   0.01201646091  2.765462963    2.358217593    2.5375         0.2627839386   
589      I1         1.53035751     2.689506173    4.462962963    0.2391329733   0.01201646091  2.765462963    2.358217593    2.5375         0.2599314665   
590      I1         1.53035751     2.689506173    4.462962963    0.2421954733   0.01201646091  2.734525463    2.358217593    2.5375         0.2598592554   
591      I1         1.53035751     2.689506173    4.462962963    0.2421954733   0.01201646091  2.765462963    2.350405093    2.5375         0.2600566782   
592      I1         1.53035751     2.689506173    4.462962963    0.2421954733   0.01201646091  2.765462963    2.358217593    2.528125       0.2600394082   
593      I1         1.53567001     2.689506173    4.469212963    0.2421954733   0.01201646091  2.765462963    2.358217593    2.5375         0.2572941328   
594      I1         1.53035751     2.694818673    4.469212963    0.2421954733   0.01201646091  2.765462963    2.358217593    2.5375         0.2572391568   
595      I1         1.53035751     2.689506173    4.475462963    0.2421954733   0.01201646091  2.765462963    2.358217593    2.5375         0.3110822616   
596      I1         1.53035751     2.689506173    4.469212963    0.2452579733   0.01201646091  2.765462963    2.358217593    2.5375         0.2571809063   
597      I1         1.53035751     2.689506173    4.469212963    0.2421954733   0.01507896091  2.765462963    2.358217593    2.5375         0.2575385585   
598      I1         1.53035751     2.689506173    4.469212963    0.2421954733   0.01201646091  2.796400463    2.358217593    2.5375         0.2573133756   
599      I1         1.53035751     2.689506173    4.469212963    0.2421954733   0.01201646091  2.765462963    2.366030093    2.5375         0.2573227593   
600      I1         1.53035751     2.689506173    4.469212963    0.2421954733   0.01201646091  2.765462963    2.358217593    2.546875       0.2577469553   
601      I1         1.52504501     2.689506173    4.469212963    0.2421954733   0.01201646091  2.765462963    2.358217593    2.5375         0.2572435839   
602      I1         1.53035751     2.684193673    4.469212963    0.2421954733   0.01201646091  2.765462963    2.358217593    2.5375         0.2572795856   
603      I1         1.53035751     2.689506173    4.469212963    0.2391329733   0.01201646091  2.765462963    2.358217593    2.5375         0.2573913057   
604      I1         1.53035751     2.689506173    4.469212963    0.2421954733   0.01201646091  2.734525463    2.358217593    2.5375         0.2572219297   
605      I1         1.53035751     2.689506173    4.469212963    0.2421954733   0.01201646091  2.765462963    2.350405093    2.5375         0.2573207603   
606      I1         1.53035751     2.689506173    4.469212963    0.2421954733   0.01201646091  2.765462963    2.358217593    2.528125       0.257371626    
