%eval_id interface log__t_efold_shallow log__t_efold_soil log__t_efold_karst f_exfiltration_shallow f_exfiltration_soil PDD_melt_factor log__fdd_threshold neg_kge        
1        I1         1.230764125    1.47684756     3.920708269    0.8661838949   0.7468992355   2.596206367    2.254110226    1.884736494    
2        I1         1.841418893    2.013724513    3.653744343    0.9711978667   0.2098740821   8.194513123    1.017395017    1.508871232    
3        I1         0.3540151082   1.783104062    2.520144982    0.08187029442  0.7724180491   4.846555464    0.4711582756   2.08004283     
4        I1         1.682335925    2.186006007    3.824234156    0.8532681676   0.1985287257   6.59679333     1.693052362    1.54039495     
5        I1         1.117992494    2.689725624    4.153250314    0.8179985224   0.4484366104   9.496401716    1.348373174    1.920692859    
6        I1         0.519434217    2.578719527    4.43791119     0.9264071911   0.8255057529   6.266903658    0.9109934894   2.385946762    
7        I1         0.8563423004   1.290716929    2.681218689    0.3419970723   0.812421547    4.126543821    1.947517798    1.957031862    
8        I1         0.6158441461   2.273852932    4.08083248     0.5112211774   0.05394717492  8.654259139    0.5693354812   2.145528842    
9        I1         0.8192857502   1.823230549    2.549313107    0.7262102806   0.6908226698   9.929435802    0.8900685746   2.094757283    
10       I1         1.192182611    1.51774427     4.334839097    0.0903694521   0.8604976298   6.409110143    0.8795571241   1.733968102    
11       I1         1.266159008    2.51442489     3.732907637    0.2997027545   0.8500911906   9.36699869     1.577793398    1.513281592    
12       I1         1.836356129    2.29651723     3.474362922    0.2626567102   0.7807575394   4.60317251     1.211480416    1.17474243     
13       I1         1.026046435    2.037781874    4.177968403    0.1646286199   0.6631821369   7.407846489    0.04464897761  1.66597223     
14       I1         0.5874682381   1.322749343    4.180923743    0.1752551528   0.5185026592   2.025216672    0.121763921    2.034572165    
15       I1         0.8352697815   1.648557062    3.609136604    0.333323562    0.9713532722   9.218734886    0.3026195115   1.963226691    
16       I1         0.6401521459   2.208117891    3.898699169    0.1241161824   0.4105007558   0.803349096    0.2988271394   1.810403907    
17       I1         0.5369019975   2.288418569    2.605669016    0.05814758281  0.9023741      7.952141837    1.042364317    1.910401859    
18       I1         1.488799289    1.448917371    4.460416691    0.3091048798   0.813832477    5.955674479    1.561350535    1.608498659    
19       I1         1.64120002     1.487467654    4.068233866    0.8970061838   0.9142553178   7.516776562    0.8552969856   1.642927496    
20       I1         1.040563043    2.58541142     3.717211402    0.4583877322   0.2317561964   9.849586199    2.554685489    1.632437903    
21       I1         1.23714383     2.106105563    2.797400905    0.7782062663   0.685109752    7.899259404    0.1924150184   1.842638037    
22       I1         0.6558687647   1.189323103    3.510254339    0.5852573008   0.3509214385   4.529884387    0.5485266905   2.147100713    
23       I1         1.674256652    2.226407977    3.395581343    0.2011009297   0.7659888071   5.08417707     0.7638133234   1.243981053    
24       I1         1.79550917     2.161198875    2.782108588    0.01761344909  0.07391524674  4.124835472    1.361306337    1.130628742    
25       I1         0.7805910733   1.840114       2.815005329    0.7351553244   0.06031807634  5.581352577    1.611087785    2.097904556    
26       I1         1.822802265    1.875005895    3.287586518    0.6478459703   0.3533398499   6.763594913    1.076951973    1.266561564    
27       I1         1.092924469    1.149679854    2.666142613    0.8096779854   0.4780046208   8.415995466    1.179332422    1.953155071    
28       I1         1.381827444    1.605384842    4.360787384    0.4085227492   0.8329797208   7.331916469    1.195107604    1.671554165    
29       I1         0.7579706501   1.116056146    2.934513602    0.6010773471   0.2239289244   7.652579117    2.154961566    2.052755085    
30       I1         1.683075573    1.346035666    2.915172285    0.5699990112   0.842247825    1.957400108    0.2847513248   1.55669014     
31       I1         1.420646476    2.204138346    2.581990262    0.8873828238   0.6796230876   2.999869278    1.207174493    1.76169747     
32       I1         0.5420655705   1.328667274    3.735029668    0.4895793974   0.7289337692   5.787673809    0.9454382972   2.203319943    
33       I1         0.9537959759   1.40414358     2.789409178    0.1423160262   0.7991067335   8.716605469    1.097941292    1.882047673    
34       I1         0.7856290043   1.109985789    3.178457219    0.128473036    0.5846141512   8.370357904    1.12701118     1.954695363    
35       I1         1.908649771    1.283147972    3.839459706    0.5006140939   0.5694610568   4.063302564    0.8317494882   1.221297608    
36       I1         1.05919981     1.181177565    4.371764867    0.4844471541   0.1849948652   2.891081887    0.7381165165   1.829635545    
37       I1         1.870099175    2.221495105    2.830048849    0.1493129      0.5760678983   3.940408519    2.292399425    1.076778777    
38       I1         1.171461564    1.276145037    2.757391787    0.4439054183   0.09677803858  0.5941868708   0.02520256267  1.707664872    
39       I1         1.659968719    1.846727143    4.222988627    0.3745234011   0.9190928976   7.868435783    1.874902371    1.492775264    
40       I1         1.527668383    2.530528148    4.218569711    0.06244660579  0.4965381045   5.451772094    0.8105398535   0.6407502989   
41       I1         1.244751552    2.016681234    3.409406389    0.8700867974   0.9325752491   2.183137175    0.3575580936   1.871555497    
42       I1         1.51752088     2.133923259    3.251077035    0.1569038732   0.1739787854   7.822289279    2.365517818    0.8922119306   
43       I1         1.868473146    1.705854979    4.145470396    0.4496035419   0.02848347457  8.62880349     1.116822869    0.5143606801   
44       I1         0.5702487049   1.855932989    2.725188637    0.4156345467   0.07942275114  1.20806615     1.418766504    2.044804363    
45       I1         0.4479365181   2.215010462    3.304219489    0.2366521052   0.8223547415   9.174741589    2.20444443     1.991911963    
46       I1         1.690483718    1.901955297    2.719834169    0.6923296241   0.6994658029   1.941395209    1.780800284    1.503119469    
47       I1         1.177159204    2.030189091    4.135486143    0.1339867501   0.5109124987   3.177402617    0.2760762866   1.445171362    
48       I1         0.8313026433   2.241502952    3.794201365    0.7426416074   0.6360603293   3.831712223    1.852109712    2.061304717    
49       I1         1.406987481    2.347031718    3.929824668    0.9169635703   0.6802152624   7.105306752    1.672633847    1.787011078    
50       I1         1.275950592    1.442057733    2.875069965    0.1946010934   0.3997498947   3.465457878    2.283839803    1.422280041    
51       I1         0.937441218    1.084743497    3.048511995    0.1603838599   0.182428131    1.683142635    0.9601078918   1.682004295    
52       I1         1.081726666    1.285348205    3.693600047    0.9844407052   0.5642428646   2.770534601    1.029585083    2.027892533    
53       I1         0.9314794921   2.477854227    4.109591472    0.2578996488   0.06917312631  4.956372551    0.1736406476   1.298907801    
54       I1         1.254082153    2.382780579    3.042674409    0.03232881701  0.8994223175   5.071982654    0.6349166313   1.480541645    
55       I1         1.557081237    2.201317947    3.060427032    0.9243459712   0.9224487796   1.989780196    0.7512556124   1.686963435    
56       I1         0.9059262998   1.400965242    4.01903848     0.7479293057   0.5233939486   2.34359497     0.3113873632   2.056499786    
57       I1         1.969316018    1.535255594    4.006081118    0.8351751549   0.1376139005   4.019669975    1.385009744    1.224508496    
58       I1         1.464084269    2.171886984    3.223508307    0.588488354    0.3128979224   2.653942694    2.646035071    1.392305707    
59       I1         1.622287052    1.643923416    3.385764139    0.5950280336   0.4302886432   4.365068302    2.300469598    1.419499851    
60       I1         0.5744913194   2.056057473    3.18661111     0.02682032949  0.6515158266   2.908796736    1.510729246    1.796570859    
61       I1         1.303370076    2.103964652    3.968111588    0.8162194583   0.607010724    5.318249909    2.692178152    1.775056768    
62       I1         1.799934239    2.074017228    4.497385341    0.7827888579   0.1890601572   9.526076387    2.809444702    1.256796162    
63       I1         0.6218146609   1.236657754    3.006263884    0.7065912886   0.8820383405   3.614292698    0.9034729727   2.249818753    
64       I1         0.7675012623   2.254104281    3.326822502    0.9358103204   0.3931840479   0.275446016    0.6913817737   2.246766692    
65       I1         1.452181115    2.191445607    3.868783827    0.7362907138   0.6290082472   0.3582731703   2.488280796    1.615482817    
66       I1         0.3107108767   1.100195685    3.401677843    0.9063060078   0.653742217    9.053510048    1.068326553    2.521768942    
67       I1         1.467821931    2.262234132    2.710066259    0.06864317479  0.1214055083   1.113506027    0.3766807604   1.208463127    
68       I1         0.7196277594   1.374843451    2.941309496    0.05106478175  0.1065470813   2.212150905    0.2188061628   1.716588984    
69       I1         1.296228928    1.124789684    4.406230546    0.2528676024   0.8969460614   8.935380853    2.175543378    1.799584759    
70       I1         1.921550885    2.086270055    3.998975956    0.594645732    0.1201212604   7.03016898     1.256549383    1.044238809    
71       I1         1.347496987    2.06095185     2.657896966    0.2689075142   0.7228376675   7.064042437    0.7715029838   1.54873337     
72       I1         1.730353726    1.146068176    3.941439147    0.3297835083   0.08592714136  3.215896412    0.1332352735   0.7343811556   
73       I1         0.5094663364   1.963526746    3.742895652    0.7643935641   0.9077946181   9.719304767    2.069716827    2.310470178    
74       I1         0.6501714999   1.597078326    3.427281611    0.7000810092   0.8350015658   0.4383188587   1.889784482    2.198431608    
75       I1         1.250014581    1.239487442    3.845312261    0.1350522446   0.2851235629   3.411606954    2.145187741    0.7869664982   
76       I1         0.39845222     2.000874494    2.804628639    0.3534372038   0.4543216541   2.858188311    2.444468115    2.051194871    
77       I1         0.9154537974   2.25008588     2.948627563    0.6177638289   0.4852475744   4.504271809    2.315866658    1.920045702    
78       I1         1.876269462    1.684763754    3.910475407    0.7300191398   0.3380955784   2.681876318    0.2457813899   1.264232994    
79       I1         1.645442561    1.266991593    3.805383155    0.6702249147   0.6568343862   9.301918015    1.001682807    1.573700858    
80       I1         0.7461268417   2.391765973    4.08921173     0.8802523054   0.2025505396   5.190489881    0.6419632918   2.213631264    
81       I1         0.8884118105   2.232347639    4.166435226    0.8392264346   0.3475140804   1.813236371    0.4188999556   2.101949312    
82       I1         0.7357388406   1.558553607    3.764382356    0.1205591682   0.2484786123   3.013930012    2.998086719    0.4135144491   
83       I1         0.869678216    1.368306792    3.59973603     0.8644663599   0.9527122088   7.717283805    1.329604916    2.136671584    
84       I1         1.389904313    1.353113064    3.190784844    0.2810816412   0.836560833    6.01519677     1.278329861    1.691186573    
85       I1         1.987353195    2.324481988    2.872825091    0.78766895     0.8689908005   6.52304944     2.428998184    1.233145834    
86       I1         1.832347989    2.095049203    3.681351124    0.9795582233   0.7855111937   2.118319626    0.7896408734   1.519880643    
87       I1         1.82491466     1.563813263    2.767248125    0.2749906241   0.979447786    8.24717916     0.8250106569   1.468878827    
88       I1         1.69721588     1.919140271    3.674383694    0.1717771929   0.2935083771   2.715362389    0.3920599792   0.909454462    
89       I1         1.860860465    1.618783662    2.983373812    0.2934147745   0.2536875913   3.558779445    1.721335498    1.094921403    
90       I1         1.382954783    1.408394001    3.984371269    0.2729217598   0.714725534    7.21046598     2.229455257    1.603651489    
91       I1         0.3285586371   1.57146601     3.831236871    0.2421199327   0.5895334026   0.3973248431   2.893863476    1.729061383    
92       I1         1.738002296    2.512240563    3.809025626    0.6421091236   0.172586491    3.372111183    2.773276552    1.027809683    
93       I1         1.326528753    1.880140909    4.037871506    0.5496203686   0.4123488404   5.870925088    0.2219254966   1.653861195    
94       I1         1.085592975    2.619524521    4.064944398    0.6318941159   0.3414620436   6.48335404     0.001945486509 1.866988127    
95       I1         1.492923017    2.407301197    4.20024087     0.3438077843   0.2087928288   0.3257977483   2.073993922    0.5099528797   
96       I1         1.564016217    2.499003633    2.57275019     0.1094647061   0.4387943063   0.241138325    0.1443488069   1.187685962    
97       I1         0.3131261282   1.67081122     3.667595332    0.4984778558   0.1289259313   9.65776003     0.1614935338   2.331156588    
98       I1         1.221021649    1.950323918    3.45754666     0.3203010297   0.739563675    5.939641469    2.942109655    1.355697562    
99       I1         1.712625696    2.298393316    3.847275111    0.6396962211   0.9466801024   6.124559585    1.688368233    1.442478844    
100      I1         1.052531105    1.502985028    4.012869763    0.5227558373   0.03002443055  9.391928479    2.478306973    1.733893104    
101      I1         0.5144262091   2.007974284    4.393020831    0.07736213041  0.3251547208   5.371052394    2.632297919    0.6164468577   
102      I1         1.315604476    2.126531714    2.674299496    0.465210757    0.356885533    5.308717337    2.668773302    1.443178736    
103      I1         1.395449208    2.035421557    3.91705676     0.4342557839   0.5953864639   6.399624598    2.035511573    1.51125586     
104      I1         1.931563387    1.794869922    3.771107536    0.7218329044   0.7516442785   3.506294406    2.728388239    1.255077188    
105      I1         1.990996676    2.462764673    4.13262006     0.7994510876   0.3355639597   0.1383557627   1.868333832    1.15525011     
106      I1         1.740831827    1.802122459    4.328839539    0.4563962076   0.2375262317   0.9747690129   2.165688921    0.4748161192   
107      I1         1.186805977    2.607205399    2.612978149    0.5394486182   0.4473012554   7.283779674    1.240942534    1.720218173    
108      I1         0.4240566145   1.173806576    3.087118066    0.5540566055   0.5031211313   9.121403494    1.821818187    2.30622742     
109      I1         1.911398778    1.511267464    3.859167714    0.4313628953   0.3871736439   7.789316642    1.393814444    0.9751100108   
110      I1         1.444278275    1.850722746    4.353231216    0.100521532    0.4931008605   3.347979457    0.9528779359   0.9818912631   
111      I1         1.618362611    2.590534515    4.095182904    0.2674938073   0.8887746462   2.171727156    1.758918474    1.181747663    
112      I1         1.141522265    1.686736869    4.432868669    0.3579996258   0.2751800928   8.095700615    0.3667146442   1.689439295    
113      I1         1.434442838    1.545416253    4.300944502    0.6578579263   0.2448017307   4.410688445    2.191356051    1.601744159    
114      I1         0.9177023502   1.614103081    3.639907075    0.4782339761   0.8014879318   3.661604156    0.8059031511   1.929661382    
115      I1         1.651440729    1.720055247    3.113606452    0.8583340564   0.9584592573   6.548255037    0.01710555688  1.622561995    
116      I1         0.3177406747   2.547458364    4.237773043    0.5665403297   0.2576233267   2.571069128    1.632950029    2.313622701    
117      I1         0.7409346075   2.381482366    4.397440051    0.4631838113   0.4967438265   1.593846828    1.269511844    1.978337115    
118      I1         0.7113794074   2.153882841    3.100025495    0.08532162429  0.1685791455   1.393663158    2.34747231     1.375370213    
119      I1         0.3351591749   1.231727704    3.491418829    0.9805095429   0.5312512202   1.57776624     1.374682286    2.507147521    
120      I1         0.6957140961   1.74754868     3.549718539    0.2863724592   0.279182846    5.814931171    1.105606589    1.907742016    
121      I1         0.8535962471   1.930591487    4.469608268    0.507708016    0.3801969768   0.7424392947   0.9252385565   1.966526297    
122      I1         1.182398971    1.623563135    3.21120112     0.8608480364   0.03786302582  3.991173488    1.433977594    1.891306077    
123      I1         1.3490471      2.364682212    3.151201792    0.7502022129   0.01958054421  6.953071345    1.844111533    1.732952096    
124      I1         1.359382799    2.50296565     3.992164059    0.7909367982   0.7594634673   1.059934205    1.087077552    1.759857165    
125      I1         1.578140663    1.867335465    2.628772169    0.7134540686   0.9848527638   3.697353834    0.3434920695   1.623876582    
126      I1         0.4859222711   2.673454282    4.266933182    0.6064637601   0.633732568    5.524604038    2.359403291    2.217264546    
127      I1         0.3734655823   1.542045094    4.478762658    0.6297198519   0.9622850424   1.779648702    1.358344629    2.337314432    
128      I1         1.151278613    1.693992783    3.584868323    0.1681824529   0.2602711335   8.264963864    1.480537636    1.42109142     
129      I1         1.88843912     1.186086906    3.496524632    0.5167904168   0.1597277525   9.773474863    2.45649262     0.9871472657   
130      I1         1.340856682    1.576814556    2.635728609    0.941346387    0.3331156004   6.104156355    2.766775179    1.82593132     
131      I1         1.953548078    1.162088808    4.196549783    0.2257529178   0.06784710513  8.861973182    0.09558385917  0.6534700019   
132      I1         1.144801891    2.529878567    4.292586158    0.7740396554   0.4435392042   7.256774185    0.5350325543   1.884844212    
133      I1         0.36004142     1.740200609    3.903464658    0.4223373309   0.1479898162   3.585673627    0.07806310046  2.227618937    
134      I1         1.933004722    1.780657403    3.516151248    0.5316747404   0.871363053    7.187073331    1.983086052    1.273850083    
135      I1         1.948251375    2.024418459    3.647405117    0.9698528934   0.7282635288   3.745943433    2.412721669    1.398976893    
136      I1         1.784835303    2.044425839    3.156802105    0.5249688643   0.465508111    1.040583558    0.7095826756   1.223967678    
137      I1         1.764753117    1.937680794    3.617691695    0.07083899011  0.3221937678   1.28832285     2.95442912     0.7702136341   
138      I1         1.600285292    2.27527896     4.172137493    0.1156888522   0.8435021733   8.296674237    0.4552364846   1.300117496    
139      I1         0.4921449078   2.480325566    4.207658737    0.2089163743   0.3909964414   6.61131203     2.099299549    1.833124061    
140      I1         1.665250111    1.254938783    2.615440332    0.07903790755  0.5056121611   6.216627951    2.841698822    1.150777752    
141      I1         0.9445149779   1.051939886    3.246093392    0.9014394052   0.4023888976   9.273599008    1.74120242     2.094792427    
142      I1         1.915915018    1.806078942    2.599265732    0.2605007178   0.5280954635   0.6846961195   0.5999280532   1.19702632     
143      I1         0.3830346702   1.43332527     3.419812513    0.5146411477   0.9546232434   1.177112345    0.08128058462  2.291632395    
144      I1         1.024984263    2.353332986    3.068165516    0.768180211    0.5671904152   2.946877912    0.1593154956   1.950300426    
145      I1         1.428226823    2.23575481     2.895061716    0.3513967573   0.0890321183   7.465637508    2.938218601    0.9340337865   
146      I1         1.628908169    1.371707752    2.93227432     0.06021600091  0.4874712745   3.161734854    0.7498366907   1.274522379    
147      I1         0.4301140715   2.694562258    3.554404698    0.4257638904   0.7171644045   8.449250233    1.28403948     2.182975145    
148      I1         1.881864559    2.664262274    2.925289364    0.2137834302   0.4326145925   3.665753972    2.678897962    0.8418800287   
149      I1         1.956310536    2.6877406      2.851202478    0.8287151901   0.7113755041   9.807148281    1.668531138    1.259755222    
150      I1         0.4689079693   2.522935073    2.83496418     0.9125552918   0.3632845532   5.220264853    1.651090912    2.411082744    
151      I1         1.479476688    2.397986451    3.819235255    0.4476728921   0.537096675    0.5155318816   1.038490201    1.384428654    
152      I1         1.559430362    1.120258727    4.053596237    0.8487916483   0.4707808031   4.310346469    1.291651612    1.67574586     
153      I1         0.728718011    2.175444903    2.906036344    0.1985720714   0.757544596    9.548449799    2.592730726    1.713277666    
154      I1         1.474533859    1.090187553    2.591160766    0.2944660222   0.320086903    7.534625544    2.512066875    1.381921815    
155      I1         0.6741398318   2.660330014    3.606658393    0.7968582963   0.3985872561   4.331382158    2.614111344    2.201579011    
156      I1         0.8480205554   1.169199313    3.260898568    0.3240121076   0.7449829453   8.49266892     2.328605118    1.967287748    
157      I1         0.7724829562   1.206270639    3.938366512    0.9308505921   0.6396143959   9.442576294    2.088774999    2.221428261    
158      I1         0.6847636401   1.07842609     3.692109568    0.7156196559   0.1790726062   7.978424054    0.4321993705   2.196905       
159      I1         0.5937185563   2.543200157    3.752344211    0.6853682706   0.04071712417  7.772486148    1.963900448    2.227413537    
160      I1         0.9657950803   1.461686529    4.02533537     0.282446083    0.827400762    2.389447736    1.535236729    1.882603425    
161      I1         0.5489412889   2.306006852    3.885662293    0.1397966434   0.7898699603   8.818446818    2.914337417    1.240623479    
162      I1         0.4433185135   1.522818988    4.446948188    0.4961993767   0.06335144982  8.893932136    2.027227708    2.230447649    
163      I1         1.101323509    1.527044211    4.105667461    0.4393065005   0.09428000369  0.6281363281   1.717770877    1.731371649    
164      I1         1.857817526    1.952210491    2.965447787    0.8130420474   0.3027026087   6.165109595    2.106068414    1.350562707    
165      I1         1.722002096    2.436423644    3.024145158    0.7558619954   0.4692989556   6.983470842    0.2547379616   1.438774375    
166      I1         0.6729906473   1.469167139    2.544647477    0.1586357021   0.191096213    9.767570232    0.05528211635  1.897555377    
167      I1         0.9481382881   1.022174469    4.077979364    0.2212320219   0.7841465648   8.050056009    0.62291815     1.972653734    
168      I1         1.107474017    1.061946202    4.244486286    0.4751500174   0.1013074441   0.4714102173   1.059015923    1.807249852    
169      I1         0.9931211435   1.833095461    3.056453917    0.4033144509   0.6961344583   0.701920532    0.6552940158   1.86039633     
170      I1         0.6098356177   1.975972814    3.481052509    0.2053694139   0.5735897937   3.783799195    2.877065513    1.356239693    
171      I1         1.708819711    1.816862121    2.955537223    0.5440634302   0.6483402606   5.774861325    1.773047415    1.408322211    
172      I1         0.6263816946   2.141465459    4.251926883    0.4094759667   0.5475262182   4.286154237    2.736910765    1.805139238    
173      I1         1.636678545    1.138117183    3.168104999    0.307045893    0.3850713039   3.302655049    0.4252164516   1.314223568    
174      I1         0.6296351808   1.749257324    3.526345781    0.4686115266   0.8469582789   3.486612735    0.7993175579   2.073865152    
175      I1         0.7999073836   1.926213285    3.282973026    0.5353698492   0.2999623596   5.484717207    0.8428209705   1.988670214    
176      I1         0.5212860984   1.629118409    3.195114581    0.9485655461   0.4067010932   0.2008739061   0.5066924989   2.394126407    
177      I1         1.005887567    1.675837711    3.711363838    0.8847277457   0.6889461185   1.323055332    2.245727868    2.037077002    
178      I1         1.205255055    1.042055073    2.808007965    0.02456168552  0.1250539843   4.727184153    1.997856989    1.260977228    
179      I1         1.892783879    2.559012186    2.908180833    0.1911231965   0.2176088771   5.133200276    2.111441234    0.9242313886   
180      I1         0.4057035626   1.664203842    4.23019236     0.09506460568  0.5565208168   9.035347113    2.746068637    1.589590101    
181      I1         0.9989670997   1.887784017    3.665054857    0.5617577824   0.3617422335   4.78116836     1.625273246    1.872270133    
182      I1         1.069000019    2.37031698     4.028099965    0.01128075689  0.8857831008   8.13962312     2.756828917    1.126084451    
183      I1         0.9870801418   1.899072277    2.621126085    0.8055794563   0.2682707875   9.082364385    2.544492742    1.976773198    
184      I1         1.751218561    1.034365161    4.284302384    0.668142229    0.8629435835   2.35856479     0.1171709464   1.540513927    
185      I1         1.771193562    1.914040856    3.888104274    0.3140481537   0.5611679837   5.736727176    0.6006704941   1.218006402    
186      I1         1.531535246    2.081967787    4.154857191    0.2099069187   0.6208331469   1.63161365     0.529926467    1.280535536    
187      I1         0.5303073602   1.386281804    2.976308004    0.5035474146   0.5424318474   8.334224322    1.602576732    2.185312587    
188      I1         0.787877155    2.129963821    4.374703127    0.1033801179   0.4617170534   4.058018758    2.189518444    1.248506674    
189      I1         1.901462023    1.580142564    3.469245654    0.152770079    0.1505513559   3.042521913    2.603075954    0.7069397669   
190      I1         0.5783994492   1.727952704    3.014647514    0.5763089343   0.1177522271   1.149210547    2.583776224    2.106204347    
191      I1         0.8789505393   2.447268904    3.34417956     0.5788593947   0.03575032858  6.766951214    1.702158785    1.968110314    
192      I1         0.4792202012   1.1350667      3.03564899     0.9197970148   0.949165208    5.877084206    2.987872678    2.387119504    
193      I1         0.551983061    1.063528064    2.693563229    0.6160442773   0.02603853883  6.001678038    1.953344194    2.18065869     
194      I1         1.518732135    1.767639995    4.042251232    0.4149177055   0.7373991272   5.567548951    2.498217762    1.462811715    
195      I1         1.815934321    2.668874854    2.972977533    0.9664733799   0.6270359666   2.073431759    0.9779617414   1.518124122    
196      I1         1.301021493    2.35817213     4.125732872    0.1060554789   0.4242836668   8.799554718    0.468435007    0.618362695    
197      I1         0.866175135    2.653075503    2.737443737    0.179527658    0.2644768829   2.271706462    1.151288035    1.662340987    
198      I1         1.550696324    1.072841677    3.314757769    0.6520493137   0.1117894441   4.715888998    1.457601475    1.512142573    
199      I1         1.212023774    1.213851171    3.721320857    0.4528106755   0.01337837752  6.710055755    2.52247277     1.423033036    
200      I1         0.3485504418   2.180520308    2.761519739    0.2482968935   0.8537564426   1.276621057    2.333969627    2.01734797     
201      I1         0.4175703839   2.600075591    3.349998568    0.7522225039   0.2156810159   5.275197541    2.122740425    2.374208929    
202      I1         1.031569625    2.282828503    3.306796818    0.3136359659   0.15576903     8.538878684    1.475561403    1.635229741    
203      I1         0.7482488826   2.623360368    3.253518959    0.4191608878   0.07719894133  1.010521473    1.80389414     1.961727456    
204      I1         0.9080263691   1.702042258    4.489577456    0.3334357705   0.9170078746   8.435700196    0.7192227618   1.907330422    
205      I1         0.3949104709   1.303784423    3.64216882     0.1861942359   0.10346091     1.544169539    2.408380679    1.860714057    
206      I1         1.200518864    1.425525521    2.726943377    0.4727462276   0.5982216018   2.089410644    2.216612014    1.758881784    
207      I1         1.701964074    2.339796042    3.563084631    0.04404286758  0.2052308283   8.703049179    2.576545374    0.7404136687   
208      I1         0.3902345162   2.555003389    4.116854075    0.5475402506   0.05124040972  6.634035164    0.9829655613   2.311369266    
209      I1         0.4304851418   1.010688332    3.128993032    0.6022610977   0.4360470655   0.8712048423   1.649026708    2.299644604    
210      I1         0.6881199015   1.972364014    3.373360849    0.05397155562  0.2877460165   9.199591692    0.1868876457   1.747669058    
211      I1         0.5014862514   1.046458867    3.296963637    0.3820957175   0.6156617733   2.837997409    1.401817223    2.184947458    
212      I1         1.280854117    1.105283673    3.593232741    0.3637232882   0.509737054    0.5511667692   0.7292408204   1.715712221    
213      I1         1.507471669    1.029610094    3.075562603    0.9315443773   0.8928641198   9.583711601    0.999927641    1.751770416    
214      I1         1.498235502    2.112643846    4.357918419    0.6558531331   0.603556501    3.876418288    1.54556948     1.586750455    
215      I1         0.4737196634   2.422904768    3.54214926     0.6112363957   0.2340491312   5.436145523    0.3273412944   2.267174723    
216      I1         1.962053355    1.457724002    3.624777989    0.7599331456   0.3787398946   7.15887715     0.6765196184   1.236670569    
217      I1         0.7074897604   2.318754595    2.687332496    0.7102397642   0.7193760053   6.850141074    2.62893519     2.098522094    
218      I1         1.076181637    1.941346502    4.314317134    0.8399888113   0.3148766168   1.458145766    1.319112818    1.960918702    
219      I1         0.460359321    1.382261558    3.424068791    0.03599679946  0.7761797963   0.6063780837   2.814000028    1.765079328    
220      I1         0.7957480231   1.005001595    2.741246095    0.6948103972   0.8833437898   6.315550258    1.221526973    2.160500751    
221      I1         1.131380639    2.459660638    3.27858566     0.8261550649   0.5517586627   6.827758737    2.051924932    1.902900719    
222      I1         0.6363943388   1.41831238     2.651214515    0.4832078674   0.9267890524   4.934930773    0.861623661    2.152588242    
223      I1         0.8066862593   2.120810807    3.876091411    0.07396129374  0.7934731076   7.027733153    1.599009314    1.738888209    
224      I1         0.3762842491   2.564005466    3.961198443    0.6968460319   0.622309483    7.310678901    2.719180238    2.310906285    
225      I1         1.310439953    2.091183159    3.123302953    0.7246198575   0.6425564559   5.162715657    2.138940596    1.754671648    
226      I1         0.7603459946   1.197083982    3.112754433    0.5837991308   0.5788924596   2.534502614    2.391205003    2.059339698    
227      I1         1.574434238    1.865102614    4.311366217    0.5377850523   0.807958624    9.006293536    0.1089241533   1.569982411    
228      I1         0.6609580598   1.712391478    3.461227053    0.9614109575   0.459415704    5.618450393    2.706239538    2.29315936     
229      I1         0.9821751427   2.538197415    3.574528517    0.9105767505   0.7618330616   7.990311883    2.828828885    2.039009211    
230      I1         1.758476031    1.661443372    4.25617578     0.0138220575   0.9751072237   7.623043751    1.735634008    1.489852652    
231      I1         1.811396034    2.644110444    2.641115736    0.3991976672   0.9883526835   2.631645173    2.2779584      1.124665763    
232      I1         1.998319731    1.015258679    4.413056666    0.7047729654   0.220584488    4.801508251    2.56643468     0.9400710587   
233      I1         1.361125029    1.423331016    3.951384311    0.7660642874   0.6635464248   1.905774743    0.6641101064   1.78647056     
234      I1         1.775966423    2.402522684    3.03283948     0.6817590328   0.9087467498   4.884283603    2.965197919    1.252810511    
235      I1         0.872472806    2.680127378    3.788768941    0.6350235686   0.9310201391   2.456995337    1.46266037     1.976958065    
236      I1         0.9621420747   2.413440626    3.703694044    0.3857637516   0.2666295428   8.569121207    1.491604097    1.781125407    
237      I1         1.269443469    2.267059179    3.357614425    0.02088740981  0.9372722994   1.740474131    0.8844878752   1.499402243    
238      I1         1.288003539    2.594591468    3.778708329    0.3374150785   0.2417438303   2.777260348    1.306434248    1.326596616    
239      I1         1.422242053    1.31261729     3.530301182    0.6465402684   0.1952555708   0.1095228706   2.007976445    1.617776238    
240      I1         0.6996487793   2.327072205    2.996022772    0.2887668062   0.9830281785   1.502057478    2.907904564    1.530783041    
241      I1         1.046500615    1.763486224    3.236266154    0.9752273023   0.3294683232   4.563016676    1.142120043    2.04328799     
242      I1         1.850647614    1.024249216    3.140613029    0.6251937004   0.367962828    1.857627286    1.811241974    1.244451799    
243      I1         1.80468192     1.892177349    3.537894867    0.5279734897   0.8581902132   4.247479126    0.2318342026   1.370286763    
244      I1         0.5570628343   1.607062876    3.391570594    0.6742736568   0.3073840553   6.175578454    0.4918380509   2.250756821    
245      I1         1.592116285    2.455724537    4.454172702    0.9033250825   0.1446908839   4.217818408    1.527801111    1.638926103    
246      I1         1.162721522    2.066444463    2.752934595    0.03961106068  0.5329572475   7.427576021    0.5705699155   1.526017325    
247      I1         1.012847891    1.637809805    4.421940351    0.6890713407   0.4827215116   2.28079469     2.048008909    1.929394403    
248      I1         0.4552595495   2.333158098    3.229890596    0.3961759723   0.7054546704   3.090635965    1.420503768    2.100197508    
249      I1         0.8936899455   1.772829532    2.50197392     0.3027917464   0.8759965862   7.662693208    1.136251669    1.88650951     
250      I1         0.8114660747   2.493927199    2.538278452    0.8742615238   0.04916239375  1.696533584    0.6145947086   2.170905252    
251      I1         0.9744128914   1.222511354    3.164319841    0.8202279181   0.6953665752   6.903781316    2.508652819    2.03359228     
252      I1         1.257981942    1.090962769    4.297124512    0.9534866534   0.6720925495   1.231381987    2.831746868    1.908510989    
253      I1         1.589566797    1.310918435    3.097604414    0.5748104646   0.6674393617   6.043796498    0.5526622512   1.585574605    
254      I1         1.538629173    2.637878489    4.04804838     0.5638427568   0.05784624219  9.990094479    0.06789509667  1.442335114    
255      I1         1.505239601    2.470183567    2.563463878    0.1134234945   0.7707287291   1.373626406    1.186216058    1.257644787    
256      I1         1.335763744    1.496423881    2.518656767    0.8439753187   0.8178788364   8.751343945    1.55345136     1.829974154    
257      I1         0.8971714963   1.90839714     4.340212492    0.6238800601   0.2956648772   4.894030408    2.86679589     1.827904051    
258      I1         0.5625116465   2.629135782    2.510864016    0.9569122946   0.4161493205   0.8342739093   2.013580022    2.3533967      
259      I1         0.408544849    1.550618968    3.447680515    0.2398713653   0.1081480773   8.584118857    0.208140036    2.108341357    
260      I1         0.600299416    1.265502074    2.885188013    0.127562032    0.5220185425   1.447753494    2.434767911    1.909029944    
261      I1         1.583172998    2.488531847    4.278076749    0.3205776368   0.7502055389   3.812652926    0.4089704549   1.285057686    
262      I1         1.112249205    1.248939516    3.860473881    0.6646589952   0.5429176497   5.682692331    2.533277986    1.877240106    
263      I1         1.542088596    1.338449556    3.362561772    0.7390744977   0.2819903394   7.375963574    1.831177562    1.608255442    
264      I1         1.748286095    1.588301778    3.217801873    0.2175845276   0.6084285145   0.9572361427   1.797785827    1.219578133    
265      I1         1.446335508    2.419043855    2.992332302    0.04631572826  0.2717204916   9.893005244    0.3349721691   1.195254495    
266      I1         1.404016156    2.635292786    2.888551602    0.876164382    0.136307493    8.08061807     2.792727183    1.721104072    
267      I1         1.415755904    2.572289077    2.824612651    0.9462985109   0.4526974088   0.7839750314   1.583885767    1.796118457    
268      I1         1.937686949    1.987294004    2.672121545    0.7772854328   0.08285317218  0.1747179927   1.166910396    1.21825219     
269      I1         1.13489634     1.995419009    3.784201027    0.3947952275   0.5544699285   0.3695975357   1.900042494    1.688048908    
270      I1         0.8239859326   2.372407311    4.440692207    0.368880236    0.7943040718   6.296109337    0.4844247353   1.881131707    
271      I1         1.015064302    1.732391951    2.841873065    0.7860742005   0.5132588444   4.630881637    0.9370100619   1.969975701    
272      I1         0.9241843732   1.157178291    4.324691621    0.8012678524   0.9684807231   7.751662791    2.231213606    2.088668051    
273      I1         0.3443498047   1.985846631    3.954929593    0.1448942896   0.1659209448   3.105402687    1.918177791    1.91463972     
274      I1         0.6021373378   1.219835666    3.33756519     0.8944457742   0.964709477    4.675868525    2.857293454    2.294125845    
275      I1         1.670202853    1.259956569    4.264413472    0.1822568941   0.3700228634   4.45813412     2.269173725    0.4878102471   
276      I1         1.225710618    2.049813049    3.006847077    0.3617429562   0.4753711493   9.688580275    0.2672086657   1.62520763     
277      I1         0.973829551    1.96163696     2.528631855    0.3768789556   0.1311815475   7.585434032    0.5141239158   1.785517676    
278      I1         0.3677524232   1.754827795    3.571354347    0.9378834073   0.941542642    3.289680331    0.6841918299   2.477707195    
279      I1         0.3237088733   1.437335597    3.979006456    0.2506824008   0.02016356509  3.251303546    2.65208089     1.86400093     
280      I1         1.614376697    1.340093733    3.20471397     0.3908718751   0.6746964876   3.91128993     2.975139923    1.367766972    
281      I1         1.216061424    2.444789642    3.325752487    0.6090147236   0.2464161253   9.33223508     2.786979858    1.575568716    
282      I1         1.324356168    1.591783969    3.506186554    0.8314936832   0.01152641849  8.960502068    1.234983084    1.805956751    
283      I1         0.4360475337   1.831704451    3.443101497    0.8888690782   0.3045696348   5.656863288    1.936736776    2.424532351    
284      I1         0.3052678245   2.148702014    2.863239585    0.989453186    0.1413102393   6.352420219    0.03178298601  2.550117705    
285      I1         1.126024947    1.327864414    4.48415467     0.3703465277   0.5857182627   2.418285222    2.928120589    1.598170199    
286      I1         1.608771412    1.359935892    3.756594181    0.09380691351  0.3434151444   5.385674145    0.4427522305   0.9374375226   
287      I1         1.459552999    1.654378836    3.13492306     0.8496504772   0.2271843178   5.044471134    0.3805505836   1.724188317    
288      I1         1.365941496    1.394356037    2.85479035     0.5574533339   0.04468927487  4.447244152    2.880324012    1.349874101    
289      I1         0.8414926297   2.309147292    3.439605621    0.4360845678   0.7065786773   6.440097854    2.680592967    1.753693504    
290      I1         1.783188645    1.790683409    2.778552717    0.03765811168  0.4200881004   1.845591962    2.379123475    1.101114184    
291      I1         1.373481817    1.81166574     3.63207404     0.2228202545   0.5927817656   4.999514334    1.504993468    1.451701366    
292      I1         1.72488636     1.717746796    2.702744019    0.3832702037   0.1628758786   9.604909417    2.386174126    1.165379029    
293      I1         1.979905971    1.201716412    3.370947356    0.676848485    0.6438213597   9.935364316    1.925598564    1.250983092    
294      I1         1.062583374    1.475532227    4.415591986    0.2294786622   0.7329755853   6.895136135    1.768746244    1.802802625    
295      I1         0.4976089969   2.165513297    2.576428011    0.3476104215   0.8745567966   4.166339747    1.332293671    2.05594673     
296      I1         1.098367723    2.432352504    4.191135207    0.6602045533   0.3741075441   6.688892982    1.897851405    1.855514879    
297      I1         0.719191177    2.61158016     4.382333396    0.1869733362   0.9379771955   0.9222992184   0.5886212789   1.820898517    
298      I1         1.973053607    1.299671974    3.084757358    0.4929807404   0.4273640679   2.505893795    1.448950676    1.150208953    
299      I1         0.6677877611   1.509549826    3.27268924     0.9575132077   0.805928482    9.435916875    2.461026005    2.298848466    
300      I1         1.160758497    1.487285369    2.555153062    0.2345873294   0.6121861275   8.158161341    1.977756001    1.697214329    
301      I1         1.998834019    2.696502058    4.495884774    0.2741563786   0.6653497942   0.1203703704   2.99382716     0.7736147198   
302      I1         1.996502058    2.696502058    2.504115226    0.01067215364  0.9879835391   0.1203703704   2.99382716     1.018480227    
303      I1         1.996502058    2.696502058    3.16255144     0.2822222222   0.9879835391   9.97962963     2.997942387    0.9272637182   
304      I1         1.996502058    2.696502058    3.829218107    0.01201646091  0.9879835391   0.1203703704   2.997942387    1.007829384    
305      I1         1.436831276    2.696502058    2.504115226    0.01201646091  0.6653497942   0.1203703704   2.997942387    0.9245599385   
306      I1         1.520781893    2.696502058    2.504115226    0.01201646091  0.9879835391   9.97962963     2.997942387    0.9450320006   
307      I1         1.478806584    2.696502058    3.16255144     0.1773662551   0.9879835391   0.1203703704   2.997942387    0.9124873692   
308      I1         1.996502058    1.003497942    2.504115226    0.01201646091  0.9879835391   0.1203703704   2.997942387    1.369174221    
309      I1         1.996502058    2.696502058    2.504115226    0.3346502058   0.6653497942   9.97962963     2.997942387    0.9015307972   
310      I1         1.996502058    2.696502058    2.504115226    0.01067215364  0.6653497942   9.97962963     2.99382716     0.980298847    
311      I1         1.513786008    2.696502058    2.504115226    0.3104526749   0.9879835391   9.97962963     2.997942387    0.9655399536   
312      I1         1.996502058    2.696502058    4.495884774    0.01201646091  0.6653497942   9.97962963     2.997942387    0.9593183222   
313      I1         1.436831276    2.696502058    3.16255144     0.01201646091  0.6653497942   9.97962963     2.997942387    0.8274722777   
314      I1         1.639711934    2.696502058    2.504115226    0.1894650206   0.7742386831   6.72037037     2.997942387    0.8797381578   
315      I1         1.436831276    2.696502058    4.495884774    0.01201646091  0.6653497942   6.72037037     2.997942387    0.7930544782   
316      I1         1.998834019    2.696502058    2.504115226    0.01201646091  0.9879835391   9.97962963     2.00617284     1.117515417    
317      I1         1.059053498    2.696502058    2.504115226    0.01067215364  0.9879835391   0.1203703704   2.99382716     0.9442256174   
318      I1         0.8981481481   2.696502058    3.16255144     0.01201646091  0.6653497942   0.1203703704   2.997942387    0.7769400677   
319      I1         1.429835391    2.696502058    2.504115226    0.01067215364  0.9879835391   0.1203703704   2.228395062    1.105848817    
320      I1         1.429835391    2.696502058    2.504115226    0.3346502058   0.7097119342   0.1203703704   2.997942387    0.9570810807   
321      I1         1.122016461    2.696502058    2.504115226    0.1693004115   0.7742386831   0.1203703704   2.997942387    0.9108784046   
322      I1         1.998834019    1.003497942    2.504115226    0.3346502058   0.9879835391   9.97962963     2.99382716     1.373526149    
323      I1         1.436831276    1.003497942    2.504115226    0.01201646091  0.9879835391   9.97962963     2.997942387    1.774332431    
324      I1         1.996502058    2.696502058    3.16255144     0.01067215364  0.9879835391   9.97962963     2.99382716     0.9850483496   
325      I1         1.688683128    2.698834019    3.16255144     0.1572016461   0.9879835391   9.97962963     2.216049383    1.107664719    
326      I1         1.996502058    1.003497942    2.504115226    0.9879835391   0.9879835391   9.97962963     2.997942387    1.375517634    
327      I1         1.998834019    1.003497942    2.504115226    0.883127572    0.6653497942   0.1203703704   2.99382716     1.30917889     
328      I1         1.998834019    2.696502058    3.16255144     0.5524279835   0.6653497942   9.97962963     2.99382716     0.8949794589   
329      I1         1.998834019    2.696502058    2.504115226    0.5322633745   0.9879835391   9.97962963     2.00617284     1.116909162    
330      I1         1.998834019    2.696502058    3.16255144     0.3628806584   0.6653497942   9.97962963     2.203703704    0.9623490889   
331      I1         1.998834019    1.003497942    2.504115226    0.669382716    0.9879835391   9.97962963     2.99382716     1.367790282    
332      I1         1.240946502    2.696502058    3.16255144     0.01067215364  0.7944032922   0.1203703704   2.660493827    0.9507578595   
333      I1         1.998834019    2.696502058    3.16255144     0.3346502058   0.6653497942   0.1203703704   2.99382716     0.8075873607   
334      I1         1.998834019    2.696502058    3.16255144     0.01201646091  0.883127572    0.1203703704   2.00617284     1.055711723    
335      I1         1.998834019    2.136831276    2.504115226    0.1975308642   0.9879835391   0.1203703704   2.00617284     1.196497004    
336      I1         1.807613169    2.696502058    2.504115226    0.6613168724   0.6653497942   9.97962963     2.997942387    1.126189676    
%eval_id interface log__t_efold_shallow log__t_efold_soil log__t_efold_karst f_exfiltration_shallow f_exfiltration_soil PDD_melt_factor log__fdd_threshold neg_kge        
337      I1         0.7357388406   1.558553607    3.764382356    0.1205591682   0.2484786123   3.013930012    2.998086719    0.4135144491   
338      I1         0.9057388406   1.558553607    3.764382356    0.1205591682   0.2484786123   3.013930012    2.998086719    0.421990183    
339      I1         0.7357388406   1.728553607    3.764382356    0.1205591682   0.2484786123   3.013930012    2.998086719    0.4213607487   
340      I1         0.7357388406   1.558553607    3.964382356    0.1205591682   0.2484786123   3.013930012    2.998086719    0.4251179064   
341      I1         0.7357388406   1.558553607    3.764382356    0.2185591682   0.2484786123   3.013930012    2.998086719    0.6786616234   
342      I1         0.7357388406   1.558553607    3.764382356    0.1205591682   0.3464786123   3.013930012    2.998086719    0.4631850078   
343      I1         0.7357388406   1.558553607    3.764382356    0.1205591682   0.2484786123   4.003930012    2.998086719    0.4153793847   
344      I1         0.5657388406   1.558553607    3.764382356    0.1205591682   0.2484786123   3.013930012    2.998086719    0.4288060957   
345      I1         0.7357388406   1.388553607    3.764382356    0.1205591682   0.2484786123   3.013930012    2.998086719    0.4184230193   
346      I1         0.7357388406   1.558553607    3.564382356    0.1205591682   0.2484786123   3.013930012    2.998086719    0.5844864871   
347      I1         0.7357388406   1.558553607    3.764382356    0.02255916822  0.2484786123   3.013930012    2.998086719    0.5136769857   
348      I1         0.7357388406   1.558553607    3.764382356    0.1205591682   0.1504786123   3.013930012    2.998086719    0.4412193044   
349      I1         0.7357388406   1.558553607    3.764382356    0.1205591682   0.2484786123   2.023930012    2.998086719    0.4166226815   
350      I1         0.7357388406   1.558553607    3.764382356    0.1205591682   0.2484786123   3.013930012    2.698086719    0.877518895    
351      I1         0.8207388406   1.558553607    3.764382356    0.1205591682   0.2484786123   3.013930012    2.998086719    0.4146891927   
352      I1         0.7357388406   1.643553607    3.764382356    0.1205591682   0.2484786123   3.013930012    2.998086719    0.4162337815   
353      I1         0.7357388406   1.558553607    3.864382356    0.1205591682   0.2484786123   3.013930012    2.998086719    0.3837021874   
354      I1         0.7357388406   1.558553607    3.764382356    0.1695591682   0.2484786123   3.013930012    2.998086719    0.4385562503   
355      I1         0.7357388406   1.558553607    3.764382356    0.1205591682   0.2974786123   3.013930012    2.998086719    0.4207988247   
356      I1         0.7357388406   1.558553607    3.764382356    0.1205591682   0.2484786123   3.508930012    2.998086719    0.4136034796   
357      I1         0.6507388406   1.558553607    3.764382356    0.1205591682   0.2484786123   3.013930012    2.998086719    0.4182791265   
358      I1         0.7357388406   1.473553607    3.764382356    0.1205591682   0.2484786123   3.013930012    2.998086719    0.4139005568   
359      I1         0.7357388406   1.558553607    3.664382356    0.1205591682   0.2484786123   3.013930012    2.998086719    0.4591314627   
360      I1         0.7357388406   1.558553607    3.764382356    0.07155916822  0.2484786123   3.013930012    2.998086719    0.4473024947   
361      I1         0.7357388406   1.558553607    3.764382356    0.1205591682   0.1994786123   3.013930012    2.998086719    0.4222199079   
362      I1         0.7357388406   1.558553607    3.764382356    0.1205591682   0.2484786123   2.518930012    2.998086719    0.4139223328   
363      I1         0.7357388406   1.558553607    3.764382356    0.1205591682   0.2484786123   3.013930012    2.848086719    0.4595392268   
364      I1         0.8207388406   1.558553607    3.864382356    0.1205591682   0.2484786123   3.013930012    2.998086719    0.3914338313   
365      I1         0.7357388406   1.643553607    3.864382356    0.1205591682   0.2484786123   3.013930012    2.998086719    0.3919377805   
366      I1         0.7357388406   1.558553607    3.864382356    0.1695591682   0.2484786123   3.013930012    2.998086719    0.370725218    
367      I1         0.7357388406   1.558553607    3.864382356    0.1205591682   0.2974786123   3.013930012    2.998086719    0.3738555207   
368      I1         0.7357388406   1.558553607    3.864382356    0.1205591682   0.2484786123   3.508930012    2.998086719    0.3846559593   
369      I1         0.6507388406   1.558553607    3.864382356    0.1205591682   0.2484786123   3.013930012    2.998086719    0.3818578563   
370      I1         0.7357388406   1.473553607    3.864382356    0.1205591682   0.2484786123   3.013930012    2.998086719    0.3772780522   
371      I1         0.7357388406   1.558553607    3.864382356    0.07155916822  0.2484786123   3.013930012    2.998086719    0.4374150114   
372      I1         0.7357388406   1.558553607    3.864382356    0.1205591682   0.1994786123   3.013930012    2.998086719    0.4040444786   
373      I1         0.7357388406   1.558553607    3.864382356    0.1205591682   0.2484786123   2.518930012    2.998086719    0.3832349121   
374      I1         0.7357388406   1.558553607    3.864382356    0.1205591682   0.2484786123   3.013930012    2.848086719    0.3861162436   
375      I1         0.8207388406   1.558553607    3.864382356    0.1695591682   0.2484786123   3.013930012    2.998086719    0.3656434228   
376      I1         0.7357388406   1.643553607    3.864382356    0.1695591682   0.2484786123   3.013930012    2.998086719    0.3691889913   
377      I1         0.7357388406   1.558553607    3.964382356    0.1695591682   0.2484786123   3.013930012    2.998086719    0.4451054325   
378      I1         0.7357388406   1.558553607    3.864382356    0.2185591682   0.2484786123   3.013930012    2.998086719    0.4231821989   
379      I1         0.7357388406   1.558553607    3.864382356    0.1695591682   0.2974786123   3.013930012    2.998086719    0.3885786619   
380      I1         0.7357388406   1.558553607    3.864382356    0.1695591682   0.2484786123   3.508930012    2.998086719    0.3706177552   
381      I1         0.6507388406   1.558553607    3.864382356    0.1695591682   0.2484786123   3.013930012    2.998086719    0.3835897681   
382      I1         0.7357388406   1.473553607    3.864382356    0.1695591682   0.2484786123   3.013930012    2.998086719    0.3756661214   
383      I1         0.7357388406   1.558553607    3.864382356    0.1205591682   0.2484786123   3.013930012    2.998086719    0.3837021874   
384      I1         0.7357388406   1.558553607    3.864382356    0.1695591682   0.1994786123   3.013930012    2.998086719    0.3699747748   
385      I1         0.7357388406   1.558553607    3.864382356    0.1695591682   0.2484786123   2.518930012    2.998086719    0.3715232481   
386      I1         0.7357388406   1.558553607    3.864382356    0.1695591682   0.2484786123   3.013930012    2.848086719    0.4278418793   
387      I1         0.9057388406   1.558553607    3.864382356    0.1695591682   0.2484786123   3.013930012    2.998086719    0.3686668609   
388      I1         0.8207388406   1.643553607    3.864382356    0.1695591682   0.2484786123   3.013930012    2.998086719    0.3667636717   
389      I1         0.8207388406   1.558553607    3.964382356    0.1695591682   0.2484786123   3.013930012    2.998086719    0.4300036284   
390      I1         0.8207388406   1.558553607    3.864382356    0.2185591682   0.2484786123   3.013930012    2.998086719    0.3947985738   
391      I1         0.8207388406   1.558553607    3.864382356    0.1695591682   0.2974786123   3.013930012    2.998086719    0.3757227288   
392      I1         0.8207388406   1.558553607    3.864382356    0.1695591682   0.2484786123   3.508930012    2.998086719    0.3659165988   
393      I1         0.8207388406   1.473553607    3.864382356    0.1695591682   0.2484786123   3.013930012    2.998086719    0.3673629011   
394      I1         0.8207388406   1.558553607    3.764382356    0.1695591682   0.2484786123   3.013930012    2.998086719    0.4210287524   
395      I1         0.8207388406   1.558553607    3.864382356    0.1205591682   0.2484786123   3.013930012    2.998086719    0.3914338313   
396      I1         0.8207388406   1.558553607    3.864382356    0.1695591682   0.1994786123   3.013930012    2.998086719    0.3708657413   
397      I1         0.8207388406   1.558553607    3.864382356    0.1695591682   0.2484786123   2.518930012    2.998086719    0.3657535891   
398      I1         0.8207388406   1.558553607    3.864382356    0.1695591682   0.2484786123   3.013930012    2.848086719    0.3986230619   
399      I1         0.8632388406   1.558553607    3.864382356    0.1695591682   0.2484786123   3.013930012    2.998086719    0.3660971366   
400      I1         0.8207388406   1.601053607    3.864382356    0.1695591682   0.2484786123   3.013930012    2.998086719    0.3658629046   
401      I1         0.8207388406   1.558553607    3.914382356    0.1695591682   0.2484786123   3.013930012    2.998086719    0.4591361935   
402      I1         0.8207388406   1.558553607    3.864382356    0.1940591682   0.2484786123   3.013930012    2.998086719    0.3721430979   
403      I1         0.8207388406   1.558553607    3.864382356    0.1695591682   0.2729786123   3.013930012    2.998086719    0.3684330675   
404      I1         0.8207388406   1.558553607    3.864382356    0.1695591682   0.2484786123   3.261430012    2.998086719    0.365782207    
405      I1         0.7782388406   1.558553607    3.864382356    0.1695591682   0.2484786123   3.013930012    2.998086719    0.3671866908   
406      I1         0.8207388406   1.516053607    3.864382356    0.1695591682   0.2484786123   3.013930012    2.998086719    0.3660966917   
407      I1         0.8207388406   1.558553607    3.814382356    0.1695591682   0.2484786123   3.013930012    2.998086719    0.3903967008   
408      I1         0.8207388406   1.558553607    3.864382356    0.1450591682   0.2484786123   3.013930012    2.998086719    0.3730254142   
409      I1         0.8207388406   1.558553607    3.864382356    0.1695591682   0.2239786123   3.013930012    2.998086719    0.3666689381   
410      I1         0.8207388406   1.558553607    3.864382356    0.1695591682   0.2484786123   2.766430012    2.998086719    0.3651656811   
411      I1         0.8207388406   1.558553607    3.864382356    0.1695591682   0.2484786123   3.013930012    2.923086719    0.3682296256   
412      I1         0.8419888406   1.558553607    3.864382356    0.1695591682   0.2484786123   3.013930012    2.998086719    0.3656112389   
413      I1         0.8207388406   1.579803607    3.864382356    0.1695591682   0.2484786123   3.013930012    2.998086719    0.3656707933   
414      I1         0.8207388406   1.558553607    3.889382356    0.1695591682   0.2484786123   3.013930012    2.998086719    0.4740580836   
415      I1         0.8207388406   1.558553607    3.864382356    0.1818091682   0.2484786123   3.013930012    2.998086719    0.3670104495   
416      I1         0.8207388406   1.558553607    3.864382356    0.1695591682   0.2607286123   3.013930012    2.998086719    0.3665199344   
417      I1         0.8207388406   1.558553607    3.864382356    0.1695591682   0.2484786123   3.137680012    2.998086719    0.3657024202   
418      I1         0.7994888406   1.558553607    3.864382356    0.1695591682   0.2484786123   3.013930012    2.998086719    0.3661524435   
419      I1         0.8207388406   1.537303607    3.864382356    0.1695591682   0.2484786123   3.013930012    2.998086719    0.3657671442   
420      I1         0.8207388406   1.558553607    3.839382356    0.1695591682   0.2484786123   3.013930012    2.998086719    0.377249319    
421      I1         0.8207388406   1.558553607    3.864382356    0.1573091682   0.2484786123   3.013930012    2.998086719    0.3677606367   
422      I1         0.8207388406   1.558553607    3.864382356    0.1695591682   0.2362286123   3.013930012    2.998086719    0.3657202289   
423      I1         0.8207388406   1.558553607    3.864382356    0.1695591682   0.2484786123   2.890180012    2.998086719    0.365516988    
424      I1         0.8207388406   1.558553607    3.864382356    0.1695591682   0.2484786123   3.013930012    2.960586719    0.3652538454   
425      I1         0.8419888406   1.558553607    3.864382356    0.1695591682   0.2484786123   3.013930012    2.960586719    0.3625532753   
426      I1         0.8207388406   1.579803607    3.864382356    0.1695591682   0.2484786123   3.013930012    2.960586719    0.3641637829   
427      I1         0.8207388406   1.558553607    3.889382356    0.1695591682   0.2484786123   3.013930012    2.960586719    0.5076898152   
428      I1         0.8207388406   1.558553607    3.864382356    0.1818091682   0.2484786123   3.013930012    2.960586719    0.3728593868   
429      I1         0.8207388406   1.558553607    3.864382356    0.1695591682   0.2607286123   3.013930012    2.960586719    0.3692866566   
430      I1         0.8207388406   1.558553607    3.864382356    0.1695591682   0.2484786123   3.137680012    2.960586719    0.365648315    
431      I1         0.7994888406   1.558553607    3.864382356    0.1695591682   0.2484786123   3.013930012    2.960586719    0.3684796236   
432      I1         0.8207388406   1.537303607    3.864382356    0.1695591682   0.2484786123   3.013930012    2.960586719    0.3665294756   
433      I1         0.8207388406   1.558553607    3.839382356    0.1695591682   0.2484786123   3.013930012    2.960586719    0.3818899849   
434      I1         0.8207388406   1.558553607    3.864382356    0.1573091682   0.2484786123   3.013930012    2.960586719    0.3613501502   
435      I1         0.8207388406   1.558553607    3.864382356    0.1695591682   0.2362286123   3.013930012    2.960586719    0.362302986    
436      I1         0.8207388406   1.558553607    3.864382356    0.1695591682   0.2484786123   2.890180012    2.960586719    0.3648080835   
437      I1         0.8419888406   1.558553607    3.864382356    0.1573091682   0.2484786123   3.013930012    2.960586719    0.3598001703   
438      I1         0.8207388406   1.579803607    3.864382356    0.1573091682   0.2484786123   3.013930012    2.960586719    0.3609293509   
439      I1         0.8207388406   1.558553607    3.889382356    0.1573091682   0.2484786123   3.013930012    2.960586719    0.487563639    
440      I1         0.8207388406   1.558553607    3.864382356    0.1573091682   0.2607286123   3.013930012    2.960586719    0.3636803421   
441      I1         0.8207388406   1.558553607    3.864382356    0.1573091682   0.2484786123   3.137680012    2.960586719    0.3617372233   
442      I1         0.7994888406   1.558553607    3.864382356    0.1573091682   0.2484786123   3.013930012    2.960586719    0.3633956048   
443      I1         0.8207388406   1.537303607    3.864382356    0.1573091682   0.2484786123   3.013930012    2.960586719    0.3619291115   
444      I1         0.8207388406   1.558553607    3.839382356    0.1573091682   0.2484786123   3.013930012    2.960586719    0.3754209677   
445      I1         0.8207388406   1.558553607    3.864382356    0.1450591682   0.2484786123   3.013930012    2.960586719    0.3608835638   
446      I1         0.8207388406   1.558553607    3.864382356    0.1573091682   0.2362286123   3.013930012    2.960586719    0.3600184335   
447      I1         0.8207388406   1.558553607    3.864382356    0.1573091682   0.2484786123   2.890180012    2.960586719    0.360833429    
448      I1         0.8207388406   1.558553607    3.864382356    0.1573091682   0.2484786123   3.013930012    2.923086719    0.3624232251   
449      I1         0.8632388406   1.558553607    3.864382356    0.1573091682   0.2484786123   3.013930012    2.960586719    0.3588222867   
450      I1         0.8419888406   1.579803607    3.864382356    0.1573091682   0.2484786123   3.013930012    2.960586719    0.3595550116   
451      I1         0.8419888406   1.558553607    3.889382356    0.1573091682   0.2484786123   3.013930012    2.960586719    0.4811683707   
452      I1         0.8419888406   1.558553607    3.864382356    0.1573091682   0.2607286123   3.013930012    2.960586719    0.3616693844   
453      I1         0.8419888406   1.558553607    3.864382356    0.1573091682   0.2484786123   3.137680012    2.960586719    0.3601923492   
454      I1         0.8419888406   1.558553607    3.864382356    0.1573091682   0.2484786123   3.013930012    2.998086719    0.3686775456   
455      I1         0.8419888406   1.537303607    3.864382356    0.1573091682   0.2484786123   3.013930012    2.960586719    0.360197195    
456      I1         0.8419888406   1.558553607    3.839382356    0.1573091682   0.2484786123   3.013930012    2.960586719    0.3731276652   
457      I1         0.8419888406   1.558553607    3.864382356    0.1450591682   0.2484786123   3.013930012    2.960586719    0.3603350131   
458      I1         0.8419888406   1.558553607    3.864382356    0.1573091682   0.2362286123   3.013930012    2.960586719    0.3589007867   
459      I1         0.8419888406   1.558553607    3.864382356    0.1573091682   0.2484786123   2.890180012    2.960586719    0.3592531079   
460      I1         0.8419888406   1.558553607    3.864382356    0.1573091682   0.2484786123   3.013930012    2.923086719    0.3601320793   
461      I1         0.8844888406   1.558553607    3.864382356    0.1573091682   0.2484786123   3.013930012    2.960586719    0.3584361631   
462      I1         0.8632388406   1.579803607    3.864382356    0.1573091682   0.2484786123   3.013930012    2.960586719    0.3587713407   
463      I1         0.8632388406   1.558553607    3.889382356    0.1573091682   0.2484786123   3.013930012    2.960586719    0.4753286639   
464      I1         0.8632388406   1.558553607    3.864382356    0.1695591682   0.2484786123   3.013930012    2.960586719    0.3604641665   
465      I1         0.8632388406   1.558553607    3.864382356    0.1573091682   0.2607286123   3.013930012    2.960586719    0.3602291618   
466      I1         0.8632388406   1.558553607    3.864382356    0.1573091682   0.2484786123   3.137680012    2.960586719    0.3592102842   
467      I1         0.8632388406   1.558553607    3.864382356    0.1573091682   0.2484786123   3.013930012    2.998086719    0.3700856882   
468      I1         0.8632388406   1.537303607    3.864382356    0.1573091682   0.2484786123   3.013930012    2.960586719    0.3590514422   
469      I1         0.8632388406   1.558553607    3.839382356    0.1573091682   0.2484786123   3.013930012    2.960586719    0.3714038766   
470      I1         0.8632388406   1.558553607    3.864382356    0.1450591682   0.2484786123   3.013930012    2.960586719    0.3603391344   
471      I1         0.8632388406   1.558553607    3.864382356    0.1573091682   0.2362286123   3.013930012    2.960586719    0.3583561168   
472      I1         0.8632388406   1.558553607    3.864382356    0.1573091682   0.2484786123   2.890180012    2.960586719    0.3582391346   
473      I1         0.8632388406   1.558553607    3.864382356    0.1573091682   0.2484786123   3.013930012    2.923086719    0.3584360766   
474      I1         0.9057388406   1.558553607    3.864382356    0.1573091682   0.2484786123   2.890180012    2.960586719    0.3580028071   
475      I1         0.8632388406   1.601053607    3.864382356    0.1573091682   0.2484786123   2.890180012    2.960586719    0.3582915339   
476      I1         0.8632388406   1.558553607    3.914382356    0.1573091682   0.2484786123   2.890180012    2.960586719    0.4592077739   
477      I1         0.8632388406   1.558553607    3.864382356    0.1818091682   0.2484786123   2.890180012    2.960586719    0.3650862749   
478      I1         0.8632388406   1.558553607    3.864382356    0.1573091682   0.2729786123   2.890180012    2.960586719    0.3621534259   
479      I1         0.8632388406   1.558553607    3.864382356    0.1573091682   0.2484786123   3.137680012    2.960586719    0.3592102842   
480      I1         0.8632388406   1.516053607    3.864382356    0.1573091682   0.2484786123   2.890180012    2.960586719    0.35886977     
481      I1         0.8632388406   1.558553607    3.814382356    0.1573091682   0.2484786123   2.890180012    2.960586719    0.3851526012   
482      I1         0.8632388406   1.558553607    3.864382356    0.1328091682   0.2484786123   2.890180012    2.960586719    0.3640147256   
483      I1         0.8632388406   1.558553607    3.864382356    0.1573091682   0.2239786123   2.890180012    2.960586719    0.3581031784   
484      I1         0.8632388406   1.558553607    3.864382356    0.1573091682   0.2484786123   2.642680012    2.960586719    0.3577691213   
485      I1         0.8632388406   1.558553607    3.864382356    0.1573091682   0.2484786123   2.890180012    2.885586719    0.3607715498   
486      I1         0.8844888406   1.558553607    3.864382356    0.1573091682   0.2484786123   2.890180012    2.960586719    0.3578235293   
487      I1         0.8632388406   1.579803607    3.864382356    0.1573091682   0.2484786123   2.890180012    2.960586719    0.3581732999   
488      I1         0.8632388406   1.558553607    3.889382356    0.1573091682   0.2484786123   2.890180012    2.960586719    0.4753024953   
489      I1         0.8632388406   1.558553607    3.864382356    0.1695591682   0.2484786123   2.890180012    2.960586719    0.3599587098   
490      I1         0.8632388406   1.558553607    3.864382356    0.1573091682   0.2607286123   2.890180012    2.960586719    0.3596830635   
491      I1         0.8632388406   1.558553607    3.864382356    0.1573091682   0.2484786123   2.890180012    2.998086719    0.3699498823   
492      I1         0.8632388406   1.537303607    3.864382356    0.1573091682   0.2484786123   2.890180012    2.960586719    0.3584844158   
493      I1         0.8632388406   1.558553607    3.839382356    0.1573091682   0.2484786123   2.890180012    2.960586719    0.3708895468   
494      I1         0.8632388406   1.558553607    3.864382356    0.1450591682   0.2484786123   2.890180012    2.960586719    0.3596873459   
495      I1         0.8632388406   1.558553607    3.864382356    0.1573091682   0.2362286123   2.890180012    2.960586719    0.3577389417   
496      I1         0.8632388406   1.558553607    3.864382356    0.1573091682   0.2484786123   2.766430012    2.960586719    0.3579881089   
497      I1         0.8632388406   1.558553607    3.864382356    0.1573091682   0.2484786123   2.890180012    2.923086719    0.3581708083   
498      I1         0.8844888406   1.558553607    3.864382356    0.1573091682   0.2362286123   2.890180012    2.960586719    0.3577558805   
499      I1         0.8632388406   1.579803607    3.864382356    0.1573091682   0.2362286123   2.890180012    2.960586719    0.357975391    
500      I1         0.8632388406   1.558553607    3.889382356    0.1573091682   0.2362286123   2.890180012    2.960586719    0.4680478914   
501      I1         0.8632388406   1.558553607    3.864382356    0.1695591682   0.2362286123   2.890180012    2.960586719    0.3579290918   
502      I1         0.8632388406   1.558553607    3.864382356    0.1573091682   0.2362286123   2.890180012    2.998086719    0.3722635328   
503      I1         0.8419888406   1.558553607    3.864382356    0.1573091682   0.2362286123   2.890180012    2.960586719    0.3583214462   
504      I1         0.8632388406   1.537303607    3.864382356    0.1573091682   0.2362286123   2.890180012    2.960586719    0.3576569087   
505      I1         0.8632388406   1.558553607    3.839382356    0.1573091682   0.2362286123   2.890180012    2.960586719    0.3692591044   
506      I1         0.8632388406   1.558553607    3.864382356    0.1450591682   0.2362286123   2.890180012    2.960586719    0.3606028921   
507      I1         0.8632388406   1.558553607    3.864382356    0.1573091682   0.2239786123   2.890180012    2.960586719    0.3581031784   
508      I1         0.8632388406   1.558553607    3.864382356    0.1573091682   0.2362286123   2.766430012    2.960586719    0.3574937362   
509      I1         0.8632388406   1.558553607    3.864382356    0.1573091682   0.2362286123   2.890180012    2.923086719    0.3567315188   
510      I1         0.8844888406   1.558553607    3.864382356    0.1573091682   0.2362286123   2.890180012    2.923086719    0.356058975    
511      I1         0.8632388406   1.579803607    3.864382356    0.1573091682   0.2362286123   2.890180012    2.923086719    0.3566666024   
512      I1         0.8632388406   1.558553607    3.889382356    0.1573091682   0.2362286123   2.890180012    2.923086719    0.4774037148   
513      I1         0.8632388406   1.558553607    3.864382356    0.1695591682   0.2362286123   2.890180012    2.923086719    0.358699218    
514      I1         0.8632388406   1.558553607    3.864382356    0.1573091682   0.2362286123   3.013930012    2.923086719    0.3569957194   
515      I1         0.8419888406   1.558553607    3.864382356    0.1573091682   0.2362286123   2.890180012    2.923086719    0.3579971269   
516      I1         0.8632388406   1.537303607    3.864382356    0.1573091682   0.2362286123   2.890180012    2.923086719    0.3569633416   
517      I1         0.8632388406   1.558553607    3.839382356    0.1573091682   0.2362286123   2.890180012    2.923086719    0.3697381309   
518      I1         0.8632388406   1.558553607    3.864382356    0.1450591682   0.2362286123   2.890180012    2.923086719    0.3578980354   
519      I1         0.8632388406   1.558553607    3.864382356    0.1573091682   0.2239786123   2.890180012    2.923086719    0.3561862787   
520      I1         0.8632388406   1.558553607    3.864382356    0.1573091682   0.2362286123   2.766430012    2.923086719    0.3566163841   
521      I1         0.8632388406   1.558553607    3.864382356    0.1573091682   0.2362286123   2.890180012    2.885586719    0.3584758651   
522      I1         0.9057388406   1.558553607    3.864382356    0.1573091682   0.2362286123   2.890180012    2.923086719    0.3559448248   
523      I1         0.8844888406   1.579803607    3.864382356    0.1573091682   0.2362286123   2.890180012    2.923086719    0.3561706651   
524      I1         0.8844888406   1.558553607    3.889382356    0.1573091682   0.2362286123   2.890180012    2.923086719    0.4719842598   
525      I1         0.8844888406   1.558553607    3.864382356    0.1695591682   0.2362286123   2.890180012    2.923086719    0.3569594515   
526      I1         0.8844888406   1.558553607    3.864382356    0.1573091682   0.2484786123   2.890180012    2.923086719    0.3570656144   
527      I1         0.8844888406   1.558553607    3.864382356    0.1573091682   0.2362286123   3.013930012    2.923086719    0.3563331597   
528      I1         0.8844888406   1.537303607    3.864382356    0.1573091682   0.2362286123   2.890180012    2.923086719    0.3561183563   
529      I1         0.8844888406   1.558553607    3.839382356    0.1573091682   0.2362286123   2.890180012    2.923086719    0.3683406977   
530      I1         0.8844888406   1.558553607    3.864382356    0.1450591682   0.2362286123   2.890180012    2.923086719    0.3581536458   
531      I1         0.8844888406   1.558553607    3.864382356    0.1573091682   0.2239786123   2.890180012    2.923086719    0.3559182055   
532      I1         0.8844888406   1.558553607    3.864382356    0.1573091682   0.2362286123   2.766430012    2.923086719    0.3559537817   
533      I1         0.8844888406   1.558553607    3.864382356    0.1573091682   0.2362286123   2.890180012    2.885586719    0.3571370359   
534      I1         0.8951138406   1.558553607    3.864382356    0.1573091682   0.2362286123   2.890180012    2.923086719    0.35592537     
535      I1         0.8844888406   1.569178607    3.864382356    0.1573091682   0.2362286123   2.890180012    2.923086719    0.3560932168   
536      I1         0.8844888406   1.558553607    3.876882356    0.1573091682   0.2362286123   2.890180012    2.923086719    0.4799212459   
537      I1         0.8844888406   1.558553607    3.864382356    0.1634341682   0.2362286123   2.890180012    2.923086719    0.3561191422   
538      I1         0.8844888406   1.558553607    3.864382356    0.1573091682   0.2423536123   2.890180012    2.923086719    0.3564493585   
539      I1         0.8844888406   1.558553607    3.864382356    0.1573091682   0.2362286123   2.952055012    2.923086719    0.3561964529   
540      I1         0.8844888406   1.558553607    3.864382356    0.1573091682   0.2362286123   2.890180012    2.941836719    0.3566591065   
541      I1         0.8738638406   1.558553607    3.864382356    0.1573091682   0.2362286123   2.890180012    2.923086719    0.3563272694   
542      I1         0.8844888406   1.547928607    3.864382356    0.1573091682   0.2362286123   2.890180012    2.923086719    0.3560711511   
543      I1         0.8844888406   1.558553607    3.851882356    0.1573091682   0.2362286123   2.890180012    2.923086719    0.3619958826   
544      I1         0.8844888406   1.558553607    3.864382356    0.1511841682   0.2362286123   2.890180012    2.923086719    0.35674889     
545      I1         0.8844888406   1.558553607    3.864382356    0.1573091682   0.2301036123   2.890180012    2.923086719    0.3558850169   
546      I1         0.8844888406   1.558553607    3.864382356    0.1573091682   0.2362286123   2.828305012    2.923086719    0.3559850365   
547      I1         0.8844888406   1.558553607    3.864382356    0.1573091682   0.2362286123   2.890180012    2.904336719    0.3562661924   
