%eval_id interface log__t_efold_shallow log__t_efold_soil log__t_efold_karst f_exfiltration_shallow f_exfiltration_soil PDD_melt_factor baseflow_Q     neg_kge        
1        I1         1.230764125    1.47684756     3.920708269    0.8661838949   0.7468992355   2.596206367    0.2254110226   0.1229666603   
2        I1         1.841418893    2.013724513    3.653744343    0.9711978667   0.2098740821   8.194513123    0.1017395017   0.307934751    
3        I1         0.3540151082   1.783104062    2.520144982    0.08187029442  0.7724180491   4.846555464    0.04711582756  0.5801418255   
4        I1         1.682335925    2.186006007    3.824234156    0.8532681676   0.1985287257   6.59679333     0.1693052362   0.1185017864   
5        I1         1.117992494    2.689725624    4.153250314    0.8179985224   0.4484366104   9.496401716    0.1348373174   0.4002395023   
6        I1         0.519434217    2.578719527    4.43791119     0.9264071911   0.8255057529   6.266903658    0.09109934894  0.9220133386   
7        I1         0.8563423004   1.290716929    2.681218689    0.3419970723   0.812421547    4.126543821    0.1947517798   0.1604920432   
8        I1         0.6158441461   2.273852932    4.08083248     0.5112211774   0.05394717492  8.654259139    0.05693354812  0.9186933533   
9        I1         0.8192857502   1.823230549    2.549313107    0.7262102806   0.6908226698   9.929435802    0.08900685746  0.7285296667   
10       I1         1.192182611    1.51774427     4.334839097    0.0903694521   0.8604976298   6.409110143    0.08795571241  0.3797000713   
11       I1         1.266159008    2.51442489     3.732907637    0.2997027545   0.8500911906   9.36699869     0.1577793398   0.2516964712   
12       I1         1.836356129    2.29651723     3.474362922    0.2626567102   0.7807575394   4.60317251     0.1211480416   0.3319197573   
13       I1         1.026046435    2.037781874    4.177968403    0.1646286199   0.6631821369   7.407846489    0.004464897761 0.2876918669   
14       I1         0.5874682381   1.322749343    4.180923743    0.1752551528   0.5185026592   2.025216672    0.0121763921   1.08428379     
15       I1         0.8352697815   1.648557062    3.609136604    0.333323562    0.9713532722   9.218734886    0.03026195115  1.067110236    
16       I1         0.6401521459   2.208117891    3.898699169    0.1241161824   0.4105007558   0.803349096    0.02988271394  0.2857475035   
17       I1         0.5369019975   2.288418569    2.605669016    0.05814758281  0.9023741      7.952141837    0.1042364317   0.2093290939   
18       I1         1.488799289    1.448917371    4.460416691    0.3091048798   0.813832477    5.955674479    0.1561350535   0.1467793327   
19       I1         1.64120002     1.487467654    4.068233866    0.8970061838   0.9142553178   7.516776562    0.08552969856  0.4709865165   
20       I1         1.040563043    2.58541142     3.717211402    0.4583877322   0.2317561964   9.849586199    0.2554685489   0.2828956684   
21       I1         1.23714383     2.106105563    2.797400905    0.7782062663   0.685109752    7.899259404    0.01924150184  1.291385668    
22       I1         0.6558687647   1.189323103    3.510254339    0.5852573008   0.3509214385   4.529884387    0.05485266905  1.014900789    
23       I1         1.674256652    2.226407977    3.395581343    0.2011009297   0.7659888071   5.08417707     0.07638133234  0.255511181    
24       I1         1.79550917     2.161198875    2.782108588    0.01761344909  0.07391524674  4.124835472    0.1361306337   0.5515649607   
25       I1         0.7805910733   1.840114       2.815005329    0.7351553244   0.06031807634  5.581352577    0.1611087785   0.3896382569   
26       I1         1.822802265    1.875005895    3.287586518    0.6478459703   0.3533398499   6.763594913    0.1076951973   0.1766765083   
27       I1         1.092924469    1.149679854    2.666142613    0.8096779854   0.4780046208   8.415995466    0.1179332422   0.504317126    
28       I1         1.381827444    1.605384842    4.360787384    0.4085227492   0.8329797208   7.331916469    0.1195107604   0.260617981    
29       I1         0.7579706501   1.116056146    2.934513602    0.6010773471   0.2239289244   7.652579117    0.2154961566   0.1947391469   
30       I1         1.683075573    1.346035666    2.915172285    0.5699990112   0.842247825    1.957400108    0.02847513248  0.8462182577   
31       I1         1.420646476    2.204138346    2.581990262    0.8873828238   0.6796230876   2.999869278    0.1207174493   0.3547784036   
32       I1         0.5420655705   1.328667274    3.735029668    0.4895793974   0.7289337692   5.787673809    0.09454382972  0.6887205889   
33       I1         0.9537959759   1.40414358     2.789409178    0.1423160262   0.7991067335   8.716605469    0.1097941292   0.3314754094   
34       I1         0.7856290043   1.109985789    3.178457219    0.128473036    0.5846141512   8.370357904    0.112701118    0.3202295696   
35       I1         1.908649771    1.283147972    3.839459706    0.5006140939   0.5694610568   4.063302564    0.08317494882  0.2007047454   
36       I1         1.05919981     1.181177565    4.371764867    0.4844471541   0.1849948652   2.891081887    0.07381165165  0.4782825571   
37       I1         1.870099175    2.221495105    2.830048849    0.1493129      0.5760678983   3.940408519    0.2292399425   0.5229867135   
38       I1         1.171461564    1.276145037    2.757391787    0.4439054183   0.09677803858  0.5941868708   0.002520256267 1.159769957    
39       I1         1.659968719    1.846727143    4.222988627    0.3745234011   0.9190928976   7.868435783    0.1874902371   0.2190615008   
40       I1         1.527668383    2.530528148    4.218569711    0.06244660579  0.4965381045   5.451772094    0.08105398535  0.5539792429   
41       I1         1.244751552    2.016681234    3.409406389    0.8700867974   0.9325752491   2.183137175    0.03575580936  1.103722579    
42       I1         1.51752088     2.133923259    3.251077035    0.1569038732   0.1739787854   7.822289279    0.2365517818   0.6101296065   
43       I1         1.868473146    1.705854979    4.145470396    0.4496035419   0.02848347457  8.62880349     0.1116822869   0.4652226219   
44       I1         0.5702487049   1.855932989    2.725188637    0.4156345467   0.07942275114  1.20806615     0.1418766504   0.2936072678   
45       I1         0.4479365181   2.215010462    3.304219489    0.2366521052   0.8223547415   9.174741589    0.220444443    0.2009934757   
46       I1         1.690483718    1.901955297    2.719834169    0.6923296241   0.6994658029   1.941395209    0.1780800284   0.1426472349   
47       I1         1.177159204    2.030189091    4.135486143    0.1339867501   0.5109124987   3.177402617    0.02760762866  0.2919450138   
48       I1         0.8313026433   2.241502952    3.794201365    0.7426416074   0.6360603293   3.831712223    0.1852109712   0.2908067409   
49       I1         1.406987481    2.347031718    3.929824668    0.9169635703   0.6802152624   7.105306752    0.1672633847   0.2013624215   
50       I1         1.275950592    1.442057733    2.875069965    0.1946010934   0.3997498947   3.465457878    0.2283839803   0.338702703    
51       I1         0.937441218    1.084743497    3.048511995    0.1603838599   0.182428131    1.683142635    0.09601078918  0.1637074219   
52       I1         1.081726666    1.285348205    3.693600047    0.9844407052   0.5642428646   2.770534601    0.1029585083   0.6551297606   
53       I1         0.9314794921   2.477854227    4.109591472    0.2578996488   0.06917312631  4.956372551    0.01736406476  0.2586985754   
54       I1         1.254082153    2.382780579    3.042674409    0.03232881701  0.8994223175   5.071982654    0.06349166313  0.2791696649   
55       I1         1.557081237    2.201317947    3.060427032    0.9243459712   0.9224487796   1.989780196    0.07512556124  0.5572714592   
56       I1         0.9059262998   1.400965242    4.01903848     0.7479293057   0.5233939486   2.34359497     0.03113873632  1.312118175    
57       I1         1.969316018    1.535255594    4.006081118    0.8351751549   0.1376139005   4.019669975    0.1385009744   0.1877260746   
58       I1         1.464084269    2.171886984    3.223508307    0.588488354    0.3128979224   2.653942694    0.2646035071   0.3154410277   
59       I1         1.622287052    1.643923416    3.385764139    0.5950280336   0.4302886432   4.365068302    0.2300469598   0.2707944054   
60       I1         0.5744913194   2.056057473    3.18661111     0.02682032949  0.6515158266   2.908796736    0.1510729246   0.3280895235   
61       I1         1.303370076    2.103964652    3.968111588    0.8162194583   0.607010724    5.318249909    0.2692178152   0.1689080482   
62       I1         1.799934239    2.074017228    4.497385341    0.7827888579   0.1890601572   9.526076387    0.2809444702   0.3832047537   
63       I1         0.6218146609   1.236657754    3.006263884    0.7065912886   0.8820383405   3.614292698    0.09034729727  0.8190662482   
64       I1         0.7675012623   2.254104281    3.326822502    0.9358103204   0.3931840479   0.275446016    0.06913817737  1.022959787    
65       I1         1.452181115    2.191445607    3.868783827    0.7362907138   0.6290082472   0.3582731703   0.2488280796   0.1878825873   
66       I1         0.3107108767   1.100195685    3.401677843    0.9063060078   0.653742217    9.053510048    0.1068326553   0.864055146    
67       I1         1.467821931    2.262234132    2.710066259    0.06864317479  0.1214055083   1.113506027    0.03766807604  0.3668204141   
68       I1         0.7196277594   1.374843451    2.941309496    0.05106478175  0.1065470813   2.212150905    0.02188061628  0.2924762243   
69       I1         1.296228928    1.124789684    4.406230546    0.2528676024   0.8969460614   8.935380853    0.2175543378   0.1262853181   
70       I1         1.921550885    2.086270055    3.998975956    0.594645732    0.1201212604   7.03016898     0.1256549383   0.3508594866   
71       I1         1.347496987    2.06095185     2.657896966    0.2689075142   0.7228376675   7.064042437    0.07715029838  0.2627503109   
72       I1         1.730353726    1.146068176    3.941439147    0.3297835083   0.08592714136  3.215896412    0.01332352735  0.3467776709   
73       I1         0.5094663364   1.963526746    3.742895652    0.7643935641   0.9077946181   9.719304767    0.2069716827   0.3336994821   
74       I1         0.6501714999   1.597078326    3.427281611    0.7000810092   0.8350015658   0.4383188587   0.1889784482   0.3222851983   
75       I1         1.250014581    1.239487442    3.845312261    0.1350522446   0.2851235629   3.411606954    0.2145187741   0.5189986856   
76       I1         0.39845222     2.000874494    2.804628639    0.3534372038   0.4543216541   2.858188311    0.2444468115   0.190255988    
77       I1         0.9154537974   2.25008588     2.948627563    0.6177638289   0.4852475744   4.504271809    0.2315866658   0.1342658168   
78       I1         1.876269462    1.684763754    3.910475407    0.7300191398   0.3380955784   2.681876318    0.02457813899  0.5546060323   
79       I1         1.645442561    1.266991593    3.805383155    0.6702249147   0.6568343862   9.301918015    0.1001682807   0.3176343418   
80       I1         0.7461268417   2.391765973    4.08921173     0.8802523054   0.2025505396   5.190489881    0.06419632918  1.050880712    
81       I1         0.8884118105   2.232347639    4.166435226    0.8392264346   0.3475140804   1.813236371    0.04188999556  1.206354687    
82       I1         0.7357388406   1.558553607    3.764382356    0.1205591682   0.2484786123   3.013930012    0.2998086719   0.6097062574   
83       I1         0.869678216    1.368306792    3.59973603     0.8644663599   0.9527122088   7.717283805    0.1329604916   0.5436544982   
84       I1         1.389904313    1.353113064    3.190784844    0.2810816412   0.836560833    6.01519677     0.1278329861   0.2531665071   
85       I1         1.987353195    2.324481988    2.872825091    0.78766895     0.8689908005   6.52304944     0.2428998184   0.3630472573   
86       I1         1.832347989    2.095049203    3.681351124    0.9795582233   0.7855111937   2.118319626    0.07896408734  0.429112061    
87       I1         1.82491466     1.563813263    2.767248125    0.2749906241   0.979447786    8.24717916     0.08250106569  0.3625245332   
88       I1         1.69721588     1.919140271    3.674383694    0.1717771929   0.2935083771   2.715362389    0.03920599792  0.4270295823   
89       I1         1.860860465    1.618783662    2.983373812    0.2934147745   0.2536875913   3.558779445    0.1721335498   0.4113116539   
90       I1         1.382954783    1.408394001    3.984371269    0.2729217598   0.714725534    7.21046598     0.2229455257   0.2109240469   
91       I1         0.3285586371   1.57146601     3.831236871    0.2421199327   0.5895334026   0.3973248431   0.2893863476   0.2353825735   
92       I1         1.738002296    2.512240563    3.809025626    0.6421091236   0.172586491    3.372111183    0.2773276552   0.4517961121   
93       I1         1.326528753    1.880140909    4.037871506    0.5496203686   0.4123488404   5.870925088    0.02219254966  0.8202110795   
94       I1         1.085592975    2.619524521    4.064944398    0.6318941159   0.3414620436   6.48335404     0.0001945486509 1.799138273    
95       I1         1.492923017    2.407301197    4.20024087     0.3438077843   0.2087928288   0.3257977483   0.2073993922   0.5107188502   
96       I1         1.564016217    2.499003633    2.57275019     0.1094647061   0.4387943063   0.241138325    0.01443488069  0.3717846802   
97       I1         0.3131261282   1.67081122     3.667595332    0.4984778558   0.1289259313   9.65776003     0.01614935338  1.610193886    
98       I1         1.221021649    1.950323918    3.45754666     0.3203010297   0.739563675    5.939641469    0.2942109655   0.3770814178   
99       I1         1.712625696    2.298393316    3.847275111    0.6396962211   0.9466801024   6.124559585    0.1688368233   0.1742053741   
100      I1         1.052531105    1.502985028    4.012869763    0.5227558373   0.03002443055  9.391928479    0.2478306973   0.2294238462   
101      I1         0.5144262091   2.007974284    4.393020831    0.07736213041  0.3251547208   5.371052394    0.2632297919   0.6516761406   
102      I1         1.315604476    2.126531714    2.674299496    0.465210757    0.356885533    5.308717337    0.2668773302   0.3309429553   
103      I1         1.395449208    2.035421557    3.91705676     0.4342557839   0.5953864639   6.399624598    0.2035511573   0.2436956141   
104      I1         1.931563387    1.794869922    3.771107536    0.7218329044   0.7516442785   3.506294406    0.2728388239   0.3921190777   
105      I1         1.990996676    2.462764673    4.13262006     0.7994510876   0.3355639597   0.1383557627   0.1868333832   0.3118461642   
106      I1         1.740831827    1.802122459    4.328839539    0.4563962076   0.2375262317   0.9747690129   0.2165688921   0.5100006387   
107      I1         1.186805977    2.607205399    2.612978149    0.5394486182   0.4473012554   7.283779674    0.1240942534   0.2148756815   
108      I1         0.4240566145   1.173806576    3.087118066    0.5540566055   0.5031211313   9.121403494    0.1821818187   0.3535077438   
109      I1         1.911398778    1.511267464    3.859167714    0.4313628953   0.3871736439   7.789316642    0.1393814444   0.3925486325   
110      I1         1.444278275    1.850722746    4.353231216    0.100521532    0.4931008605   3.347979457    0.09528779359  0.4028010552   
111      I1         1.618362611    2.590534515    4.095182904    0.2674938073   0.8887746462   2.171727156    0.1758918474   0.3956263811   
112      I1         1.141522265    1.686736869    4.432868669    0.3579996258   0.2751800928   8.095700615    0.03667146442  0.1158239048   
113      I1         1.434442838    1.545416253    4.300944502    0.6578579263   0.2448017307   4.410688445    0.2191356051   0.1645760923   
114      I1         0.9177023502   1.614103081    3.639907075    0.4782339761   0.8014879318   3.661604156    0.08059031511  0.6156415612   
115      I1         1.651440729    1.720055247    3.113606452    0.8583340564   0.9584592573   6.548255037    0.001710555688 1.645966586    
116      I1         0.3177406747   2.547458364    4.237773043    0.5665403297   0.2576233267   2.571069128    0.1632950029   0.4432394424   
117      I1         0.7409346075   2.381482366    4.397440051    0.4631838113   0.4967438265   1.593846828    0.1269511844   0.3437324273   
118      I1         0.7113794074   2.153882841    3.100025495    0.08532162429  0.1685791455   1.393663158    0.234747231    0.5688944604   
119      I1         0.3351591749   1.231727704    3.491418829    0.9805095429   0.5312512202   1.57776624     0.1374682286   0.6925183924   
120      I1         0.6957140961   1.74754868     3.549718539    0.2863724592   0.279182846    5.814931171    0.1105606589   0.1948058574   
121      I1         0.8535962471   1.930591487    4.469608268    0.507708016    0.3801969768   0.7424392947   0.09252385565  0.5170030875   
122      I1         1.182398971    1.623563135    3.21120112     0.8608480364   0.03786302582  3.991173488    0.1433977594   0.3562164245   
123      I1         1.3490471      2.364682212    3.151201792    0.7502022129   0.01958054421  6.953071345    0.1844111533   0.1091916283   
124      I1         1.359382799    2.50296565     3.992164059    0.7909367982   0.7594634673   1.059934205    0.1087077552   0.38592466     
125      I1         1.578140663    1.867335465    2.628772169    0.7134540686   0.9848527638   3.697353834    0.03434920695  0.8278511639   
126      I1         0.4859222711   2.673454282    4.266933182    0.6064637601   0.633732568    5.524604038    0.2359403291   0.2251635329   
127      I1         0.3734655823   1.542045094    4.478762658    0.6297198519   0.9622850424   1.779648702    0.1358344629   0.5624609064   
128      I1         1.151278613    1.693992783    3.584868323    0.1681824529   0.2602711335   8.264963864    0.1480537636   0.4160017415   
129      I1         1.88843912     1.186086906    3.496524632    0.5167904168   0.1597277525   9.773474863    0.245649262    0.4750072851   
130      I1         1.340856682    1.576814556    2.635728609    0.941346387    0.3331156004   6.104156355    0.2766775179   0.1665515179   
131      I1         1.953548078    1.162088808    4.196549783    0.2257529178   0.06784710513  8.861973182    0.009558385917 0.5145991199   
132      I1         1.144801891    2.529878567    4.292586158    0.7740396554   0.4435392042   7.256774185    0.05350325543  0.8629312155   
133      I1         0.36004142     1.740200609    3.903464658    0.4223373309   0.1479898162   3.585673627    0.007806310046 1.622599146    
134      I1         1.933004722    1.780657403    3.516151248    0.5316747404   0.871363053    7.187073331    0.1983086052   0.2968735894   
135      I1         1.948251375    2.024418459    3.647405117    0.9698528934   0.7282635288   3.745943433    0.2412721669   0.2870406729   
136      I1         1.784835303    2.044425839    3.156802105    0.5249688643   0.465508111    1.040583558    0.07095826756  0.2273702439   
137      I1         1.764753117    1.937680794    3.617691695    0.07083899011  0.3221937678   1.28832285     0.295442912    0.7228084389   
138      I1         1.600285292    2.27527896     4.172137493    0.1156888522   0.8435021733   8.296674237    0.04552364846  0.2663623651   
139      I1         0.4921449078   2.480325566    4.207658737    0.2089163743   0.3909964414   6.61131203     0.2099299549   0.4069043778   
140      I1         1.665250111    1.254938783    2.615440332    0.07903790755  0.5056121611   6.216627951    0.2841698822   0.4663905149   
141      I1         0.9445149779   1.051939886    3.246093392    0.9014394052   0.4023888976   9.273599008    0.174120242    0.3587965539   
142      I1         1.915915018    1.806078942    2.599265732    0.2605007178   0.5280954635   0.6846961195   0.05999280532  0.2843724779   
143      I1         0.3830346702   1.43332527     3.419812513    0.5146411477   0.9546232434   1.177112345    0.008128058462 1.97985776     
144      I1         1.024984263    2.353332986    3.068165516    0.768180211    0.5671904152   2.946877912    0.01593154956  1.515547536    
145      I1         1.428226823    2.23575481     2.895061716    0.3513967573   0.0890321183   7.465637508    0.2938218601   0.5027211105   
146      I1         1.628908169    1.371707752    2.93227432     0.06021600091  0.4874712745   3.161734854    0.07498366907  0.2262728177   
147      I1         0.4301140715   2.694562258    3.554404698    0.4257638904   0.7171644045   8.449250233    0.128403948    0.4186812239   
148      I1         1.881864559    2.664262274    2.925289364    0.2137834302   0.4326145925   3.665753972    0.2678897962   0.6273501299   
149      I1         1.956310536    2.6877406      2.851202478    0.8287151901   0.7113755041   9.807148281    0.1668531138   0.2211260913   
150      I1         0.4689079693   2.522935073    2.83496418     0.9125552918   0.3632845532   5.220264853    0.1651090912   0.5340775505   
151      I1         1.479476688    2.397986451    3.819235255    0.4476728921   0.537096675    0.5155318816   0.1038490201   0.1592473838   
152      I1         1.559430362    1.120258727    4.053596237    0.8487916483   0.4707808031   4.310346469    0.1291651612   0.2693756222   
153      I1         0.728718011    2.175444903    2.906036344    0.1985720714   0.757544596    9.548449799    0.2592730726   0.347888297    
154      I1         1.474533859    1.090187553    2.591160766    0.2944660222   0.320086903    7.534625544    0.2512066875   0.3521121696   
155      I1         0.6741398318   2.660330014    3.606658393    0.7968582963   0.3985872561   4.331382158    0.2614111344   0.202253978    
156      I1         0.8480205554   1.169199313    3.260898568    0.3240121076   0.7449829453   8.49266892     0.2328605118   0.1229291293   
157      I1         0.7724829562   1.206270639    3.938366512    0.9308505921   0.6396143959   9.442576294    0.2088774999   0.3154597815   
158      I1         0.6847636401   1.07842609     3.692109568    0.7156196559   0.1790726062   7.978424054    0.04321993705  1.228749894    
159      I1         0.5937185563   2.543200157    3.752344211    0.6853682706   0.04071712417  7.772486148    0.1963900448   0.3319409427   
160      I1         0.9657950803   1.461686529    4.02533537     0.282446083    0.827400762    2.389447736    0.1535236729   0.2042257504   
161      I1         0.5489412889   2.306006852    3.885662293    0.1397966434   0.7898699603   8.818446818    0.2914337417   0.4709620121   
162      I1         0.4433185135   1.522818988    4.446948188    0.4961993767   0.06335144982  8.893932136    0.2027227708   0.2853792812   
163      I1         1.101323509    1.527044211    4.105667461    0.4393065005   0.09428000369  0.6281363281   0.1717770877   0.24253951     
164      I1         1.857817526    1.952210491    2.965447787    0.8130420474   0.3027026087   6.165109595    0.2106068414   0.2533884372   
165      I1         1.722002096    2.436423644    3.024145158    0.7558619954   0.4692989556   6.983470842    0.02547379616  0.7018505643   
166      I1         0.6729906473   1.469167139    2.544647477    0.1586357021   0.191096213    9.767570232    0.005528211635 0.8025855171   
167      I1         0.9481382881   1.022174469    4.077979364    0.2212320219   0.7841465648   8.050056009    0.062291815    0.7831341984   
168      I1         1.107474017    1.061946202    4.244486286    0.4751500174   0.1013074441   0.4714102173   0.1059015923   0.1429333344   
169      I1         0.9931211435   1.833095461    3.056453917    0.4033144509   0.6961344583   0.701920532    0.06552940158  0.5567864031   
170      I1         0.6098356177   1.975972814    3.481052509    0.2053694139   0.5735897937   3.783799195    0.2877065513   0.3760769351   
171      I1         1.708819711    1.816862121    2.955537223    0.5440634302   0.6483402606   5.774861325    0.1773047415   0.2023730911   
172      I1         0.6263816946   2.141465459    4.251926883    0.4094759667   0.5475262182   4.286154237    0.2736910765   0.2384054764   
173      I1         1.636678545    1.138117183    3.168104999    0.307045893    0.3850713039   3.302655049    0.04252164516  0.3088198098   
174      I1         0.6296351808   1.749257324    3.526345781    0.4686115266   0.8469582789   3.486612735    0.07993175579  0.6933295399   
175      I1         0.7999073836   1.926213285    3.282973026    0.5353698492   0.2999623596   5.484717207    0.08428209705  0.6045346659   
176      I1         0.5212860984   1.629118409    3.195114581    0.9485655461   0.4067010932   0.2008739061   0.05066924989  1.294238974    
177      I1         1.005887567    1.675837711    3.711363838    0.8847277457   0.6889461185   1.323055332    0.2245727868   0.185758978    
178      I1         1.205255055    1.042055073    2.808007965    0.02456168552  0.1250539843   4.727184153    0.1997856989   0.4815361126   
179      I1         1.892783879    2.559012186    2.908180833    0.1911231965   0.2176088771   5.133200276    0.2111441234   0.5894400939   
180      I1         0.4057035626   1.664203842    4.23019236     0.09506460568  0.5565208168   9.035347113    0.2746068637   0.4651322683   
181      I1         0.9989670997   1.887784017    3.665054857    0.5617577824   0.3617422335   4.78116836     0.1625273246   0.2044365061   
182      I1         1.069000019    2.37031698     4.028099965    0.01128075689  0.8857831008   8.13962312     0.2756828917   0.5721240671   
183      I1         0.9870801418   1.899072277    2.621126085    0.8055794563   0.2682707875   9.082364385    0.2544492742   0.1526369565   
184      I1         1.751218561    1.034365161    4.284302384    0.668142229    0.8629435835   2.35856479     0.01171709464  1.146401502    
185      I1         1.771193562    1.914040856    3.888104274    0.3140481537   0.5611679837   5.736727176    0.06006704941  0.2360055962   
186      I1         1.531535246    2.081967787    4.154857191    0.2099069187   0.6208331469   1.63161365     0.0529926467   0.2763683882   
187      I1         0.5303073602   1.386281804    2.976308004    0.5035474146   0.5424318474   8.334224322    0.1602576732   0.3602773596   
188      I1         0.787877155    2.129963821    4.374703127    0.1033801179   0.4617170534   4.058018758    0.2189518444   0.5615159766   
189      I1         1.901462023    1.580142564    3.469245654    0.152770079    0.1505513559   3.042521913    0.2603075954   0.6840386437   
190      I1         0.5783994492   1.727952704    3.014647514    0.5763089343   0.1177522271   1.149210547    0.2583776224   0.1744548503   
191      I1         0.8789505393   2.447268904    3.34417956     0.5788593947   0.03575032858  6.766951214    0.1702158785   0.251829455    
192      I1         0.4792202012   1.1350667      3.03564899     0.9197970148   0.949165208    5.877084206    0.2987872678   0.2477683294   
193      I1         0.551983061    1.063528064    2.693563229    0.6160442773   0.02603853883  6.001678038    0.1953344194   0.2930699351   
194      I1         1.518732135    1.767639995    4.042251232    0.4149177055   0.7373991272   5.567548951    0.2498217762   0.3016880739   
195      I1         1.815934321    2.668874854    2.972977533    0.9664733799   0.6270359666   2.073431759    0.09779617414  0.3326184461   
196      I1         1.301021493    2.35817213     4.125732872    0.1060554789   0.4242836668   8.799554718    0.0468435007   0.4721240686   
197      I1         0.866175135    2.653075503    2.737443737    0.179527658    0.2644768829   2.271706462    0.1151288035   0.2546108527   
198      I1         1.550696324    1.072841677    3.314757769    0.6520493137   0.1117894441   4.715888998    0.1457601475   0.1251334608   
199      I1         1.212023774    1.213851171    3.721320857    0.4528106755   0.01337837752  6.710055755    0.252247277    0.3660125791   
200      I1         0.3485504418   2.180520308    2.761519739    0.2482968935   0.8537564426   1.276621057    0.2333969627   0.1857650621   
201      I1         0.4175703839   2.600075591    3.349998568    0.7522225039   0.2156810159   5.275197541    0.2122740425   0.3471314808   
202      I1         1.031569625    2.282828503    3.306796818    0.3136359659   0.15576903     8.538878684    0.1475561403   0.2198328806   
203      I1         0.7482488826   2.623360368    3.253518959    0.4191608878   0.07719894133  1.010521473    0.180389414    0.1620323357   
204      I1         0.9080263691   1.702042258    4.489577456    0.3334357705   0.9170078746   8.435700196    0.07192227618  0.5867031596   
205      I1         0.3949104709   1.303784423    3.64216882     0.1861942359   0.10346091     1.544169539    0.2408380679   0.4138312122   
206      I1         1.200518864    1.425525521    2.726943377    0.4727462276   0.5982216018   2.089410644    0.2216612014   0.1211004355   
207      I1         1.701964074    2.339796042    3.563084631    0.04404286758  0.2052308283   8.703049179    0.2576545374   0.7575962083   
208      I1         0.3902345162   2.555003389    4.116854075    0.5475402506   0.05124040972  6.634035164    0.09829655613  0.7510569843   
209      I1         0.4304851418   1.010688332    3.128993032    0.6022610977   0.4360470655   0.8712048423   0.1649026708   0.432922168    
210      I1         0.6881199015   1.972364014    3.373360849    0.05397155562  0.2877460165   9.199591692    0.01868876457  0.3760169209   
211      I1         0.5014862514   1.046458867    3.296963637    0.3820957175   0.6156617733   2.837997409    0.1401817223   0.4405132851   
212      I1         1.280854117    1.105283673    3.593232741    0.3637232882   0.509737054    0.5511667692   0.07292408204  0.4566517646   
213      I1         1.507471669    1.029610094    3.075562603    0.9315443773   0.8928641198   9.583711601    0.0999927641   0.457629417    
214      I1         1.498235502    2.112643846    4.357918419    0.6558531331   0.603556501    3.876418288    0.154556948    0.1268909569   
215      I1         0.4737196634   2.422904768    3.54214926     0.6112363957   0.2340491312   5.436145523    0.03273412944  1.364375575    
216      I1         1.962053355    1.457724002    3.624777989    0.7599331456   0.3787398946   7.15887715     0.06765196184  0.2953165152   
217      I1         0.7074897604   2.318754595    2.687332496    0.7102397642   0.7193760053   6.850141074    0.262893519    0.1785894295   
218      I1         1.076181637    1.941346502    4.314317134    0.8399888113   0.3148766168   1.458145766    0.1319112818   0.4493634294   
219      I1         0.460359321    1.382261558    3.424068791    0.03599679946  0.7761797963   0.6063780837   0.2814000028   0.2256422291   
220      I1         0.7957480231   1.005001595    2.741246095    0.6948103972   0.8833437898   6.315550258    0.1221526973   0.5941390892   
221      I1         1.131380639    2.459660638    3.27858566     0.8261550649   0.5517586627   6.827758737    0.2051924932   0.171309928    
222      I1         0.6363943388   1.41831238     2.651214515    0.4832078674   0.9267890524   4.934930773    0.0861623661   0.7203030239   
223      I1         0.8066862593   2.120810807    3.876091411    0.07396129374  0.7934731076   7.027733153    0.1599009314   0.2992817203   
224      I1         0.3762842491   2.564005466    3.961198443    0.6968460319   0.622309483    7.310678901    0.2719180238   0.2341221814   
225      I1         1.310439953    2.091183159    3.123302953    0.7246198575   0.6425564559   5.162715657    0.2138940596   0.1017576567   
226      I1         0.7603459946   1.197083982    3.112754433    0.5837991308   0.5788924596   2.534502614    0.2391205003   0.154604379    
227      I1         1.574434238    1.865102614    4.311366217    0.5377850523   0.807958624    9.006293536    0.01089241533  1.030254778    
228      I1         0.6609580598   1.712391478    3.461227053    0.9614109575   0.459415704    5.618450393    0.2706239538   0.2308450028   
229      I1         0.9821751427   2.538197415    3.574528517    0.9105767505   0.7618330616   7.990311883    0.2828828885   0.175035931    
230      I1         1.758476031    1.661443372    4.25617578     0.0138220575   0.9751072237   7.623043751    0.1735634008   0.2359123914   
231      I1         1.811396034    2.644110444    2.641115736    0.3991976672   0.9883526835   2.631645173    0.22779584     0.4357718683   
232      I1         1.998319731    1.015258679    4.413056666    0.7047729654   0.220584488    4.801508251    0.256643468    0.5009858104   
233      I1         1.361125029    1.423331016    3.951384311    0.7660642874   0.6635464248   1.905774743    0.06641101064  0.6789371558   
234      I1         1.775966423    2.402522684    3.03283948     0.6817590328   0.9087467498   4.884283603    0.2965197919   0.4094401955   
235      I1         0.872472806    2.680127378    3.788768941    0.6350235686   0.9310201391   2.456995337    0.146266037    0.3463666411   
236      I1         0.9621420747   2.413440626    3.703694044    0.3857637516   0.2666295428   8.569121207    0.1491604097   0.1650960619   
237      I1         1.269443469    2.267059179    3.357614425    0.02088740981  0.9372722994   1.740474131    0.08844878752  0.2634715328   
238      I1         1.288003539    2.594591468    3.778708329    0.3374150785   0.2417438303   2.777260348    0.1306434248   0.3453195722   
239      I1         1.422242053    1.31261729     3.530301182    0.6465402684   0.1952555708   0.1095228706   0.2007976445   0.1342323923   
240      I1         0.6996487793   2.327072205    2.996022772    0.2887668062   0.9830281785   1.502057478    0.2907904564   0.3106983425   
241      I1         1.046500615    1.763486224    3.236266154    0.9752273023   0.3294683232   4.563016676    0.1142120043   0.5996646104   
242      I1         1.850647614    1.024249216    3.140613029    0.6251937004   0.367962828    1.857627286    0.1811241974   0.2468174182   
243      I1         1.80468192     1.892177349    3.537894867    0.5279734897   0.8581902132   4.247479126    0.02318342026  0.6638740635   
244      I1         0.5570628343   1.607062876    3.391570594    0.6742736568   0.3073840553   6.175578454    0.04918380509  1.155145445    
245      I1         1.592116285    2.455724537    4.454172702    0.9033250825   0.1446908839   4.217818408    0.1527801111   0.1789952713   
246      I1         1.162721522    2.066444463    2.752934595    0.03961106068  0.5329572475   7.427576021    0.05705699155  0.2649970123   
247      I1         1.012847891    1.637809805    4.421940351    0.6890713407   0.4827215116   2.28079469     0.2048008909   0.1638831858   
248      I1         0.4552595495   2.333158098    3.229890596    0.3961759723   0.7054546704   3.090635965    0.1420503768   0.3116455217   
249      I1         0.8936899455   1.772829532    2.50197392     0.3027917464   0.8759965862   7.662693208    0.1136251669   0.3148936202   
250      I1         0.8114660747   2.493927199    2.538278452    0.8742615238   0.04916239375  1.696533584    0.06145947086  1.043554204    
251      I1         0.9744128914   1.222511354    3.164319841    0.8202279181   0.6953665752   6.903781316    0.2508652819   0.1574645567   
252      I1         1.257981942    1.090962769    4.297124512    0.9534866534   0.6720925495   1.231381987    0.2831746868   0.1485152756   
253      I1         1.589566797    1.310918435    3.097604414    0.5748104646   0.6674393617   6.043796498    0.05526622512  0.5631455919   
254      I1         1.538629173    2.637878489    4.04804838     0.5638427568   0.05784624219  9.990094479    0.006789509667 0.2284376783   
255      I1         1.505239601    2.470183567    2.563463878    0.1134234945   0.7707287291   1.373626406    0.1186216058   0.3394999953   
256      I1         1.335763744    1.496423881    2.518656767    0.8439753187   0.8178788364   8.751343945    0.155345136    0.2622362332   
257      I1         0.8971714963   1.90839714     4.340212492    0.6238800601   0.2956648772   4.894030408    0.286679589    0.20821446     
258      I1         0.5625116465   2.629135782    2.510864016    0.9569122946   0.4161493205   0.8342739093   0.2013580022   0.3808852767   
259      I1         0.408544849    1.550618968    3.447680515    0.2398713653   0.1081480773   8.584118857    0.0208140036   0.5611687995   
260      I1         0.600299416    1.265502074    2.885188013    0.127562032    0.5220185425   1.447753494    0.2434767911   0.199167706    
261      I1         1.583172998    2.488531847    4.278076749    0.3205776368   0.7502055389   3.812652926    0.04089704549  0.214754155    
262      I1         1.112249205    1.248939516    3.860473881    0.6646589952   0.5429176497   5.682692331    0.2533277986   0.1351280242   
263      I1         1.542088596    1.338449556    3.362561772    0.7390744977   0.2819903394   7.375963574    0.1831177562   0.1116059529   
264      I1         1.748286095    1.588301778    3.217801873    0.2175845276   0.6084285145   0.9572361427   0.1797785827   0.327251499    
265      I1         1.446335508    2.419043855    2.992332302    0.04631572826  0.2717204916   9.893005244    0.03349721691  0.4564798094   
266      I1         1.404016156    2.635292786    2.888551602    0.876164382    0.136307493    8.08061807     0.2792727183   0.2065682059   
267      I1         1.415755904    2.572289077    2.824612651    0.9462985109   0.4526974088   0.7839750314   0.1583885767   0.2446487137   
268      I1         1.937686949    1.987294004    2.672121545    0.7772854328   0.08285317218  0.1747179927   0.1166910396   0.1878512439   
269      I1         1.13489634     1.995419009    3.784201027    0.3947952275   0.5544699285   0.3695975357   0.1900042494   0.1585026996   
270      I1         0.8239859326   2.372407311    4.440692207    0.368880236    0.7943040718   6.296109337    0.04844247353  0.6088533952   
271      I1         1.015064302    1.732391951    2.841873065    0.7860742005   0.5132588444   4.630881637    0.09370100619  0.6489249287   
272      I1         0.9241843732   1.157178291    4.324691621    0.8012678524   0.9684807231   7.751662791    0.2231213606   0.2156571824   
273      I1         0.3443498047   1.985846631    3.954929593    0.1448942896   0.1659209448   3.105402687    0.1918177791   0.4690270944   
274      I1         0.6021373378   1.219835666    3.33756519     0.8944457742   0.964709477    4.675868525    0.2857293454   0.2214787018   
275      I1         1.670202853    1.259956569    4.264413472    0.1822568941   0.3700228634   4.45813412     0.2269173725   0.5565640337   
276      I1         1.225710618    2.049813049    3.006847077    0.3617429562   0.4753711493   9.688580275    0.02672086657  0.5462029455   
277      I1         0.973829551    1.96163696     2.528631855    0.3768789556   0.1311815475   7.585434032    0.05141239158  0.4975306435   
278      I1         0.3677524232   1.754827795    3.571354347    0.9378834073   0.941542642    3.289680331    0.06841918299  1.1481671      
279      I1         0.3237088733   1.437335597    3.979006456    0.2506824008   0.02016356509  3.251303546    0.265208089    0.4462122148   
280      I1         1.614376697    1.340093733    3.20471397     0.3908718751   0.6746964876   3.91128993     0.2975139923   0.3754534082   
281      I1         1.216061424    2.444789642    3.325752487    0.6090147236   0.2464161253   9.33223508     0.2786979858   0.2566510649   
282      I1         1.324356168    1.591783969    3.506186554    0.8314936832   0.01152641849  8.960502068    0.1234983084   0.3521038143   
283      I1         0.4360475337   1.831704451    3.443101497    0.8888690782   0.3045696348   5.656863288    0.1936736776   0.4330554696   
284      I1         0.3052678245   2.148702014    2.863239585    0.989453186    0.1413102393   6.352420219    0.003178298601 2.652829846    
285      I1         1.126024947    1.327864414    4.48415467     0.3703465277   0.5857182627   2.418285222    0.2928120589   0.2653227933   
286      I1         1.608771412    1.359935892    3.756594181    0.09380691351  0.3434151444   5.385674145    0.04427522305  0.3706119533   
287      I1         1.459552999    1.654378836    3.13492306     0.8496504772   0.2271843178   5.044471134    0.03805505836  0.8765630261   
288      I1         1.365941496    1.394356037    2.85479035     0.5574533339   0.04468927487  4.447244152    0.2880324012   0.3420705939   
289      I1         0.8414926297   2.309147292    3.439605621    0.4360845678   0.7065786773   6.440097854    0.2680592967   0.2357459198   
290      I1         1.783188645    1.790683409    2.778552717    0.03765811168  0.4200881004   1.845591962    0.2379123475   0.5314483515   
291      I1         1.373481817    1.81166574     3.63207404     0.2228202545   0.5927817656   4.999514334    0.1504993468   0.2449461963   
292      I1         1.72488636     1.717746796    2.702744019    0.3832702037   0.1628758786   9.604909417    0.2386174126   0.4382330148   
293      I1         1.979905971    1.201716412    3.370947356    0.676848485    0.6438213597   9.935364316    0.1925598564   0.2765253528   
294      I1         1.062583374    1.475532227    4.415591986    0.2294786622   0.7329755853   6.895136135    0.1768746244   0.1110361724   
295      I1         0.4976089969   2.165513297    2.576428011    0.3476104215   0.8745567966   4.166339747    0.1332293671   0.2899933025   
296      I1         1.098367723    2.432352504    4.191135207    0.6602045533   0.3741075441   6.688892982    0.1897851405   0.1505849402   
297      I1         0.719191177    2.61158016     4.382333396    0.1869733362   0.9379771955   0.9222992184   0.05886212789  0.227123227    
298      I1         1.973053607    1.299671974    3.084757358    0.4929807404   0.4273640679   2.505893795    0.1448950676   0.2744489484   
299      I1         0.6677877611   1.509549826    3.27268924     0.9575132077   0.805928482    9.435916875    0.2461026005   0.2656728345   
300      I1         1.160758497    1.487285369    2.555153062    0.2345873294   0.6121861275   8.158161341    0.1977756001   0.1614577348   
301      I1         1.261934156    1.001165981    2.718106996    0.4919341564   0.01201646091  0.1203703704   0.1351851852   0.1493699509   
302      I1         1.429835391    2.696502058    2.528806584    0.4919341564   0.9597530864   0.1067901235   0.1179012346   0.1674328886   
303      I1         0.3944444444   1.001165981    2.504115226    0.01201646091  0.9879835391   0.1203703704   0.2364197531   0.1912327314   
304      I1         0.8701646091   2.696502058    2.501371742    0.3870781893   0.4475720165   1.17962963     0.1796296296   0.1451963158   
305      I1         1.247942387    1.001165981    4.495884774    0.5564609053   0.01201646091  0.1203703704   0.1364197531   0.1502316974   
306      I1         1.366872428    1.86399177     2.644032922    0.5040329218   0.5967901235   0.1067901235   0.1462962963   0.1639636314   
307      I1         1.059053498    1.003497942    3.829218107    0.3386831276   0.01067215364  9.97962963     0.1043209877   0.2652160425   
308      I1         0.8701646091   1.178395062    3.83744856     0.3373388203   0.9879835391   0.1203703704   0.25           0.1313529898   
309      I1         1.387860082    1.003497942    3.83744856     0.6613168724   0.9893278464   0.1203703704   0.2166666667   0.1349299216   
310      I1         1.219958848    1.563168724    3.83744856     0.7742386831   0.01201646091  0.1203703704   0.2335390947   0.1194567967   
311      I1         1.156995885    1.003497942    4.495884774    0.5080658436   0.9893278464   0.1203703704   0.2660493827   0.1287378585   
312      I1         1.408847737    1.003497942    4.495884774    0.3373388203   0.9879835391   0.1203703704   0.2043209877   0.1544839977   
313      I1         1.052057613    1.565500686    4.495884774    0.5403292181   0.9879835391   0.1203703704   0.2401234568   0.1077942406   
314      I1         1.184979424    1.360288066    3.170781893    0.6048559671   0.9893278464   0.1203703704   0.2438271605   0.1142933633   
315      I1         0.9401234568   1.493209877    4.495884774    0.4838683128   0.7298765432   0.1067901235   0.2462962963   0.1209779515   
316      I1         1.408847737    1.003497942    3.87037037     0.5120987654   0.4462277092   0.1203703704   0.1339506173   0.2190298818   
317      I1         1.429835391    2.150823045    2.504115226    0.6613168724   0.664005487    9.97962963     0.1783950617   0.1098476934   
318      I1         1.056721536    2.136831276    2.504115226    0.4475720165   0.883127572    9.97962963     0.199382716    0.1150995784   
319      I1         1.996502058    2.136831276    4.281893004    0.9893278464   0.9879835391   0.1203703704   0.1450617284   0.1731917903   
320      I1         1.625720165    2.136831276    4.495884774    0.7782716049   0.6653497942   0.1203703704   0.1664609053   0.1393417103   
321      I1         1.387860082    2.136831276    4.495884774    0.9893278464   0.9879835391   3.37962963     0.2549382716   0.1285590413   
322      I1         1.317901235    2.136831276    4.498628258    0.7097119342   0.9879835391   3.37962963     0.2104938272   0.09912532641  
323      I1         1.331893004    2.136831276    2.504115226    0.9893278464   0.9879835391   0.1203703704   0.2660493827   0.1272355865   
324      I1         1.177983539    2.136831276    4.495884774    0.6855144033   0.9893278464   3.37962963     0.2450617284   0.126724872    
325      I1         1.429835391    2.136831276    2.504115226    0.9893278464   0.9879835391   1.17962963     0.2166666667   0.1149526666   
326      I1         1.31090535     2.136831276    2.504115226    0.8427983539   0.9893278464   0.1203703704   0.2327160494   0.1050107842   
327      I1         1.268930041    2.696502058    2.504115226    0.6613168724   0.8790946502   8.92037037     0.1997942387   0.1049221738   
328      I1         1.289917695    2.136831276    2.504115226    0.649218107    0.9879835391   6.72037037     0.1997942387   0.1018192592   
329      I1         1.429835391    2.696502058    2.504115226    0.6613168724   0.664005487    6.72037037     0.1771604938   0.110408893    
330      I1         1.254938272    2.514609053    3.16255144     0.6613168724   0.9879835391   9.97962963     0.1997942387   0.1005650883   
331      I1         1.303909465    2.332716049    3.16255144     0.6626611797   0.7702057613   6.72037037     0.1969135802   0.09716528658  
332      I1         1.331893004    2.696502058    2.504115226    0.9893278464   0.6653497942   3.37962963     0.2425925926   0.1114771735   
333      I1         1.240946502    2.696502058    2.504115226    0.9234567901   0.9893278464   3.37962963     0.2401234568   0.1169850682   
334      I1         0.8771604938   2.136831276    4.498628258    0.3790123457   0.6613168724   9.97962963     0.1808641975   0.1213168001   
335      I1         0.9261316872   2.696502058    2.504115226    0.3790123457   0.01067215364  9.97962963     0.1895061728   0.1965074021   
336      I1         1.996502058    2.136831276    4.495884774    0.9893278464   0.5524279835   9.97962963     0.1401234568   0.1663583371   
337      I1         1.807613169    2.514609053    3.83744856     0.6653497942   0.6613168724   0.1203703704   0.1335390947   0.1918108371   
338      I1         1.324897119    2.136831276    3.16255144     0.9893278464   0.7863374486   3.37962963     0.2475308642   0.1144101571   
339      I1         1.366872428    2.696502058    2.504115226    0.6129218107   0.9893278464   9.97962963     0.1734567901   0.109793825    
340      I1         0.8701646091   2.696502058    2.504115226    0.5403292181   0.9879835391   8.92037037     0.1997942387   0.1475805993   
341      I1         0.8678326475   2.136831276    2.718106996    0.3548148148   0.6653497942   9.97962963     0.1919753086   0.1316626842   
342      I1         1.240946502    2.507613169    2.501371742    0.5524279835   0.7702057613   9.97962963     0.1833333333   0.1136991509   
343      I1         1.975514403    1.003497942    2.504115226    0.01067215364  0.9879835391   9.97962963     0.1487654321   0.1870375541   
344      I1         1.555761317    1.001165981    2.504115226    0.01201646091  0.9879835391   0.1203703704   0.2487654321   0.2011781105   
345      I1         1.245610425    2.696502058    4.495884774    0.6209876543   0.9879835391   0.1203703704   0.199382716    0.100967763    
346      I1         0.9681069959   1.003497942    2.504115226    0.3373388203   0.7460082305   0.1203703704   0.2450617284   0.1199136267   
347      I1         0.6113168724   1.567832647    4.495884774    0.5524279835   0.9194238683   6.72037037     0.2919753086   0.1868312616   
348      I1         0.6952674897   1.570164609    4.495884774    0.5040329218   0.9893278464   9.97962963     0.2598765432   0.147438239    
349      I1         1.814609053    1.003497942    2.504115226    0.3373388203   0.9879835391   9.97962963     0.162345679    0.1627273371   
350      I1         1.324897119    1.570164609    4.495884774    0.7379423868   0.8024691358   9.993209877    0.2265432099   0.1183257856   
351      I1         0.4294238683   1.001165981    2.504115226    0.1934979424   0.883127572    0.1203703704   0.2783950617   0.1522833879   
352      I1         1.059053498    1.185390947    2.501371742    0.8347325103   0.6653497942   0.1203703704   0.2981481481   0.1669120598   
353      I1         1.338888889    1.38127572     2.501371742    0.7177777778   0.7500411523   0.1203703704   0.2240740741   0.1114760751   
354      I1         1.814609053    1.003497942    4.495884774    0.9893278464   0.9879835391   9.97962963     0.1919753086   0.1481270272   
355      I1         1.429835391    1.003497942    4.495884774    0.8790946502   0.9893278464   0.1203703704   0.2450617284   0.1229193137   
356      I1         1.996502058    1.003497942    4.430041152    0.9893278464   0.9879835391   9.97962963     0.15           0.1591757825   
357      I1         1.429835391    1.003497942    2.504115226    0.3373388203   0.9113580247   9.97962963     0.2191358025   0.1347784335   
358      I1         1.143004115    1.437242798    3.16255144     0.5537722908   0.8347325103   6.72037037     0.2277777778   0.1079043867   
359      I1         1.240946502    1.570164609    4.495884774    0.8790946502   0.9879835391   0.2018518519   0.2997942387   0.1723586928   
360      I1         1.366872428    1.752057613    4.281893004    0.8306995885   0.9879835391   0.1203703704   0.2335390947   0.1118742288   
361      I1         1.408847737    1.570164609    2.504115226    0.9893278464   0.9879835391   9.97962963     0.299382716    0.21868031     
362      I1         1.429835391    1.570164609    2.504115226    0.9893278464   0.9879835391   3.37962963     0.2339506173   0.1115281686   
363      I1         1.275925926    1.570164609    2.504115226    0.8105349794   0.9879835391   2.687037037    0.2664609053   0.1412419917   
364      I1         0.3034979424   1.752057613    2.504115226    0.5161316872   0.9893278464   0.1203703704   0.2734567901   0.1628678836   
365      I1         0.3034979424   2.129835391    2.504115226    0.4475720165   0.9893278464   9.97962963     0.2413580247   0.166535537    
366      I1         1.429835391    2.136831276    2.504115226    0.9893278464   0.7742386831   9.97962963     0.2179012346   0.1214359131   
367      I1         1.303909465    2.696502058    2.504115226    0.9893278464   0.6653497942   9.97962963     0.262345679    0.1408564101   
368      I1         1.243278464    2.696502058    2.504115226    0.8306995885   0.6653497942   8.92037037     0.2351851852   0.1211561423   
369      I1         0.9820987654   1.001165981    2.504115226    0.6613168724   0.9879835391   9.97962963     0.2981481481   0.1881910649   
370      I1         1.240946502    1.001165981    2.504115226    0.6613168724   0.9879835391   9.97962963     0.25           0.1289508141   
371      I1         1.464814815    1.001165981    4.495884774    0.1693004115   0.9839506173   9.97962963     0.1709876543   0.1958689048   
372      I1         1.998834019    1.185390947    2.504115226    0.5403292181   0.883127572    0.1203703704   0.112962963    0.2285794595   
373      I1         1.513786008    1.185390947    2.504115226    0.5551165981   0.9879835391   9.97962963     0.1820987654   0.1601472078   
374      I1         0.8701646091   1.003497942    2.504115226    0.5524279835   0.8817832647   6.72037037     0.274691358    0.1588438334   
375      I1         1.933539095    1.003497942    2.504115226    0.6626611797   0.6653497942   9.97962963     0.1450617284   0.1651143675   
376      I1         1.807613169    2.129835391    2.504115226    0.5120987654   0.7097119342   6.72037037     0.1002057613   0.2021810195   
377      I1         1.240946502    1.567832647    2.504115226    0.5524279835   0.02008230453  6.72037037     0.1216049383   0.2147878224   
378      I1         1.996502058    1.003497942    4.495884774    0.01067215364  0.9113580247   0.1203703704   0.1388888889   0.2367494771   
379      I1         1.998834019    1.003497942    4.495884774    0.3386831276   0.9879835391   0.1203703704   0.1425925926   0.1951329883   
380      I1         1.807613169    1.003497942    3.83744856     0.9893278464   0.733909465    3.37962963     0.1796296296   0.1291522368   
381      I1         1.513786008    1.003497942    4.281893004    0.9893278464   0.9799176955   1.22037037     0.199382716    0.1321629763   
382      I1         1.625720165    1.001165981    4.495884774    0.8589300412   0.798436214    3.37962963     0.1944444444   0.1183064086   
383      I1         1.996502058    1.003497942    3.83744856     0.9893278464   0.9879835391   0.1203703704   0.1734567901   0.1943656409   
384      I1         1.998834019    1.003497942    4.495884774    0.7742386831   0.6653497942   3.37962963     0.1450617284   0.1828108981   
385      I1         1.996502058    1.001165981    2.504115226    0.3386831276   0.883127572    0.1203703704   0.1487654321   0.2102777199   
386      I1         1.625720165    1.570164609    4.495884774    0.9893278464   0.6653497942   9.97962963     0.1969135802   0.1272849674   
387      I1         1.625720165    1.003497942    3.83744856     0.9879835391   0.7500411523   9.97962963     0.1997942387   0.1256567526   
388      I1         1.77962963     1.437242798    4.495884774    0.9893278464   0.7944032922   9.97962963     0.1685185185   0.148276453    
389      I1         1.434499314    1.003497942    4.495884774    0.350781893    0.883127572    9.97962963     0.1858024691   0.145824788    
390      I1         1.4718107      2.129835391    4.498628258    0.7218106996   0.6653497942   7.82037037     0.1833333333   0.1056017017   
391      I1         1.436831276    2.129835391    4.495884774    0.664005487    0.9879835391   8.92037037     0.1932098765   0.1166466856   
392      I1         1.996502058    1.752057613    4.495884774    0.8790946502   0.7702057613   9.97962963     0.1335390947   0.1712910214   
393      I1         1.996502058    1.003497942    4.495884774    0.5120987654   0.9893278464   9.97962963     0.1475308642   0.1737390215   
394      I1         1.436831276    1.940946502    2.504115226    0.5040329218   0.9893278464   9.97962963     0.1660493827   0.1386920452   
395      I1         1.429835391    2.514609053    2.504115226    0.9893278464   0.01201646091  3.37962963     0.2117283951   0.1195301819   
396      I1         1.233950617    2.696502058    2.504115226    0.9893278464   0.01201646091  3.37962963     0.25           0.12430765     
397      I1         1.240946502    2.136831276    2.504115226    0.6895473251   0.01067215364  0.1203703704   0.2141975309   0.1076013982   
398      I1         0.8678326475   2.696502058    2.504115226    0.3427160494   0.3386831276   9.97962963     0.1611111111   0.1638540318   
399      I1         1.059053498    2.136831276    4.495884774    0.4475720165   0.9879835391   6.72037037     0.1997942387   0.1084674416   
400      I1         1.29691358     2.696502058    4.495884774    0.6613168724   0.9113580247   6.72037037     0.1997942387   0.1059777678   
%eval_id interface log__t_efold_shallow log__t_efold_soil log__t_efold_karst f_exfiltration_shallow f_exfiltration_soil PDD_melt_factor baseflow_Q     neg_kge        
401      I1         1.303909465    2.332716049    3.16255144     0.6626611797   0.7702057613   6.72037037     0.1969135802   0.09716528658  
402      I1         1.473909465    2.332716049    3.16255144     0.6626611797   0.7702057613   6.72037037     0.1969135802   0.1429746458   
403      I1         1.303909465    2.502716049    3.16255144     0.6626611797   0.7702057613   6.72037037     0.1969135802   0.1005046428   
404      I1         1.303909465    2.332716049    3.36255144     0.6626611797   0.7702057613   6.72037037     0.1969135802   0.09704316607  
405      I1         1.303909465    2.332716049    3.16255144     0.7606611797   0.7702057613   6.72037037     0.1969135802   0.109922069    
406      I1         1.303909465    2.332716049    3.16255144     0.6626611797   0.8682057613   6.72037037     0.1969135802   0.09693914797  
407      I1         1.303909465    2.332716049    3.16255144     0.6626611797   0.7702057613   7.71037037     0.1969135802   0.09858584348  
408      I1         1.303909465    2.332716049    3.16255144     0.6626611797   0.7702057613   6.72037037     0.2269135802   0.1458520329   
409      I1         1.133909465    2.332716049    3.16255144     0.6626611797   0.7702057613   6.72037037     0.1969135802   0.1240966545   
410      I1         1.303909465    2.162716049    3.16255144     0.6626611797   0.7702057613   6.72037037     0.1969135802   0.09625029161  
411      I1         1.303909465    2.332716049    2.96255144     0.6626611797   0.7702057613   6.72037037     0.1969135802   0.09733564522  
412      I1         1.303909465    2.332716049    3.16255144     0.5646611797   0.7702057613   6.72037037     0.1969135802   0.135824493    
413      I1         1.303909465    2.332716049    3.16255144     0.6626611797   0.6722057613   6.72037037     0.1969135802   0.09823698006  
414      I1         1.303909465    2.332716049    3.16255144     0.6626611797   0.7702057613   5.73037037     0.1969135802   0.09573858044  
415      I1         1.303909465    2.332716049    3.16255144     0.6626611797   0.7702057613   6.72037037     0.1669135802   0.1286056461   
416      I1         1.388909465    2.332716049    3.16255144     0.6626611797   0.7702057613   6.72037037     0.1969135802   0.1175471062   
417      I1         1.303909465    2.417716049    3.16255144     0.6626611797   0.7702057613   6.72037037     0.1969135802   0.09869947739  
418      I1         1.303909465    2.332716049    3.26255144     0.6626611797   0.7702057613   6.72037037     0.1969135802   0.09709554704  
419      I1         1.303909465    2.332716049    3.16255144     0.7116611797   0.7702057613   6.72037037     0.1969135802   0.09465143244  
420      I1         1.303909465    2.332716049    3.16255144     0.6626611797   0.8192057613   6.72037037     0.1969135802   0.09694114728  
421      I1         1.303909465    2.332716049    3.16255144     0.6626611797   0.7702057613   7.21537037     0.1969135802   0.09786902827  
422      I1         1.303909465    2.332716049    3.16255144     0.6626611797   0.7702057613   6.72037037     0.2119135802   0.119209521    
423      I1         1.218909465    2.332716049    3.16255144     0.6626611797   0.7702057613   6.72037037     0.1969135802   0.1002251211   
424      I1         1.303909465    2.247716049    3.16255144     0.6626611797   0.7702057613   6.72037037     0.1969135802   0.09629248783  
425      I1         1.303909465    2.332716049    3.06255144     0.6626611797   0.7702057613   6.72037037     0.1969135802   0.09724308004  
426      I1         1.303909465    2.332716049    3.16255144     0.6136611797   0.7702057613   6.72037037     0.1969135802   0.1139378634   
427      I1         1.303909465    2.332716049    3.16255144     0.6626611797   0.7212057613   6.72037037     0.1969135802   0.09757135764  
428      I1         1.303909465    2.332716049    3.16255144     0.6626611797   0.7702057613   6.22537037     0.1969135802   0.09645297718  
429      I1         1.303909465    2.332716049    3.16255144     0.6626611797   0.7702057613   6.72037037     0.1819135802   0.1011660085   
430      I1         1.388909465    2.332716049    3.16255144     0.7116611797   0.7702057613   6.72037037     0.1969135802   0.1028321558   
431      I1         1.303909465    2.417716049    3.16255144     0.7116611797   0.7702057613   6.72037037     0.1969135802   0.09397668993  
432      I1         1.303909465    2.332716049    3.26255144     0.7116611797   0.7702057613   6.72037037     0.1969135802   0.09466733069  
433      I1         1.303909465    2.332716049    3.16255144     0.7606611797   0.7702057613   6.72037037     0.1969135802   0.109922069    
434      I1         1.303909465    2.332716049    3.16255144     0.7116611797   0.8192057613   6.72037037     0.1969135802   0.09555823323  
435      I1         1.303909465    2.332716049    3.16255144     0.7116611797   0.7702057613   7.21537037     0.1969135802   0.09535942352  
436      I1         1.303909465    2.332716049    3.16255144     0.7116611797   0.7702057613   6.72037037     0.2119135802   0.1045571482   
437      I1         1.218909465    2.332716049    3.16255144     0.7116611797   0.7702057613   6.72037037     0.1969135802   0.1178100863   
438      I1         1.303909465    2.247716049    3.16255144     0.7116611797   0.7702057613   6.72037037     0.1969135802   0.09709802609  
439      I1         1.303909465    2.332716049    3.06255144     0.7116611797   0.7702057613   6.72037037     0.1969135802   0.09470295602  
440      I1         1.303909465    2.332716049    3.16255144     0.7116611797   0.7212057613   6.72037037     0.1969135802   0.09444773051  
441      I1         1.303909465    2.332716049    3.16255144     0.7116611797   0.7702057613   6.22537037     0.1969135802   0.09398395136  
442      I1         1.303909465    2.332716049    3.16255144     0.7116611797   0.7702057613   6.72037037     0.1819135802   0.1167568388   
443      I1         1.346409465    2.332716049    3.16255144     0.7116611797   0.7702057613   6.72037037     0.1969135802   0.09624943098  
444      I1         1.303909465    2.375216049    3.16255144     0.7116611797   0.7702057613   6.72037037     0.1969135802   0.09435324192  
445      I1         1.303909465    2.332716049    3.21255144     0.7116611797   0.7702057613   6.72037037     0.1969135802   0.09465971291  
446      I1         1.303909465    2.332716049    3.16255144     0.7361611797   0.7702057613   6.72037037     0.1969135802   0.1015806958   
447      I1         1.303909465    2.332716049    3.16255144     0.7116611797   0.7947057613   6.72037037     0.1969135802   0.09502700958  
448      I1         1.303909465    2.332716049    3.16255144     0.7116611797   0.7702057613   6.96787037     0.1969135802   0.09500681834  
449      I1         1.303909465    2.332716049    3.16255144     0.7116611797   0.7702057613   6.72037037     0.2044135802   0.09591058185  
450      I1         1.261409465    2.332716049    3.16255144     0.7116611797   0.7702057613   6.72037037     0.1969135802   0.1044736181   
451      I1         1.303909465    2.290216049    3.16255144     0.7116611797   0.7702057613   6.72037037     0.1969135802   0.09563090006  
452      I1         1.303909465    2.332716049    3.11255144     0.7116611797   0.7702057613   6.72037037     0.1969135802   0.09464262176  
453      I1         1.303909465    2.332716049    3.16255144     0.6871611797   0.7702057613   6.72037037     0.1969135802   0.09352553678  
454      I1         1.303909465    2.332716049    3.16255144     0.7116611797   0.7457057613   6.72037037     0.1969135802   0.09455653649  
455      I1         1.303909465    2.332716049    3.16255144     0.7116611797   0.7702057613   6.47287037     0.1969135802   0.09431540309  
456      I1         1.303909465    2.332716049    3.16255144     0.7116611797   0.7702057613   6.72037037     0.1894135802   0.1035032914   
457      I1         1.346409465    2.332716049    3.16255144     0.6871611797   0.7702057613   6.72037037     0.1969135802   0.09979791816  
458      I1         1.303909465    2.375216049    3.16255144     0.6871611797   0.7702057613   6.72037037     0.1969135802   0.09334298632  
459      I1         1.303909465    2.332716049    3.21255144     0.6871611797   0.7702057613   6.72037037     0.1969135802   0.09346963083  
460      I1         1.303909465    2.332716049    3.16255144     0.6871611797   0.7947057613   6.72037037     0.1969135802   0.09377805221  
461      I1         1.303909465    2.332716049    3.16255144     0.6871611797   0.7702057613   6.96787037     0.1969135802   0.09387237725  
462      I1         1.303909465    2.332716049    3.16255144     0.6871611797   0.7702057613   6.72037037     0.2044135802   0.1002468438   
463      I1         1.261409465    2.332716049    3.16255144     0.6871611797   0.7702057613   6.72037037     0.1969135802   0.09749470612  
464      I1         1.303909465    2.290216049    3.16255144     0.6871611797   0.7702057613   6.72037037     0.1969135802   0.09395505333  
465      I1         1.303909465    2.332716049    3.11255144     0.6871611797   0.7702057613   6.72037037     0.1969135802   0.09359123632  
466      I1         1.303909465    2.332716049    3.16255144     0.6626611797   0.7702057613   6.72037037     0.1969135802   0.09716528658  
467      I1         1.303909465    2.332716049    3.16255144     0.6871611797   0.7457057613   6.72037037     0.1969135802   0.09334085065  
468      I1         1.303909465    2.332716049    3.16255144     0.6871611797   0.7702057613   6.47287037     0.1969135802   0.09316436798  
469      I1         1.303909465    2.332716049    3.16255144     0.6871611797   0.7702057613   6.72037037     0.1894135802   0.09651860503  
470      I1         1.325159465    2.332716049    3.16255144     0.6871611797   0.7702057613   6.72037037     0.1969135802   0.0960852628   
471      I1         1.303909465    2.353966049    3.16255144     0.6871611797   0.7702057613   6.72037037     0.1969135802   0.09340539948  
472      I1         1.303909465    2.332716049    3.18755144     0.6871611797   0.7702057613   6.72037037     0.1969135802   0.09349632035  
473      I1         1.303909465    2.332716049    3.16255144     0.6994111797   0.7702057613   6.72037037     0.1969135802   0.09358360104  
474      I1         1.303909465    2.332716049    3.16255144     0.6871611797   0.7824557613   6.72037037     0.1969135802   0.09365391988  
475      I1         1.303909465    2.332716049    3.16255144     0.6871611797   0.7702057613   6.84412037     0.1969135802   0.09370286625  
476      I1         1.303909465    2.332716049    3.16255144     0.6871611797   0.7702057613   6.72037037     0.2006635802   0.09601704181  
477      I1         1.282659465    2.332716049    3.16255144     0.6871611797   0.7702057613   6.72037037     0.1969135802   0.09369812086  
478      I1         1.303909465    2.311466049    3.16255144     0.6871611797   0.7702057613   6.72037037     0.1969135802   0.09371543805  
479      I1         1.303909465    2.332716049    3.13755144     0.6871611797   0.7702057613   6.72037037     0.1969135802   0.09355735751  
480      I1         1.303909465    2.332716049    3.16255144     0.6749111797   0.7702057613   6.72037037     0.1969135802   0.09480724308  
481      I1         1.303909465    2.332716049    3.16255144     0.6871611797   0.7579557613   6.72037037     0.1969135802   0.09342343802  
482      I1         1.303909465    2.332716049    3.16255144     0.6871611797   0.7702057613   6.59662037     0.1969135802   0.09334526101  
483      I1         1.303909465    2.332716049    3.16255144     0.6871611797   0.7702057613   6.72037037     0.1931635802   0.09372549449  
484      I1         1.325159465    2.332716049    3.16255144     0.6871611797   0.7702057613   6.59662037     0.1969135802   0.09590388156  
485      I1         1.303909465    2.353966049    3.16255144     0.6871611797   0.7702057613   6.59662037     0.1969135802   0.0932249534   
486      I1         1.303909465    2.332716049    3.18755144     0.6871611797   0.7702057613   6.59662037     0.1969135802   0.09331607211  
487      I1         1.303909465    2.332716049    3.16255144     0.6994111797   0.7702057613   6.59662037     0.1969135802   0.09341018227  
488      I1         1.303909465    2.332716049    3.16255144     0.6871611797   0.7824557613   6.59662037     0.1969135802   0.09347480155  
489      I1         1.303909465    2.332716049    3.16255144     0.6871611797   0.7702057613   6.59662037     0.2006635802   0.09582932859  
490      I1         1.282659465    2.332716049    3.16255144     0.6871611797   0.7702057613   6.59662037     0.1969135802   0.09351375998  
491      I1         1.303909465    2.311466049    3.16255144     0.6871611797   0.7702057613   6.59662037     0.1969135802   0.09353789195  
492      I1         1.303909465    2.332716049    3.13755144     0.6871611797   0.7702057613   6.59662037     0.1969135802   0.0933770108   
493      I1         1.303909465    2.332716049    3.16255144     0.6749111797   0.7702057613   6.59662037     0.1969135802   0.09462562206  
494      I1         1.303909465    2.332716049    3.16255144     0.6871611797   0.7579557613   6.59662037     0.1969135802   0.09324348578  
495      I1         1.303909465    2.332716049    3.16255144     0.6871611797   0.7702057613   6.47287037     0.1969135802   0.09316436798  
496      I1         1.303909465    2.332716049    3.16255144     0.6871611797   0.7702057613   6.59662037     0.1931635802   0.09355949401  
497      I1         1.325159465    2.332716049    3.16255144     0.6871611797   0.7702057613   6.47287037     0.1969135802   0.09572141693  
498      I1         1.303909465    2.353966049    3.16255144     0.6871611797   0.7702057613   6.47287037     0.1969135802   0.09304333254  
499      I1         1.303909465    2.332716049    3.18755144     0.6871611797   0.7702057613   6.47287037     0.1969135802   0.09313518069  
500      I1         1.303909465    2.332716049    3.16255144     0.6994111797   0.7702057613   6.47287037     0.1969135802   0.09323606362  
501      I1         1.303909465    2.332716049    3.16255144     0.6871611797   0.7824557613   6.47287037     0.1969135802   0.09329353456  
502      I1         1.303909465    2.332716049    3.16255144     0.6871611797   0.7702057613   6.47287037     0.2006635802   0.09563990287  
503      I1         1.282659465    2.332716049    3.16255144     0.6871611797   0.7702057613   6.47287037     0.1969135802   0.09333726095  
504      I1         1.303909465    2.311466049    3.16255144     0.6871611797   0.7702057613   6.47287037     0.1969135802   0.09335906865  
505      I1         1.303909465    2.332716049    3.13755144     0.6871611797   0.7702057613   6.47287037     0.1969135802   0.09319606295  
506      I1         1.303909465    2.332716049    3.16255144     0.6749111797   0.7702057613   6.47287037     0.1969135802   0.09444321647  
507      I1         1.303909465    2.332716049    3.16255144     0.6871611797   0.7579557613   6.47287037     0.1969135802   0.09306250957  
508      I1         1.303909465    2.332716049    3.16255144     0.6871611797   0.7702057613   6.34912037     0.1969135802   0.09298452468  
509      I1         1.303909465    2.332716049    3.16255144     0.6871611797   0.7702057613   6.47287037     0.1931635802   0.0933944032   
510      I1         1.325159465    2.332716049    3.16255144     0.6871611797   0.7702057613   6.34912037     0.1969135802   0.09553915351  
511      I1         1.303909465    2.353966049    3.16255144     0.6871611797   0.7702057613   6.34912037     0.1969135802   0.09286260659  
512      I1         1.303909465    2.332716049    3.18755144     0.6871611797   0.7702057613   6.34912037     0.1969135802   0.09295532768  
513      I1         1.303909465    2.332716049    3.16255144     0.6994111797   0.7702057613   6.34912037     0.1969135802   0.09306342569  
514      I1         1.303909465    2.332716049    3.16255144     0.6871611797   0.7824557613   6.34912037     0.1969135802   0.09311378439  
515      I1         1.303909465    2.332716049    3.16255144     0.6871611797   0.7702057613   6.34912037     0.2006635802   0.09545097354  
516      I1         1.282659465    2.332716049    3.16255144     0.6871611797   0.7702057613   6.34912037     0.1969135802   0.09316356755  
517      I1         1.303909465    2.311466049    3.16255144     0.6871611797   0.7702057613   6.34912037     0.1969135802   0.09317924852  
518      I1         1.303909465    2.332716049    3.13755144     0.6871611797   0.7702057613   6.34912037     0.1969135802   0.09301616803  
519      I1         1.303909465    2.332716049    3.16255144     0.6749111797   0.7702057613   6.34912037     0.1969135802   0.09426302017  
520      I1         1.303909465    2.332716049    3.16255144     0.6871611797   0.7579557613   6.34912037     0.1969135802   0.09288249937  
521      I1         1.303909465    2.332716049    3.16255144     0.6871611797   0.7702057613   6.22537037     0.1969135802   0.0928035981   
522      I1         1.303909465    2.332716049    3.16255144     0.6871611797   0.7702057613   6.34912037     0.1931635802   0.09323124299  
523      I1         1.325159465    2.332716049    3.16255144     0.6871611797   0.7702057613   6.22537037     0.1969135802   0.09535630211  
524      I1         1.303909465    2.353966049    3.16255144     0.6871611797   0.7702057613   6.22537037     0.1969135802   0.0926807725   
525      I1         1.303909465    2.332716049    3.18755144     0.6871611797   0.7702057613   6.22537037     0.1969135802   0.09277442249  
526      I1         1.303909465    2.332716049    3.16255144     0.6994111797   0.7702057613   6.22537037     0.1969135802   0.09289037347  
527      I1         1.303909465    2.332716049    3.16255144     0.6871611797   0.7824557613   6.22537037     0.1969135802   0.09293304264  
528      I1         1.303909465    2.332716049    3.16255144     0.6871611797   0.7702057613   6.22537037     0.2006635802   0.09526014503  
529      I1         1.282659465    2.332716049    3.16255144     0.6871611797   0.7702057613   6.22537037     0.1969135802   0.09299096198  
530      I1         1.303909465    2.311466049    3.16255144     0.6871611797   0.7702057613   6.22537037     0.1969135802   0.09299911624  
531      I1         1.303909465    2.332716049    3.13755144     0.6871611797   0.7702057613   6.22537037     0.1969135802   0.09283522555  
532      I1         1.303909465    2.332716049    3.16255144     0.6749111797   0.7702057613   6.22537037     0.1969135802   0.09408174624  
533      I1         1.303909465    2.332716049    3.16255144     0.6871611797   0.7579557613   6.22537037     0.1969135802   0.09270133651  
534      I1         1.303909465    2.332716049    3.16255144     0.6871611797   0.7702057613   6.10162037     0.1969135802   0.09262190167  
535      I1         1.303909465    2.332716049    3.16255144     0.6871611797   0.7702057613   6.22537037     0.1931635802   0.09306831338  
536      I1         1.346409465    2.332716049    3.16255144     0.6871611797   0.7702057613   6.10162037     0.1969135802   0.09888455876  
537      I1         1.303909465    2.375216049    3.16255144     0.6871611797   0.7702057613   6.10162037     0.1969135802   0.09243335038  
538      I1         1.303909465    2.332716049    3.21255144     0.6871611797   0.7702057613   6.10162037     0.1969135802   0.092566129    
539      I1         1.303909465    2.332716049    3.16255144     0.7116611797   0.7702057613   6.10162037     0.1969135802   0.09382169705  
540      I1         1.303909465    2.332716049    3.16255144     0.6871611797   0.7947057613   6.10162037     0.1969135802   0.0928791799   
541      I1         1.303909465    2.332716049    3.16255144     0.6871611797   0.7702057613   6.34912037     0.1969135802   0.09298452468  
542      I1         1.303909465    2.332716049    3.16255144     0.6871611797   0.7702057613   6.10162037     0.2044135802   0.09928387918  
543      I1         1.261409465    2.332716049    3.16255144     0.6871611797   0.7702057613   6.10162037     0.1969135802   0.09661511784  
544      I1         1.303909465    2.290216049    3.16255144     0.6871611797   0.7702057613   6.10162037     0.1969135802   0.09306679003  
545      I1         1.303909465    2.332716049    3.11255144     0.6871611797   0.7702057613   6.10162037     0.1969135802   0.09268728682  
546      I1         1.303909465    2.332716049    3.16255144     0.6626611797   0.7702057613   6.10162037     0.1969135802   0.09627312573  
547      I1         1.303909465    2.332716049    3.16255144     0.6871611797   0.7457057613   6.10162037     0.1969135802   0.09243504484  
548      I1         1.303909465    2.332716049    3.16255144     0.6871611797   0.7702057613   5.85412037     0.1969135802   0.09226246411  
549      I1         1.303909465    2.332716049    3.16255144     0.6871611797   0.7702057613   6.10162037     0.1894135802   0.09578030695  
550      I1         1.325159465    2.332716049    3.16255144     0.6871611797   0.7702057613   6.10162037     0.1969135802   0.09517482345  
551      I1         1.303909465    2.353966049    3.16255144     0.6871611797   0.7702057613   6.10162037     0.1969135802   0.092498257    
552      I1         1.303909465    2.332716049    3.18755144     0.6871611797   0.7702057613   6.10162037     0.1969135802   0.09259273314  
553      I1         1.303909465    2.332716049    3.16255144     0.6994111797   0.7702057613   6.10162037     0.1969135802   0.09271738433  
554      I1         1.303909465    2.332716049    3.16255144     0.6871611797   0.7824557613   6.10162037     0.1969135802   0.09275142678  
555      I1         1.303909465    2.332716049    3.16255144     0.6871611797   0.7702057613   6.10162037     0.2006635802   0.09506741424  
556      I1         1.282659465    2.332716049    3.16255144     0.6871611797   0.7702057613   6.10162037     0.1969135802   0.09282064745  
557      I1         1.303909465    2.311466049    3.16255144     0.6871611797   0.7702057613   6.10162037     0.1969135802   0.092818242    
558      I1         1.303909465    2.332716049    3.13755144     0.6871611797   0.7702057613   6.10162037     0.1969135802   0.09265353612  
559      I1         1.303909465    2.332716049    3.16255144     0.6749111797   0.7702057613   6.10162037     0.1969135802   0.09389978758  
560      I1         1.303909465    2.332716049    3.16255144     0.6871611797   0.7579557613   6.10162037     0.1969135802   0.09251942143  
561      I1         1.303909465    2.332716049    3.16255144     0.6871611797   0.7702057613   5.97787037     0.1969135802   0.09244075716  
562      I1         1.303909465    2.332716049    3.16255144     0.6871611797   0.7702057613   6.10162037     0.1931635802   0.09290608636  
563      I1         1.325159465    2.332716049    3.16255144     0.6871611797   0.7702057613   5.97787037     0.1969135802   0.09499358461  
564      I1         1.303909465    2.353966049    3.16255144     0.6871611797   0.7702057613   5.97787037     0.1969135802   0.09231625733  
565      I1         1.303909465    2.332716049    3.18755144     0.6871611797   0.7702057613   5.97787037     0.1969135802   0.09241159754  
566      I1         1.303909465    2.332716049    3.16255144     0.6994111797   0.7702057613   5.97787037     0.1969135802   0.09254515612  
567      I1         1.303909465    2.332716049    3.16255144     0.6871611797   0.7824557613   5.97787037     0.1969135802   0.0925704986   
568      I1         1.303909465    2.332716049    3.16255144     0.6871611797   0.7702057613   5.97787037     0.2006635802   0.09487481074  
569      I1         1.282659465    2.332716049    3.16255144     0.6871611797   0.7702057613   5.97787037     0.1969135802   0.09264934755  
570      I1         1.303909465    2.311466049    3.16255144     0.6871611797   0.7702057613   5.97787037     0.1969135802   0.09263795685  
571      I1         1.303909465    2.332716049    3.13755144     0.6871611797   0.7702057613   5.97787037     0.1969135802   0.09247240247  
572      I1         1.303909465    2.332716049    3.16255144     0.6749111797   0.7702057613   5.97787037     0.1969135802   0.09371745279  
573      I1         1.303909465    2.332716049    3.16255144     0.6871611797   0.7579557613   5.97787037     0.1969135802   0.09233794861  
574      I1         1.303909465    2.332716049    3.16255144     0.6871611797   0.7702057613   5.85412037     0.1969135802   0.09226246411  
575      I1         1.303909465    2.332716049    3.16255144     0.6871611797   0.7702057613   5.97787037     0.1931635802   0.09274538067  
576      I1         1.325159465    2.332716049    3.16255144     0.6871611797   0.7702057613   5.85412037     0.1969135802   0.09481629277  
577      I1         1.303909465    2.353966049    3.16255144     0.6871611797   0.7702057613   5.85412037     0.1969135802   0.0921374087   
578      I1         1.303909465    2.332716049    3.18755144     0.6871611797   0.7702057613   5.85412037     0.1969135802   0.09223332438  
579      I1         1.303909465    2.332716049    3.16255144     0.6994111797   0.7702057613   5.85412037     0.1969135802   0.09237523809  
580      I1         1.303909465    2.332716049    3.16255144     0.6871611797   0.7824557613   5.85412037     0.1969135802   0.09239240427  
581      I1         1.303909465    2.332716049    3.16255144     0.6871611797   0.7702057613   5.85412037     0.2006635802   0.09468604959  
582      I1         1.282659465    2.332716049    3.16255144     0.6871611797   0.7702057613   5.85412037     0.1969135802   0.09248121296  
583      I1         1.303909465    2.311466049    3.16255144     0.6871611797   0.7702057613   5.85412037     0.1969135802   0.09246055356  
584      I1         1.303909465    2.332716049    3.13755144     0.6871611797   0.7702057613   5.85412037     0.1969135802   0.0922941059   
585      I1         1.303909465    2.332716049    3.16255144     0.6749111797   0.7702057613   5.85412037     0.1969135802   0.09353848624  
586      I1         1.303909465    2.332716049    3.16255144     0.6871611797   0.7579557613   5.85412037     0.1969135802   0.09215918864  
587      I1         1.303909465    2.332716049    3.16255144     0.6871611797   0.7702057613   5.73037037     0.1969135802   0.09208447493  
588      I1         1.303909465    2.332716049    3.16255144     0.6871611797   0.7702057613   5.85412037     0.1931635802   0.09258667535  
589      I1         1.325159465    2.332716049    3.16255144     0.6871611797   0.7702057613   5.73037037     0.1969135802   0.09463514003  
590      I1         1.303909465    2.353966049    3.16255144     0.6871611797   0.7702057613   5.73037037     0.1969135802   0.09196040494  
591      I1         1.303909465    2.332716049    3.18755144     0.6871611797   0.7702057613   5.73037037     0.1969135802   0.09205534927  
592      I1         1.303909465    2.332716049    3.16255144     0.6994111797   0.7702057613   5.73037037     0.1969135802   0.09220599091  
593      I1         1.303909465    2.332716049    3.16255144     0.6871611797   0.7824557613   5.73037037     0.1969135802   0.09221452497  
594      I1         1.303909465    2.332716049    3.16255144     0.6871611797   0.7702057613   5.73037037     0.2006635802   0.09449715925  
595      I1         1.282659465    2.332716049    3.16255144     0.6871611797   0.7702057613   5.73037037     0.1969135802   0.09231303938  
596      I1         1.303909465    2.311466049    3.16255144     0.6871611797   0.7702057613   5.73037037     0.1969135802   0.09228325552  
597      I1         1.303909465    2.332716049    3.13755144     0.6871611797   0.7702057613   5.73037037     0.1969135802   0.09211612005  
598      I1         1.303909465    2.332716049    3.16255144     0.6749111797   0.7702057613   5.73037037     0.1969135802   0.09336024184  
599      I1         1.303909465    2.332716049    3.16255144     0.6871611797   0.7579557613   5.73037037     0.1969135802   0.09198109503  
600      I1         1.303909465    2.332716049    3.16255144     0.6871611797   0.7702057613   5.60662037     0.1969135802   0.09190837251  
601      I1         1.303909465    2.332716049    3.16255144     0.6871611797   0.7702057613   5.73037037     0.1931635802   0.09242889517  
