%eval_id interface log__t_efold_soil log__t_efold_karst log__t_efold_deep f_exfiltration_soil f_exfiltration_karst PDD_melt_factor recession_b_soil neg_kge        
1        I1         1.930764125    3.06099713     4.565531202    0.8661838949   0.7468992355   2.596206367    4.88116534     0.6305265971   
2        I1         2.541418893    3.692617075    4.365308257    0.9711978667   0.2098740821   8.194513123    3.026092526    0.3186734653   
3        I1         1.054015108    3.421298897    3.515108736    0.08187029442  0.7724180491   4.846555464    2.206737413    1.051453305    
4        I1         2.382335925    3.895301185    4.493175617    0.8532681676   0.1985287257   6.59679333     4.039578543    0.3347280444   
5        I1         1.817992494    4.487912498    4.739937736    0.8179985224   0.4484366104   9.496401716    3.522559761    0.3883181008   
6        I1         1.219434217    4.35731709     4.953433392    0.9264071911   0.8255057529   6.266903658    2.866490234    0.7320393292   
7        I1         1.5563423      2.842019916    3.635914016    0.3419970723   0.812421547    4.126543821    4.421276697    0.6213216297   
8        I1         1.315844146    3.998650508    4.68562436     0.5112211774   0.05394717492  8.654259139    2.354003222    0.2221037069   
9        I1         1.51928575     3.468506529    3.53698483     0.7262102806   0.6908226698   9.929435802    2.835102862    0.4731568002   
10       I1         1.892182611    3.109110906    4.876129323    0.0903694521   0.8604976298   6.409110143    2.819335686    0.8110324243   
11       I1         1.966159008    4.281676341    4.424680728    0.2997027545   0.8500911906   9.36699869     3.866690096    0.7351529631   
12       I1         2.536356129    4.025314388    4.230772191    0.2626567102   0.7807575394   4.60317251     3.317220625    0.8073985126   
13       I1         1.726046435    3.720919852    4.758476302    0.1646286199   0.6631821369   7.407846489    1.566973466    0.8412131199   
14       I1         1.287468238    2.87970511     4.760692807    0.1752551528   0.5185026592   2.025216672    1.682645881    0.6782097717   
15       I1         1.535269781    3.263008308    4.331852453    0.333323562    0.9713532722   9.218734886    1.953929267    0.8520850916   
16       I1         1.340152146    3.921315166    4.549024377    0.1241161824   0.4105007558   0.803349096    1.948240709    0.8240882677   
17       I1         1.236901997    4.015786552    3.579251762    0.05814758281  0.9023741      7.952141837    3.063546476    1.078532226    
18       I1         2.188799289    3.028138083    4.970312518    0.3091048798   0.813832477    5.955674479    3.842025802    0.5038911358   
19       I1         2.34120002     3.073491358    4.676175399    0.8970061838   0.9142553178   7.516776562    2.782945478    0.2777846115   
20       I1         1.740563043    4.365189906    4.412908551    0.4583877322   0.2317561964   9.849586199    5.332028234    0.3538978407   
21       I1         1.93714383     3.801300663    3.723050679    0.7782062663   0.685109752    7.899259404    1.788622528    0.5416938336   
22       I1         1.355868765    2.722733063    4.257690755    0.5852573008   0.3509214385   4.529884387    2.322790036    0.5010725383   
23       I1         2.374256652    3.942832914    4.171686007    0.2011009297   0.7659888071   5.08417707     2.645719985    0.9009890029   
24       I1         2.49550917     3.866116323    3.711581441    0.01761344909  0.07391524674  4.124835472    3.541959506    1.152472206    
25       I1         1.480591073    3.488369412    3.736253997    0.7351553244   0.06031807634  5.581352577    3.916631677    0.6027684936   
26       I1         2.522802265    3.5294187      4.090689889    0.6478459703   0.3533398499   6.763594913    3.11542796     0.4751492549   
27       I1         1.792924469    2.676093945    3.62460696     0.8096779854   0.4780046208   8.415995466    3.268998632    0.4558683718   
28       I1         2.081827444    3.212217461    4.895590538    0.4085227492   0.8329797208   7.331916469    3.292661406    0.486601849    
29       I1         1.45797065     2.636536642    3.825885202    0.6010773471   0.2239289244   7.652579117    4.73244235     0.6234559161   
30       I1         2.383075573    2.907100784    3.811379213    0.5699990112   0.842247825    1.957400108    1.927126987    0.7067017168   
31       I1         2.120646476    3.916633348    3.561492696    0.8873828238   0.6796230876   2.999869278    3.31076174     0.3802690765   
32       I1         1.24206557     2.886667382    4.426272251    0.4895793974   0.7289337692   5.787673809    2.918157446    0.56973582     
33       I1         1.653795976    2.975463035    3.717056883    0.1423160262   0.7991067335   8.716605469    3.146911938    0.878138285    
34       I1         1.485629004    2.629395046    4.008842915    0.128473036    0.5846141512   8.370357904    3.19051677     0.87148442     
35       I1         2.608649771    2.833115262    4.504594779    0.5006140939   0.5694610568   4.063302564    2.747624232    0.5133341774   
36       I1         1.75919981     2.713150076    4.90382365     0.4844471541   0.1849948652   2.891081887    2.607174775    0.2566393482   
37       I1         2.570099175    3.937053065    3.747536637    0.1493129      0.5760678983   3.940408519    4.938599138    0.8809736254   
38       I1         1.871461564    2.824876514    3.69304384     0.4439054183   0.09677803858  0.5941868708   1.537803844    0.7769270789   
39       I1         2.359968719    3.49614958     4.79224147     0.3745234011   0.9190928976   7.868435783    4.312353556    0.5400638363   
40       I1         2.227668383    4.300621351    4.788927283    0.06244660579  0.4965381045   5.451772094    2.71580978     0.9086186344   
41       I1         1.944751552    3.696095569    4.182054792    0.8700867974   0.9325752491   2.183137175    2.03633714     0.5189818449   
42       I1         2.21752088     3.834027363    4.063307776    0.1569038732   0.1739787854   7.822289279    5.048276727    0.8109874191   
43       I1         2.568473146    3.330417623    4.734102797    0.4496035419   0.02848347457  8.62880349     3.175234303    0.4349340904   
44       I1         1.270248705    3.506979987    3.668891477    0.4156345467   0.07942275114  1.20806615     3.628149756    0.6413142907   
45       I1         1.147936518    3.929424073    4.103164617    0.2366521052   0.8223547415   9.174741589    4.806666646    0.8759791812   
46       I1         2.390483718    3.561123879    3.664875627    0.6923296241   0.6994658029   1.941395209    4.171200426    0.421016579    
47       I1         1.877159204    3.711987165    4.726614607    0.1339867501   0.5109124987   3.177402617    1.91411443     0.8154358622   
48       I1         1.531302643    3.960591709    4.470651024    0.7426416074   0.6360603293   3.831712223    4.278164568    0.5679706511   
49       I1         2.106987481    4.084743197    4.572368501    0.9169635703   0.6802152624   7.105306752    4.00895077     0.4925776346   
50       I1         1.975950592    3.020067921    3.781302474    0.1946010934   0.3997498947   3.465457878    4.925759704    0.8012486959   
51       I1         1.637441218    2.599698232    3.911383996    0.1603838599   0.182428131    1.683142635    2.940161838    0.8785891076   
52       I1         1.781726666    2.835703771    4.395200035    0.9844407052   0.5642428646   2.770534601    3.044377625    0.5762032464   
53       I1         1.631479492    4.238652031    4.707193604    0.2578996488   0.06917312631  4.956372551    1.760460971    0.6326312994   
54       I1         1.954082153    4.126800681    3.907005807    0.03232881701  0.8994223175   5.071982654    2.452374947    1.185199739    
55       I1         2.257081237    3.913315232    3.920320274    0.9243459712   0.9224487796   1.989780196    2.626883419    0.4389327528   
56       I1         1.6059263      2.971723814    4.63927886     0.7479293057   0.5233939486   2.34359497     1.967081045    0.3551907013   
57       I1         2.669316018    3.129712463    4.629560838    0.8351751549   0.1376139005   4.019669975    3.577514615    0.1762183998   
58       I1         2.164084269    3.878690569    4.042631231    0.588488354    0.3128979224   2.653942694    5.469052606    0.5135546301   
59       I1         2.322287052    3.25755696     4.164323104    0.5950280336   0.4302886432   4.365068302    4.950704397    0.4502844652   
60       I1         1.274491319    3.742420556    4.014958333    0.02682032949  0.6515158266   2.908796736    3.766093869    1.117510247    
61       I1         2.003370076    3.798781944    4.601083691    0.8162194583   0.607010724    5.318249909    5.538267229    0.591223655    
62       I1         2.499934239    3.76354968     4.998039006    0.7827888579   0.1890601572   9.526076387    5.714167053    0.610995106    
63       I1         1.321814661    2.778420887    3.879697913    0.7065912886   0.8820383405   3.614292698    2.855209459    0.6801548702   
64       I1         1.467501262    3.975416801    4.120116877    0.9358103204   0.3931840479   0.275446016    2.537072661    0.6471350399   
65       I1         2.152181115    3.901700714    4.52658787     0.7362907138   0.6290082472   0.3582731703   5.232421194    0.4975774771   
66       I1         1.010710877    2.617877276    4.176258382    0.9063060078   0.653742217    9.053510048    3.10248983     0.8568990924   
67       I1         2.167821931    3.984981332    3.657549695    0.06864317479  0.1214055083   1.113506027    2.065021141    1.06916028     
68       I1         1.419627759    2.940992295    3.830982122    0.05106478175  0.1065470813   2.212150905    1.828209244    1.094034345    
69       I1         1.996228928    2.646811393    4.929672909    0.2528676024   0.8969460614   8.935380853    4.763315067    0.5138106218   
70       I1         2.621550885    3.77796477     4.624231967    0.594645732    0.1201212604   7.03016898     3.384824075    0.23194688     
71       I1         2.047496987    3.748178647    3.618422724    0.2689075142   0.7228376675   7.064042437    2.657254476    0.8120047486   
72       I1         2.430353726    2.671844913    4.581079361    0.3297835083   0.08592714136  3.215896412    1.69985291     0.7306654739   
73       I1         1.209466336    3.633560877    4.432171739    0.7643935641   0.9077946181   9.719304767    4.604575241    0.7377192518   
74       I1         1.3501715      3.20244509     4.195461208    0.7000810092   0.8350015658   0.4383188587   4.334676722    0.7106824833   
75       I1         1.950014581    2.781749931    4.508984196    0.1350522446   0.2851235629   3.411606954    4.717781611    0.6605916101   
76       I1         1.09845222     3.677499404    3.728471479    0.3534372038   0.4543216541   2.858188311    5.166702172    0.6998374602   
77       I1         1.615453797    3.970689271    3.836470672    0.6177638289   0.4852475744   4.504271809    4.973799987    0.629893476    
78       I1         2.576269462    3.305604417    4.557856555    0.7300191398   0.3380955784   2.681876318    1.868672085    0.5409832291   
79       I1         2.345442561    2.814107756    4.479037366    0.6702249147   0.6568343862   9.301918015    3.00252421     0.3782562873   
80       I1         1.446126842    4.137371732    4.691908797    0.8802523054   0.2025505396   5.190489881    2.462944938    0.4803051973   
81       I1         1.58841181     3.949820751    4.749826419    0.8392264346   0.3475140804   1.813236371    2.128349933    0.3476812378   
82       I1         1.435738841    3.15712189     4.448286767    0.1205591682   0.2484786123   3.013930012    5.997130078    0.7052784174   
83       I1         1.569678216    2.933302108    4.324802023    0.8644663599   0.9527122088   7.717283805    3.494407373    0.6305783297   
84       I1         2.089904313    2.915427134    4.018088633    0.2810816412   0.836560833    6.01519677     3.417494791    0.7589333878   
85       I1         2.687353195    4.058214104    3.779618818    0.78766895     0.8689908005   6.52304944     5.143497276    0.4782427591   
86       I1         2.532347989    3.78829318     4.386013343    0.9795582233   0.7855111937   2.118319626    2.68446131     0.3338564121   
87       I1         2.52491466     3.163309721    3.700436094    0.2749906241   0.979447786    8.24717916     2.737515985    0.7792450853   
88       I1         2.39721588     3.581341495    4.380787771    0.1717771929   0.2935083771   2.715362389    2.088089969    0.8438493449   
89       I1         2.560860465    3.227980779    3.862530359    0.2934147745   0.2536875913   3.558779445    4.082003247    0.7170101474   
90       I1         2.082954783    2.980463531    4.613278452    0.2729217598   0.714725534    7.21046598     4.844182886    0.5401463435   
91       I1         1.028558637    3.172312953    4.498427653    0.2421199327   0.5895334026   0.3973248431   5.840795214    0.6020799611   
92       I1         2.438002296    4.279106544    4.48176922     0.6421091236   0.172586491    3.372111183    5.659914828    0.3030006046   
93       I1         2.026528753    3.535459893    4.653403629    0.5496203686   0.4123488404   5.870925088    1.832888245    0.4870164609   
94       I1         1.785592975    4.405322966    4.673708299    0.6318941159   0.3414620436   6.48335404     1.50291823     0.4322304399   
95       I1         2.192923017    4.155648467    4.775180653    0.3438077843   0.2087928288   0.3257977483   4.610990882    0.4402440524   
96       I1         2.264016217    4.263533686    3.554562642    0.1094647061   0.4387943063   0.241138325    1.71652321     1.077435749    
97       I1         1.013126128    3.28918967     4.375696499    0.4984778558   0.1289259313   9.65776003     1.742240301    0.4944783949   
98       I1         1.921021649    3.618028139    4.218159995    0.3203010297   0.739563675    5.939641469    5.913164483    0.6555990964   
99       I1         2.412625696    4.027521548    4.510456334    0.6396962211   0.9466801024   6.124559585    4.032552349    0.4306186219   
100      I1         1.752531105    3.091747092    4.634652322    0.5227558373   0.03002443055  9.391928479    5.21746046     0.3178282907   
101      I1         1.214426209    3.685852099    4.919765623    0.07736213041  0.3251547208   5.371052394    5.448446878    0.7840206269   
102      I1         2.015604476    3.825331428    3.630724622    0.465210757    0.356885533    5.308717337    5.503159953    0.5298882021   
103      I1         2.095449208    3.718143008    4.56279257     0.4342557839   0.5953864639   6.399624598    4.553267359    0.3937524161   
104      I1         2.631563387    3.435141085    4.453330652    0.7218329044   0.7516442785   3.506294406    5.592582359    0.4477317489   
105      I1         2.690996676    4.220899615    4.724465045    0.7994510876   0.3355639597   0.1383557627   4.302500748    0.3952161101   
106      I1         2.440831827    3.443673481    4.871629654    0.4563962076   0.2375262317   0.9747690129   4.748533382    0.302189897    
107      I1         1.886805977    4.390829881    3.584733611    0.5394486182   0.4473012554   7.283779674    3.361413801    0.4941276193   
108      I1         1.124056614    2.704478325    3.94033855     0.5540566055   0.5031211313   9.121403494    4.232727281    0.6947746683   
109      I1         2.611398778    3.101491135    4.519375785    0.4313628953   0.3871736439   7.789316642    3.590721666    0.4407650129   
110      I1         2.144278275    3.500850289    4.889923412    0.100521532    0.4931008605   3.347979457    2.929316904    0.7788397532   
111      I1         2.318362611    4.371217077    4.696387178    0.2674938073   0.8887746462   2.171727156    4.138377711    0.6994356573   
112      I1         1.841522265    3.307925728    4.949651502    0.3579996258   0.2751800928   8.095700615    2.050071966    0.4898030938   
113      I1         2.134442838    3.141666179    4.850708376    0.6578579263   0.2448017307   4.410688445    4.787034077    0.3239333755   
114      I1         1.61770235     3.222474213    4.354930306    0.4782339761   0.8014879318   3.661604156    2.708854727    0.6008363763   
115      I1         2.351440729    3.34712382     3.960204839    0.8583340564   0.9584592573   6.548255037    1.525658335    0.6861632323   
116      I1         1.017740675    4.320539252    4.803329782    0.5665403297   0.2576233267   2.571069128    3.949425044    0.3769132537   
117      I1         1.440934608    4.125273371    4.923080038    0.4631838113   0.4967438265   1.593846828    3.404267767    0.2690607663   
118      I1         1.411379407    3.857509225    3.950019121    0.08532162429  0.1685791455   1.393663158    5.021208465    0.9671082674   
119      I1         1.035159175    2.772620829    4.243564122    0.9805095429   0.5312512202   1.57776624     3.562023429    0.9819925627   
120      I1         1.395714096    3.379469036    4.287288904    0.2863724592   0.279182846    5.814931171    3.158409883    0.6009638362   
121      I1         1.553596247    3.594813514    4.977206201    0.507708016    0.3801969768   0.7424392947   2.887857835    0.2317092961   
122      I1         1.882398971    3.233603688    4.03340084     0.8608480364   0.03786302582  3.991173488    3.650966391    0.5497205626   
123      I1         2.0490471      4.105508484    3.988401344    0.7502022129   0.01958054421  6.953071345    4.266167299    0.4819741761   
124      I1         2.059382799    4.268194883    4.619123045    0.7909367982   0.7594634673   1.059934205    3.130616328    0.35991107     
125      I1         2.278140663    3.520394664    3.596579127    0.7134540686   0.9848527638   3.697353834    2.015238104    0.5130498641   
126      I1         1.185922271    4.468769744    4.825199887    0.6064637601   0.633732568    5.524604038    5.039104937    0.4924455471   
127      I1         1.073465582    3.137700111    4.984071993    0.6297198519   0.9622850424   1.779648702    3.537516944    0.5871112363   
128      I1         1.851278613    3.316462098    4.313651242    0.1681824529   0.2602711335   8.264963864    3.720806454    0.7337524723   
129      I1         2.58843912     2.718925771    4.247393474    0.5167904168   0.1597277525   9.773474863    5.18473893     0.3351635839   
130      I1         2.040856682    3.17860536     3.601796457    0.941346387    0.3331156004   6.104156355    5.650162769    0.8392028237   
131      I1         2.653548078    2.690692715    4.772412337    0.2257529178   0.06784710513  8.861973182    1.643375789    0.931076187    
132      I1         1.844801891    4.299857137    4.844439618    0.7740396554   0.4435392042   7.256774185    2.302548831    0.2237342902   
133      I1         1.06004142     3.370824246    4.552598493    0.4223373309   0.1479898162   3.585673627    1.617094651    0.3852438755   
134      I1         2.633004722    3.418420474    4.262113436    0.5316747404   0.871363053    7.187073331    4.474629078    0.517766357    
135      I1         2.648251375    3.705198187    4.360553838    0.9698528934   0.7282635288   3.745943433    5.119082503    0.5930563799   
136      I1         2.484835303    3.728736281    3.992601579    0.5249688643   0.465508111    1.040583558    2.564374013    0.6530307245   
137      I1         2.464753117    3.603153875    4.338268771    0.07083899011  0.3221937678   1.28832285     5.93164368     0.8573264454   
138      I1         2.300285292    4.000328189    4.75410312     0.1156888522   0.8435021733   8.296674237    2.182854727    0.9445517885   
139      I1         1.192144908    4.24155949     4.780744053    0.2089163743   0.3909964414   6.61131203     4.648949323    0.571467888    
140      I1         2.365250111    2.79992798     3.586580249    0.07903790755  0.5056121611   6.216627951    5.762548233    0.8723867053   
141      I1         1.644514978    2.561105748    4.059570044    0.9014394052   0.4023888976   9.273599008    4.11180363     0.6947954396   
142      I1         2.615915018    3.448328167    3.574449299    0.2605007178   0.5280954635   0.6846961195   2.39989208     0.8592132426   
143      I1         1.08303467     3.009794435    4.189859384    0.5146411477   0.9546232434   1.177112345    1.621920877    0.8761837627   
144      I1         1.724984263    4.092156454    3.926124137    0.768180211    0.5671904152   2.946877912    1.738973243    0.5862594614   
145      I1         2.128226823    3.953829189    3.796296287    0.3513967573   0.0890321183   7.465637508    5.907327901    0.6112826609   
146      I1         2.328908169    2.937303238    3.82420574     0.06021600091  0.4874712745   3.161734854    2.624755036    1.014638039    
147      I1         1.130114072    4.493602656    4.290803523    0.4257638904   0.7171644045   8.449250233    3.42605922     0.6800753498   
148      I1         2.581864559    4.457955617    3.818967023    0.2137834302   0.4326145925   3.665753972    5.518346943    0.7866422241   
149      I1         2.656310536    4.485577177    3.763401858    0.8287151901   0.7113755041   9.807148281    4.002796706    0.3703952172   
150      I1         1.168907969    4.291688321    3.751223135    0.9125552918   0.3632845532   5.220264853    3.976636367    0.8380729145   
151      I1         2.179476688    4.144689943    4.489426441    0.4476728921   0.537096675    0.5155318816   3.057735301    0.4981144894   
152      I1         2.259430362    2.641480856    4.665197178    0.8487916483   0.4707808031   4.310346469    3.437477418    0.2845559747   
153      I1         1.428718011    3.882876357    3.804527258    0.1985720714   0.757544596    9.548449799    5.389096088    0.8849920923   
154      I1         2.174533859    2.606103003    3.568370574    0.2944660222   0.320086903    7.534625544    5.268100313    0.6437242607   
155      I1         1.374139832    4.453329428    4.329993795    0.7968582963   0.3985872561   4.331382158    5.421167017    0.717934399    
156      I1         1.548020555    2.699058015    4.070673926    0.3240121076   0.7449829453   8.49266892     4.992907678    0.6818950627   
157      I1         1.472482956    2.74267134     4.578774884    0.9308505921   0.6396143959   9.442576294    4.633162498    0.8090709158   
158      I1         1.38476364     2.592265989    4.394082176    0.7156196559   0.1790726062   7.978424054    2.148299056    0.4105552132   
159      I1         1.293718556    4.315529596    4.439258158    0.6853682706   0.04071712417  7.772486148    4.445850672    0.4815200096   
160      I1         1.66579508     3.043160622    4.644001528    0.282446083    0.827400762    2.389447736    3.802855093    0.5938152309   
161      I1         1.248941289    4.036478649    4.53924672     0.1397966434   0.7898699603   8.818446818    5.871506125    0.8582877652   
162      I1         1.143318514    3.115081163    4.960211141    0.4961993767   0.06335144982  8.893932136    4.540841562    0.4900719133   
163      I1         1.801323509    3.120052013    4.704250596    0.4393065005   0.09428000369  0.6281363281   4.076656315    0.3190616342   
164      I1         2.557817526    3.620247636    3.849085841    0.8130420474   0.3027026087   6.165109595    4.659102621    0.459437086    
165      I1         2.422002096    4.189910169    3.893108868    0.7558619954   0.4692989556   6.983470842    1.882106942    0.6288603574   
166      I1         1.372990647    3.05196134     3.533485608    0.1586357021   0.191096213    9.767570232    1.582923175    1.018387939    
167      I1         1.648138288    2.526087611    4.683484523    0.2212320219   0.7841465648   8.050056009    2.434377225    0.6412675053   
168      I1         1.807474017    2.572877885    4.808364715    0.4751500174   0.1013074441   0.4714102173   3.088523885    0.3428123782   
169      I1         1.693121143    3.480112307    3.917340438    0.4033144509   0.6961344583   0.701920532    2.482941024    0.7412722944   
170      I1         1.309835618    3.64820331     4.235789382    0.2053694139   0.5735897937   3.783799195    5.81559827     0.7415915547   
171      I1         2.408819711    3.46101426     3.841652917    0.5440634302   0.6483402606   5.774861325    4.159571122    0.5246993665   
172      I1         1.326381695    3.84290054     4.813945162    0.4094759667   0.5475262182   4.286154237    5.605366147    0.3501381033   
173      I1         2.336678545    2.662490803    4.001078749    0.307045893    0.3850713039   3.302655049    2.137824677    0.8048803518   
174      I1         1.329635181    3.381479204    4.269759336    0.4686115266   0.8469582789   3.486612735    2.698976337    0.6839927664   
175      I1         1.499907384    3.589662688    4.087229769    0.5353698492   0.2999623596   5.484717207    2.764231456    0.5426504285   
176      I1         1.221286098    3.240139305    4.021335936    0.9485655461   0.4067010932   0.2008739061   2.260038748    0.7582514981   
177      I1         1.705887567    3.295103189    4.408522879    0.8847277457   0.6889461185   1.323055332    4.868591802    0.7358512744   
178      I1         1.905255055    2.549476557    3.731005974    0.02456168552  0.1250539843   4.727184153    4.496785484    1.068417048    
179      I1         2.592783879    4.334131983    3.806135625    0.1911231965   0.2176088771   5.133200276    4.66716185     0.8234736894   
180      I1         1.105703563    3.281416285    4.79764427     0.09506460568  0.5565208168   9.035347113    5.619102955    0.7265901853   
181      I1         1.6989671      3.544451785    4.373791143    0.5617577824   0.3617422335   4.78116836     3.937909869    0.3811849373   
182      I1         1.769000019    4.112137624    4.646074974    0.01128075689  0.8857831008   8.13962312     5.635243376    1.103258568    
183      I1         1.687080142    3.55773209     3.590844564    0.8055794563   0.2682707875   9.082364385    5.316739113    0.6423273498   
184      I1         2.451218561    2.540429602    4.838226788    0.668142229    0.8629435835   2.35856479     1.67575642     0.5952541041   
185      I1         2.471193562    3.575342183    4.541078206    0.3140481537   0.5611679837   5.736727176    2.401005741    0.7014736473   
186      I1         2.231535246    3.772903279    4.741142893    0.2099069187   0.6208331469   1.63161365     2.2948897      0.7603739833   
187      I1         1.23030736     2.954449181    3.857231003    0.5035474146   0.5424318474   8.334224322    3.903865097    0.6735715091   
188      I1         1.487877155    3.829369201    4.906027345    0.1033801179   0.4617170534   4.058018758    4.784277666    0.7298275988   
189      I1         2.601462023    3.182520664    4.22693424     0.152770079    0.1505513559   3.042521913    5.404613931    0.7349251746   
190      I1         1.278399449    3.356414946    3.885985635    0.5763089343   0.1177522271   1.149210547    5.375664336    0.6530826365   
191      I1         1.578950539    4.202669299    4.13313467     0.5788593947   0.03575032858  6.766951214    4.053238178    0.4344247567   
192      I1         1.179220201    2.658902       3.901736743    0.9197970148   0.949165208    5.877084206    5.981809018    0.9751655545   
193      I1         1.251983061    2.574738898    3.645172422    0.6160442773   0.02603853883  6.001678038    4.430016291    0.6258117909   
194      I1         2.218732135    3.403105877    4.656688424    0.4149177055   0.7373991272   5.567548951    5.247326643    0.4053879198   
195      I1         2.515934321    4.463382181    3.854733149    0.9664733799   0.6270359666   2.073431759    2.966942612    0.3626455887   
196      I1         2.001021493    4.097849565    4.719299654    0.1060554789   0.4242836668   8.799554718    2.202652511    0.8475121132   
197      I1         1.566175135    4.444794709    3.678082803    0.179527658    0.2644768829   2.271706462    3.226932053    0.8921871087   
198      I1         2.250696324    2.58569609     4.111068327    0.6520493137   0.1117894441   4.715888998    3.686402212    0.3874774556   
199      I1         1.912023774    2.751589613    4.415990643    0.4528106755   0.01337837752  6.710055755    5.283709154    0.2737204077   
200      I1         1.048550442    3.888847421    3.696139804    0.2482968935   0.8537564426   1.276621057    5.000954441    0.8244237418   
201      I1         1.117570384    4.382441872    4.137498926    0.7522225039   0.2156810159   5.275197541    4.684110638    0.7224648196   
202      I1         1.731569625    4.009210003    4.105097614    0.3136359659   0.15576903     8.538878684    3.713342104    0.6225636306   
203      I1         1.448248883    4.409835728    4.065139219    0.4191608878   0.07719894133  1.010521473    4.205841209    0.491942537    
204      I1         1.608026369    3.325932068    4.992183092    0.3334357705   0.9170078746   8.435700196    2.578834143    0.6404427722   
205      I1         1.094910471    2.857393439    4.356626615    0.1861942359   0.10346091     1.544169539    5.112571019    0.6140664386   
206      I1         1.900518864    3.00061826     3.670207533    0.4727462276   0.5982216018   2.089410644    4.824918021    0.5402520527   
207      I1         2.401964074    4.076230638    4.297313474    0.04404286758  0.2052308283   8.703049179    5.364818061    0.9350083644   
208      I1         1.090234516    4.329415751    4.712640556    0.5475402506   0.05124040972  6.634035164    2.974448342    0.2863349769   
209      I1         1.130485142    2.512574508    3.971744774    0.6022610977   0.4360470655   0.8712048423   3.973540063    0.6941024778   
210      I1         1.388119901    3.643957664    4.155020637    0.05397155562  0.2877460165   9.199591692    1.780331469    1.014563165    
211      I1         1.201486251    2.554657491    4.097722728    0.3820957175   0.6156617733   2.837997409    3.602725835    0.655280394    
212      I1         1.980854117    2.623863145    4.319924556    0.3637232882   0.509737054    0.5511667692   2.593861231    0.600944477    
213      I1         2.207471669    2.534835404    3.931671953    0.9315443773   0.8928641198   9.583711601    2.999891462    0.456139294    
214      I1         2.198235502    3.80899276     4.893438814    0.6558531331   0.603556501    3.876418288    3.81835422     0.1977865597   
215      I1         1.173719663    4.17400561     4.281611945    0.6112363957   0.2340491312   5.436145523    1.991011942    0.5136038175   
216      I1         2.662053355    3.038498826    4.343583492    0.7599331456   0.3787398946   7.15887715     2.514779428    0.4535254139   
217      I1         1.40748976     4.051475994    3.640499372    0.7102397642   0.7193760053   6.850141074    5.443402785    0.6721487659   
218      I1         1.776181637    3.607466472    4.860737851    0.8399888113   0.3148766168   1.458145766    3.478669227    0.5267179449   
219      I1         1.160359321    2.94971948     4.193051593    0.03599679946  0.7761797963   0.6063780837   5.721000043    0.9644589534   
220      I1         1.495748023    2.50588423     3.680934571    0.6948103972   0.8833437898   6.315550258    3.332290459    0.5615037724   
221      I1         1.831380639    4.217247809    4.083939245    0.8261550649   0.5517586627   6.827758737    4.577887398    0.638766939    
222      I1         1.336394339    2.992132212    3.613410887    0.4832078674   0.9267890524   4.934930773    2.792435492    0.6138272394   
223      I1         1.506686259    3.818600949    4.532068558    0.07396129374  0.7934731076   7.027733153    3.89851397     0.9395543071   
224      I1         1.076284249    4.340006431    4.595898833    0.6968460319   0.622309483    7.310678901    5.578770357    0.6536536759   
225      I1         2.010439953    3.783744893    3.967477215    0.7246198575   0.6425564559   5.162715657    4.708410894    0.599817978    
226      I1         1.460345995    2.731863508    3.959565825    0.5837991308   0.5788924596   2.534502614    5.086807505    0.6619153187   
227      I1         2.274434238    3.517767781    4.858524663    0.5377850523   0.807958624    9.006293536    1.66338623     0.6506412578   
228      I1         1.36095806     3.338107622    4.22092029     0.9614109575   0.459415704    5.618450393    5.559359306    0.9664387404   
229      I1         1.682175143    4.309644018    4.305896388    0.9105767505   0.7618330616   7.990311883    5.743243328    0.8162998463   
230      I1         2.458476031    3.278168673    4.817131835    0.0138220575   0.9751072237   7.623043751    4.103451011    0.9520915556   
231      I1         2.511396034    4.434247581    3.605836802    0.3991976672   0.9883526835   2.631645173    4.9169376      0.5654786155   
232      I1         2.698319731    2.517951387    4.934792499    0.7047729654   0.220584488    4.801508251    5.34965202     0.3962132294   
233      I1         2.061125029    2.99803649     4.588538233    0.7660642874   0.6635464248   1.905774743    2.49616516     0.3324705069   
234      I1         2.475966423    4.150026687    3.89962961     0.6817590328   0.9087467498   4.884283603    5.947796878    0.6030934226   
235      I1         1.572472806    4.476620445    4.466576706    0.6350235686   0.9310201391   2.456995337    3.693990554    0.5793965969   
236      I1         1.662142075    4.162871325    4.402770533    0.3857637516   0.2666295428   8.569121207    3.737406146    0.4285667566   
237      I1         1.969443469    3.990657858    4.143210819    0.02088740981  0.9372722994   1.740474131    2.826731813    1.195692007    
238      I1         1.988003539    4.375989962    4.459031247    0.3374150785   0.2417438303   2.777260348    3.459651371    0.4724764263   
239      I1         2.122242053    2.867785047    4.272725886    0.6465402684   0.1952555708   0.1095228706   4.511964668    0.4248987025   
240      I1         1.399648779    4.061261418    3.872017079    0.2887668062   0.9830281785   1.502057478    5.861856846    0.808898416    
241      I1         1.746500615    3.398219087    4.052199615    0.9752273023   0.3294683232   4.563016676    3.213180064    0.6298929381   
242      I1         2.550647614    2.528528489    3.980459772    0.6251937004   0.367962828    1.857627286    4.216862961    0.4457283755   
243      I1         2.50468192     3.549620411    4.278421151    0.5279734897   0.8581902132   4.247479126    1.847751304    0.7831907971   
244      I1         1.257062834    3.214191618    4.168677946    0.6742736568   0.3073840553   6.175578454    2.237757076    0.5802530247   
245      I1         2.292116285    4.212617102    4.965629526    0.9033250825   0.1446908839   4.217818408    3.791701667    0.516115689    
246      I1         1.862721522    3.754640545    3.689700947    0.03961106068  0.5329572475   7.427576021    2.355854873    1.11764405     
247      I1         1.712847891    3.250364477    4.941455263    0.6890713407   0.4827215116   2.28079469     4.572013364    0.4184068592   
248      I1         1.15525955     4.068421291    4.047417947    0.3961759723   0.7054546704   3.090635965    3.630755652    0.7338440209   
249      I1         1.593689946    3.409211214    3.50148044     0.3027917464   0.8759965862   7.662693208    3.204377504    0.6953761287   
250      I1         1.511466075    4.257561411    3.528708839    0.8742615238   0.04916239375  1.696533584    2.421892063    0.478698221    
251      I1         1.674412891    2.761778064    3.99823988     0.8202279181   0.6953665752   6.903781316    5.262979228    0.7389665342   
252      I1         1.957981942    2.607015022    4.847843384    0.9534866534   0.6720925495   1.231381987    5.747620302    1.033231094    
253      I1         2.289566797    2.865786394    3.94820331     0.5748104646   0.6674393617   6.043796498    2.328993377    0.6437415423   
254      I1         2.238629173    4.426915869    4.661036285    0.5638427568   0.05784624219  9.990094479    1.601842645    0.5114628971   
255      I1         2.205239601    4.229627726    3.547597908    0.1134234945   0.7707287291   1.373626406    3.279324087    0.9509805641   
256      I1         2.035763744    3.084028095    3.513992575    0.8439753187   0.8178788364   8.751343945    3.83017704     0.4151493426   
257      I1         1.597171496    3.568702518    4.880159369    0.6238800601   0.2956648772   4.894030408    5.800193836    0.4662446315   
258      I1         1.262511647    4.416630332    3.508148012    0.9569122946   0.4161493205   0.8342739093   4.520370033    1.149297792    
259      I1         1.108544849    3.147787021    4.210760386    0.2398713653   0.1081480773   8.584118857    1.812210054    0.7501165504   
260      I1         1.300299416    2.812355381    3.78889101     0.127562032    0.5220185425   1.447753494    5.152151866    0.883061602    
261      I1         2.283172998    4.251213937    4.833557562    0.3205776368   0.7502055389   3.812652926    2.113455682    0.727606433    
262      I1         1.812249205    2.792870019    4.520355411    0.6646589952   0.5429176497   5.682692331    5.299916979    0.4664341828   
263      I1         2.242088596    2.898175949    4.146921329    0.7390744977   0.2819903394   7.375963574    4.246766343    0.4428525263   
264      I1         2.448286095    3.192119739    4.038351405    0.2175845276   0.6084285145   0.9572361427   4.196678741    0.7793620255   
265      I1         2.146335508    4.169463359    3.869249226    0.04631572826  0.2717204916   9.893005244    2.002458254    1.097708366    
266      I1         2.104016156    4.423873866    3.791413702    0.876164382    0.136307493    8.08061807     5.689090775    0.6683577676   
267      I1         2.115755904    4.349751855    3.743459489    0.9462985109   0.4526974088   0.7839750314   3.875828651    0.5962635606   
268      I1         2.637686949    3.661522358    3.629091159    0.7772854328   0.08285317218  0.1747179927   3.250365594    0.3639444915   
269      I1         1.83489634     3.671081187    4.46315077     0.3947952275   0.5544699285   0.3695975357   4.35006374     0.4749874775   
270      I1         1.523985933    4.114596837    4.955519155    0.368880236    0.7943040718   6.296109337    2.226637103    0.6111997216   
271      I1         1.715064302    3.361637589    3.756404799    0.7860742005   0.5132588444   4.630881637    2.905515093    0.5156628757   
272      I1         1.624184373    2.684915637    4.868518716    0.8012678524   0.9684807231   7.751662791    4.846820409    0.5896183676   
273      I1         1.044349805    3.659819566    4.591197194    0.1448942896   0.1659209448   3.105402687    4.377266686    0.6664688789   
274      I1         1.302137338    2.758630195    4.128173892    0.8944457742   0.964709477    4.675868525    5.785940181    0.9215594358   
275      I1         2.370202853    2.805831257    4.823310104    0.1822568941   0.3700228634   4.45813412     4.903760588    0.5526339133   
276      I1         1.925710618    3.735074175    3.880135308    0.3617429562   0.4753711493   9.688580275    1.900812999    0.8319292625   
277      I1         1.673829551    3.6313376      3.521473891    0.3768789556   0.1311815475   7.585434032    2.271185874    0.7247245413   
278      I1         1.067752423    3.3880327      4.30351576     0.9378834073   0.941542642    3.289680331    2.526287745    0.8332022743   
279      I1         1.023708873    3.014512467    4.609254842    0.2506824008   0.02016356509  3.251303546    5.478121336    0.4986712995   
280      I1         2.314376697    2.900110274    4.028535478    0.3908718751   0.6746964876   3.91128993     5.962709885    0.5790579504   
281      I1         1.916061424    4.19975252     4.119314366    0.6090147236   0.2464161253   9.33223508     5.680469787    0.5257023687   
282      I1         2.024356168    3.196216434    4.254639916    0.8314936832   0.01152641849  8.960502068    3.352474626    0.393698948    
283      I1         1.136047534    3.478475825    4.207326122    0.8888690782   0.3045696348   5.656863288    4.405105164    0.8457963206   
284      I1         1.005267824    3.851414134    3.772429689    0.989453186    0.1413102393   6.352420219    1.547674479    0.8998224743   
285      I1         1.826024947    2.88572284     4.988116002    0.3703465277   0.5857182627   2.418285222    5.892180884    0.2553815936   
286      I1         2.308771412    2.92345399     4.442445636    0.09380691351  0.3434151444   5.385674145    2.164128346    0.877107401    
287      I1         2.159552999    3.269857454    3.976192295    0.8496504772   0.2271843178   5.044471134    2.070825875    0.4919195376   
288      I1         2.065941496    2.963948278    3.766092763    0.5574533339   0.04468927487  4.447244152    5.820486019    0.5405633063   
289      I1         1.54149263     4.040173285    4.204704216    0.4360845678   0.7065786773   6.440097854    5.52088945     0.6249512901   
290      I1         2.483188645    3.430215775    3.708914537    0.03765811168  0.4200881004   1.845591962    5.068685212    1.038283515    
291      I1         2.073481817    3.454900871    4.34905553     0.2228202545   0.5927817656   4.999514334    3.757490202    0.7138376768   
292      I1         2.42488636     3.344407996    3.652058014    0.3832702037   0.1628758786   9.604909417    5.079261189    0.5915712456   
293      I1         2.679905971    2.737313426    4.153210517    0.676848485    0.6438213597   9.935364316    4.388397846    0.4324997838   
294      I1         1.762583374    3.059449679    4.93669399     0.2294786622   0.7329755853   6.895136135    4.153119366    0.5531782255   
295      I1         1.197608997    3.871192114    3.557321009    0.3476104215   0.8745567966   4.166339747    3.498440506    0.7026409147   
296      I1         1.798367723    4.185120593    4.768351405    0.6602045533   0.3741075441   6.688892982    4.346777108    0.3068207813   
297      I1         1.419191177    4.395976659    4.911750047    0.1869733362   0.9379771955   0.9222992184   2.382931918    0.8848335006   
298      I1         2.673053607    2.852555263    3.938568019    0.4929807404   0.4273640679   2.505893795    3.673426013    0.5557483871   
299      I1         1.367787761    3.099470384    4.07951693     0.9575132077   0.805928482    9.435916875    5.191539007    0.9274852903   
300      I1         1.860758497    3.073276905    3.541364796    0.2345873294   0.6121861275   8.158161341    4.466634001    0.7269819276   
301      I1         2.698834019    2.504115226    4.891975309    0.8065020576   0.01201646091  8.838888889    2.990740741    0.2357739435   
302      I1         2.696502058    4.495884774    4.570987654    0.5524279835   0.01067215364  6.353703704    5.009259259    0.2010101078   
303      I1         2.052880658    4.495884774    4.998971193    0.6572839506   0.3346502058   6.475925926    3.009259259    0.1333457997   
304      I1         2.696502058    3.83744856     4.725308642    0.4677366255   0.1209053498   7.087037037    5.99691358     0.2896522294   
305      I1         1.912962963    4.495884774    4.836419753    0.6250205761   0.01201646091  6.67962963     3.00308642     0.2472575618   
306      I1         1.318312757    2.504115226    4.998971193    0.5927572016   0.1451028807   7.25           2.009259259    0.2097085553   
307      I1         2.696502058    2.504115226    4.527777778    0.5537722908   0.01201646091  4.112962963    5.009259259    0.1635204143   
308      I1         2.698834019    2.504115226    4.74382716     0.5524279835   0.3144855967   6.67962963     5.009259259    0.1382182889   
309      I1         2.696502058    2.504115226    4.947530864    0.5537722908   0.3346502058   6.67962963     4.509259259    0.1768752262   
310      I1         2.507613169    2.501371742    4.774691358    0.4879012346   0.3346502058   5.661111111    5.490740741    0.1698986416   
311      I1         1.017489712    2.501371742    4.922839506    0.4637037037   0.116872428    4.764814815    2.268518519    0.2378686508   
312      I1         2.129835391    2.520576132    4.99691358     0.6613168724   0.335994513    7.087037037    3.009259259    0.1384640322   
313      I1         2.129835391    2.718106996    4.99691358     0.6613168724   0.335994513    9.653703704    3.009259259    0.1502672097   
314      I1         1.843004115    2.504115226    4.99691358     0.6088888889   0.335994513    7.82037037     3.009259259    0.1390458761   
315      I1         1.877983539    2.501371742    4.725308642    0.4395061728   0.1934979424   0.1203703704   5.990740741    0.3851986244   
316      I1         2.696502058    4.495884774    4.836419753    0.5537722908   0.3346502058   8.92037037     5.009259259    0.1802823924   
317      I1         2.129835391    4.495884774    4.99691358     0.6613168724   0.335994513    7.82037037     3.009259259    0.1440445618   
318      I1         2.255761317    4.495884774    4.99691358     0.4758024691   0.335994513    7.087037037    5.490740741    0.2529455673   
319      I1         1.947942387    4.281893004    4.99691358     0.6250205761   0.335994513    6.109259259    3.009259259    0.1346588309   
320      I1         1.759053498    2.504115226    4.75617284     0.5967901235   0.1209053498   9.97962963     3.00308642     0.1690606183   
321      I1         1.374279835    2.504115226    4.737654321    0.5403292181   0.01067215364  7.77962963     2.342592593    0.2139045154   
322      I1         2.129835391    4.495884774    4.99691358     0.5524279835   0.335994513    4.235185185    4.009259259    0.1673947563   
323      I1         2.01090535     2.504115226    4.922839506    0.6532510288   0.335994513    7.77962963     3.009259259    0.130951927    
324      I1         2.101851852    2.504115226    4.885802469    0.6250205761   0.335994513    7.290740741    3.231481481    0.1255679037   
325      I1         2.132167353    2.504115226    4.867283951    0.6250205761   0.3346502058   8.92037037     3.509259259    0.1316877343   
326      I1         2.129835391    2.501371742    4.848765432    0.5161316872   0.3346502058   6.72037037     4.342592593    0.152966349    
327      I1         2.696502058    2.501371742    4.762345679    0.5443621399   0.3346502058   9.97962963     5.324074074    0.1675159638   
328      I1         2.698834019    2.504115226    4.601851852    0.6250205761   0.116872428    6.842592593    4.509259259    0.1236804104   
329      I1         2.132167353    4.495884774    4.712962963    0.5403292181   0.1894650206   6.72037037     4.175925926    0.1776542769   
330      I1         1.185390947    2.501371742    4.891975309    0.5524279835   0.266090535    9.97962963     2.324074074    0.2200649249   
331      I1         1.940946502    2.504115226    4.762345679    0.5537722908   0.2257613169   6.761111111    3.509259259    0.1449769552   
332      I1         2.129835391    2.504115226    4.998971193    0.5120987654   0.5524279835   2.27962963     4.490740741    0.158582476    
333      I1         1.940946502    2.504115226    4.99691358     0.5537722908   0.4435390947   3.37962963     3.509259259    0.1235411571   
334      I1         2.696502058    2.504115226    4.998971193    0.4596707819   0.6572839506   3.37962963     5.990740741    0.1635340242   
335      I1         2.696502058    2.504115226    4.998971193    0.5201646091   0.6613168724   0.1203703704   5.990740741    0.321175548    
336      I1         2.325720165    2.501371742    4.891975309    0.5766255144   0.4475720165   3.37962963     3.842592593    0.1184466682   
337      I1         2.129835391    2.501371742    4.966049383    0.5927572016   0.4838683128   3.37962963     3.490740741    0.11935631     
338      I1         2.129835391    2.501371742    4.99691358     0.5524279835   0.4879012346   1.17962963     3.675925926    0.1722129476   
339      I1         1.563168724    2.501371742    4.916666667    0.5524279835   0.3991769547   3.37962963     3.009259259    0.1520022294   
340      I1         2.129835391    2.504115226    4.885802469    0.5524279835   0.4314403292   3.393209877    3.75           0.1256853806   
341      I1         2.698834019    2.504115226    4.706790123    0.649218107    0.266090535    5.009259259    4.083333333    0.1041818943   
342      I1         2.698834019    2.504115226    4.669753086    0.6572839506   0.1209053498   3.37962963     3.935185185    0.124376064    
343      I1         2.507613169    2.501371742    4.774691358    0.6250205761   0.3346502058   5.57962963     3.972222222    0.1075298019   
344      I1         2.696502058    2.501371742    4.675925926    0.6250205761   0.266090535    4.846296296    4.231481481    0.1091773839   
345      I1         2.696502058    2.504115226    4.83436214     0.6613168724   0.3346502058   4.47962963     3.805555556    0.1168196197   
346      I1         2.507613169    2.501371742    4.780864198    0.6411522634   0.2781893004   5.212962963    3.805555556    0.1105013671   
347      I1         2.696502058    4.495884774    4.836419753    0.6411522634   0.3225514403   3.393209877    3.824074074    0.138390389    
348      I1         2.507613169    3.16255144     4.836419753    0.6451851852   0.335994513    5.498148148    3.805555556    0.1105889988   
349      I1         2.698834019    2.948559671    4.725308642    0.6613168724   0.266090535    5.57962963     4.046296296    0.105613397    
350      I1         2.698834019    2.504115226    4.583333333    0.6613168724   0.02008230453  5.335185185    4.083333333    0.1132144059   
351      I1         2.444650206    2.504115226    4.601851852    0.5524279835   0.01067215364  5.416666667    4.212962963    0.1776961194   
352      I1         1.003497942    2.504115226    4.998971193    0.3870781893   0.3346502058   3.42037037     3.712962963    0.2181827851   
353      I1         1.192386831    2.504115226    4.667695473    0.4435390947   0.01201646091  4.52037037     3.87962963     0.2867844226   
354      I1         2.633539095    4.495884774    4.998971193    0.6613168724   0.2257613169   3.37962963     3.287037037    0.2298140235   
355      I1         2.577572016    2.504115226    4.998971193    0.4717695473   0.6613168724   9.287037037    5.990740741    0.1978498731   
356      I1         2.696502058    4.495884774    4.663580247    0.5537722908   0.3346502058   4.47962963     5.009259259    0.1621352669   
357      I1         1.563168724    2.504115226    4.998971193    0.4112757202   0.5524279835   9.97962963     5.990740741    0.2605695319   
358      I1         1.003497942    2.504115226    4.998971193    0.4677366255   0.5524279835   9.97962963     3.990740741    0.320808887    
359      I1         1.003497942    2.504115226    4.998971193    0.2781893004   0.116872428    9.97962963     3.009259259    0.5221972277   
360      I1         1.563168724    2.504115226    4.774691358    0.5161316872   0.3346502058   9.993209877    3.398148148    0.200187775    
361      I1         1.003497942    4.495884774    4.552469136    0.5040329218   0.01067215364  0.1203703704   5.990740741    0.5055727029   
362      I1         1.884979424    4.495884774    4.521604938    0.4314403292   0.01067215364  4.112962963    5.990740741    0.2968205793   
363      I1         2.698834019    4.495884774    4.50308642     0.6613168724   0.01201646091  2.972222222    4.212962963    0.1269830224   
364      I1         2.507613169    4.495884774    4.700617284    0.6613168724   0.2620576132   3.393209877    3.805555556    0.1172087179   
365      I1         2.507613169    4.495884774    4.731481481    0.6250205761   0.1975308642   3.393209877    3.990740741    0.1382188262   
366      I1         1.570164609    4.495884774    4.998971193    0.5524279835   0.286255144    4.52037037     3.009259259    0.1687957736   
367      I1         1.003497942    4.495884774    4.998971193    0.4072427984   0.3346502058   0.1203703704   5.138888889    0.4051294462   
368      I1         2.129835391    4.495884774    4.99691358     0.4596707819   0.3346502058   1.17962963     5.99691358     0.3120882668   
369      I1         1.003497942    4.495884774    4.998971193    0.6088888889   0.2983539095   2.27962963     1.657407407    0.3376777704   
370      I1         1.759053498    4.498628258    4.688271605    0.4637037037   0.266090535    2.972222222    5.231481481    0.2510804665   
371      I1         1.780041152    4.495884774    4.99691358     0.5524279835   0.3346502058   9.993209877    3.509259259    0.1900342317   
372      I1         1.754389575    4.495884774    4.793209877    0.5887242798   0.2943209877   4.47962963     3.009259259    0.1495764333   
373      I1         1.311316872    4.495884774    4.694444444    0.6250205761   0.01067215364  0.1203703704   1.509259259    0.3424771874   
374      I1         1.752057613    4.495884774    4.509259259    0.5887242798   0.01067215364  3.42037037     3.009259259    0.1550678317   
375      I1         2.31872428     4.495884774    4.50308642     0.713744856    0.01067215364  1.668518519    2.990740741    0.1702964701   
376      I1         1.668106996    4.495884774    4.577160494    0.4879012346   0.01067215364  4.683333333    3.935185185    0.2245701829   
377      I1         2.698834019    4.495884774    4.675925926    0.5604938272   0.4717695473   9.97962963     5.990740741    0.2592771083   
378      I1         2.696502058    2.504115226    4.99691358     0.6626611797   0.6613168724   9.97962963     4.509259259    0.1498385388   
379      I1         2.696502058    2.504115226    4.998971193    0.5564609053   0.6250205761   6.72037037     5.157407407    0.1354403368   
380      I1         2.325720165    2.504115226    4.998971193    0.5806584362   0.6008230453   9.97962963     4.675925926    0.1735274292   
381      I1         2.696502058    2.504115226    4.998971193    0.4717695473   0.5887242798   3.37962963     4.990740741    0.1525883664   
382      I1         2.698834019    2.504115226    4.799382716    0.4314403292   0.5080658436   3.37962963     5.990740741    0.1799788402   
383      I1         2.129835391    2.504115226    4.998971193    0.9557201646   0.3346502058   9.97962963     1.990740741    0.2944149384   
384      I1         2.129835391    2.504115226    4.725308642    0.8790946502   0.01067215364  9.97962963     2.064814815    0.2586313397   
385      I1         2.698834019    2.504115226    4.805555556    0.5524279835   0.5483950617   3.37962963     4.842592593    0.1413587644   
386      I1         1.563168724    2.504115226    4.614197531    0.2822222222   0.01201646091  9.97962963     5.99691358     0.5046719631   
387      I1         1.003497942    2.504115226    4.608024691    0.4556378601   0.2257613169   9.97962963     5.99691358     0.3657094362   
388      I1         1.5281893      2.504115226    4.998971193    0.7500411523   0.2983539095   9.97962963     1.657407407    0.2535890617   
389      I1         1.374279835    2.504115226    4.99691358     0.7540740741   0.01201646091  9.993209877    2.009259259    0.3631083806   
390      I1         1.003497942    3.16255144     4.99691358     0.4959670782   0.01201646091  9.97962963     1.50308642     0.345751878    
391      I1         1.003497942    2.504115226    4.50308642     0.4032098765   0.01067215364  9.97962963     4.490740741    0.3527799665   
392      I1         2.696502058    4.495884774    4.998971193    0.4879012346   0.5766255144   3.37962963     5.990740741    0.2169045032   
393      I1         2.698834019    2.504115226    4.799382716    0.6613168724   0.4475720165   9.97962963     4.509259259    0.1398232519   
394      I1         2.698834019    2.504115226    4.830246914    0.6572839506   0.6613168724   9.97962963     5.398148148    0.2418285543   
395      I1         2.698834019    2.504115226    4.99691358     0.5161316872   0.6250205761   9.97962963     4.675925926    0.1738447514   
396      I1         2.696502058    2.504115226    4.998971193    0.4435390947   0.5161316872   6.72037037     5.990740741    0.1703998928   
397      I1         2.698834019    2.504115226    4.669753086    0.3790123457   0.5040329218   9.97962963     5.990740741    0.2943428108   
398      I1         2.213786008    4.495884774    4.787037037    0.5            0.4959670782   3.37962963     5.99691358     0.2713213162   
399      I1         2.698834019    4.495884774    4.99691358     0.6532510288   0.5766255144   9.97962963     4.509259259    0.1485377157   
400      I1         2.696502058    4.495884774    4.824074074    0.8468312757   0.3346502058   6.67962963     2.99691358     0.1796094096   
%eval_id interface log__t_efold_soil log__t_efold_karst log__t_efold_deep f_exfiltration_soil f_exfiltration_karst PDD_melt_factor recession_b_soil neg_kge        
401      I1         2.698834019    2.504115226    4.706790123    0.649218107    0.266090535    5.009259259    4.083333333    0.1041818943   
402      I1         2.698834019    2.704115226    4.706790123    0.649218107    0.266090535    5.009259259    4.083333333    0.1054457157   
403      I1         2.698834019    2.504115226    4.856790123    0.649218107    0.266090535    5.009259259    4.083333333    0.1382543297   
404      I1         2.698834019    2.504115226    4.706790123    0.747218107    0.266090535    5.009259259    4.083333333    0.1521630746   
405      I1         2.698834019    2.504115226    4.706790123    0.649218107    0.364090535    5.009259259    4.083333333    0.1123754953   
406      I1         2.698834019    2.504115226    4.706790123    0.649218107    0.266090535    5.999259259    4.083333333    0.1070286297   
407      I1         2.698834019    2.504115226    4.706790123    0.649218107    0.266090535    5.009259259    4.533333333    0.1286242131   
408      I1         2.528834019    2.504115226    4.706790123    0.649218107    0.266090535    5.009259259    4.083333333    0.112352713    
409      I1         2.698834019    2.504115226    4.556790123    0.649218107    0.266090535    5.009259259    4.083333333    0.1445808724   
410      I1         2.698834019    2.504115226    4.706790123    0.551218107    0.266090535    5.009259259    4.083333333    0.1742153268   
411      I1         2.698834019    2.504115226    4.706790123    0.649218107    0.168090535    5.009259259    4.083333333    0.1175670897   
412      I1         2.698834019    2.504115226    4.706790123    0.649218107    0.266090535    4.019259259    4.083333333    0.1061735941   
413      I1         2.698834019    2.504115226    4.706790123    0.649218107    0.266090535    5.009259259    3.633333333    0.1430850015   
414      I1         2.698834019    2.604115226    4.706790123    0.649218107    0.266090535    5.009259259    4.083333333    0.1047880923   
415      I1         2.698834019    2.504115226    4.781790123    0.649218107    0.266090535    5.009259259    4.083333333    0.1140690701   
416      I1         2.698834019    2.504115226    4.706790123    0.698218107    0.266090535    5.009259259    4.083333333    0.1136644441   
417      I1         2.698834019    2.504115226    4.706790123    0.649218107    0.315090535    5.009259259    4.083333333    0.105880057    
418      I1         2.698834019    2.504115226    4.706790123    0.649218107    0.266090535    5.504259259    4.083333333    0.1052326822   
419      I1         2.698834019    2.504115226    4.706790123    0.649218107    0.266090535    5.009259259    4.308333333    0.1094286955   
420      I1         2.613834019    2.504115226    4.706790123    0.649218107    0.266090535    5.009259259    4.083333333    0.1055402905   
421      I1         2.698834019    2.504115226    4.631790123    0.649218107    0.266090535    5.009259259    4.083333333    0.11612826     
422      I1         2.698834019    2.504115226    4.706790123    0.600218107    0.266090535    5.009259259    4.083333333    0.1299689609   
423      I1         2.698834019    2.504115226    4.706790123    0.649218107    0.217090535    5.009259259    4.083333333    0.1081144217   
424      I1         2.698834019    2.504115226    4.706790123    0.649218107    0.266090535    4.514259259    4.083333333    0.1044910488   
425      I1         2.698834019    2.504115226    4.706790123    0.649218107    0.266090535    5.009259259    3.858333333    0.1171305649   
426      I1         2.698834019    2.554115226    4.706790123    0.649218107    0.266090535    5.009259259    4.083333333    0.1044767991   
427      I1         2.698834019    2.504115226    4.744290123    0.649218107    0.266090535    5.009259259    4.083333333    0.1066149933   
428      I1         2.698834019    2.504115226    4.706790123    0.673718107    0.266090535    5.009259259    4.083333333    0.1041226489   
429      I1         2.698834019    2.504115226    4.706790123    0.649218107    0.290590535    5.009259259    4.083333333    0.1043612213   
430      I1         2.698834019    2.504115226    4.706790123    0.649218107    0.266090535    5.256759259    4.083333333    0.1045943209   
431      I1         2.698834019    2.504115226    4.706790123    0.649218107    0.266090535    5.009259259    4.195833333    0.1045290884   
432      I1         2.656334019    2.504115226    4.706790123    0.649218107    0.266090535    5.009259259    4.083333333    0.1042151876   
433      I1         2.698834019    2.504115226    4.669290123    0.649218107    0.266090535    5.009259259    4.083333333    0.1075163049   
434      I1         2.698834019    2.504115226    4.706790123    0.624718107    0.266090535    5.009259259    4.083333333    0.1136347254   
435      I1         2.698834019    2.504115226    4.706790123    0.649218107    0.241590535    5.009259259    4.083333333    0.1054269856   
436      I1         2.698834019    2.504115226    4.706790123    0.649218107    0.266090535    4.761759259    4.083333333    0.1041711039   
437      I1         2.698834019    2.504115226    4.706790123    0.649218107    0.266090535    5.009259259    3.970833333    0.1085968468   
438      I1         2.698834019    2.529115226    4.706790123    0.649218107    0.266090535    5.009259259    4.083333333    0.1043270639   
439      I1         2.698834019    2.504115226    4.725540123    0.649218107    0.266090535    5.009259259    4.083333333    0.1046959429   
440      I1         2.698834019    2.504115226    4.706790123    0.661468107    0.266090535    5.009259259    4.083333333    0.1028861348   
441      I1         2.698834019    2.504115226    4.706790123    0.649218107    0.278340535    5.009259259    4.083333333    0.1040973824   
442      I1         2.698834019    2.504115226    4.706790123    0.649218107    0.266090535    5.133009259    4.083333333    0.1043406947   
443      I1         2.698834019    2.504115226    4.706790123    0.649218107    0.266090535    5.009259259    4.139583333    0.1037493628   
444      I1         2.677584019    2.504115226    4.706790123    0.649218107    0.266090535    5.009259259    4.083333333    0.1040232422   
445      I1         2.698834019    2.504115226    4.688040123    0.649218107    0.266090535    5.009259259    4.083333333    0.1051321085   
446      I1         2.698834019    2.504115226    4.706790123    0.636968107    0.266090535    5.009259259    4.083333333    0.107867644    
447      I1         2.698834019    2.504115226    4.706790123    0.649218107    0.253840535    5.009259259    4.083333333    0.1046235943   
448      I1         2.698834019    2.504115226    4.706790123    0.649218107    0.266090535    4.885509259    4.083333333    0.1041325174   
449      I1         2.698834019    2.504115226    4.706790123    0.649218107    0.266090535    5.009259259    4.027083333    0.1058199794   
450      I1         2.698834019    2.529115226    4.706790123    0.661468107    0.266090535    5.009259259    4.083333333    0.1029487849   
451      I1         2.698834019    2.504115226    4.725540123    0.661468107    0.266090535    5.009259259    4.083333333    0.1036001634   
452      I1         2.698834019    2.504115226    4.706790123    0.661468107    0.278340535    5.009259259    4.083333333    0.102843463    
453      I1         2.698834019    2.504115226    4.706790123    0.661468107    0.266090535    5.133009259    4.083333333    0.1029171678   
454      I1         2.698834019    2.504115226    4.706790123    0.661468107    0.266090535    5.009259259    4.139583333    0.1039491016   
455      I1         2.677584019    2.504115226    4.706790123    0.661468107    0.266090535    5.009259259    4.083333333    0.1035588636   
456      I1         2.698834019    2.504115226    4.688040123    0.661468107    0.266090535    5.009259259    4.083333333    0.1036433225   
457      I1         2.698834019    2.504115226    4.706790123    0.661468107    0.253840535    5.009259259    4.083333333    0.1032739921   
458      I1         2.698834019    2.504115226    4.706790123    0.661468107    0.266090535    4.885509259    4.083333333    0.1028456155   
459      I1         2.698834019    2.504115226    4.706790123    0.661468107    0.266090535    5.009259259    4.027083333    0.1031095103   
460      I1         2.698834019    2.516615226    4.706790123    0.661468107    0.266090535    5.009259259    4.083333333    0.1029166759   
461      I1         2.698834019    2.504115226    4.716165123    0.661468107    0.266090535    5.009259259    4.083333333    0.1030625935   
462      I1         2.698834019    2.504115226    4.706790123    0.667593107    0.266090535    5.009259259    4.083333333    0.1031878321   
463      I1         2.698834019    2.504115226    4.706790123    0.661468107    0.272215535    5.009259259    4.083333333    0.1028219926   
464      I1         2.698834019    2.504115226    4.706790123    0.661468107    0.266090535    5.071134259    4.083333333    0.1028970048   
465      I1         2.698834019    2.504115226    4.706790123    0.661468107    0.266090535    5.009259259    4.111458333    0.1032601215   
466      I1         2.688209019    2.504115226    4.706790123    0.661468107    0.266090535    5.009259259    4.083333333    0.1031766448   
467      I1         2.698834019    2.504115226    4.697415123    0.661468107    0.266090535    5.009259259    4.083333333    0.1030789527   
468      I1         2.698834019    2.504115226    4.706790123    0.655343107    0.266090535    5.009259259    4.083333333    0.1032213052   
469      I1         2.698834019    2.504115226    4.706790123    0.661468107    0.259965535    5.009259259    4.083333333    0.1030366387   
470      I1         2.698834019    2.504115226    4.706790123    0.661468107    0.266090535    4.947384259    4.083333333    0.1028525196   
471      I1         2.698834019    2.504115226    4.706790123    0.661468107    0.266090535    5.009259259    4.055208333    0.1028349652   
472      I1         2.698834019    2.516615226    4.706790123    0.661468107    0.272215535    5.009259259    4.083333333    0.1028599546   
473      I1         2.698834019    2.504115226    4.716165123    0.661468107    0.272215535    5.009259259    4.083333333    0.1028245604   
474      I1         2.698834019    2.504115226    4.706790123    0.667593107    0.272215535    5.009259259    4.083333333    0.1031317364   
475      I1         2.698834019    2.504115226    4.706790123    0.661468107    0.272215535    5.071134259    4.083333333    0.1028370156   
476      I1         2.698834019    2.504115226    4.706790123    0.661468107    0.272215535    5.009259259    4.111458333    0.1031627403   
477      I1         2.688209019    2.504115226    4.706790123    0.661468107    0.272215535    5.009259259    4.083333333    0.1031146891   
478      I1         2.698834019    2.504115226    4.697415123    0.661468107    0.272215535    5.009259259    4.083333333    0.1031852026   
479      I1         2.698834019    2.504115226    4.706790123    0.655343107    0.272215535    5.009259259    4.083333333    0.103146694    
480      I1         2.698834019    2.504115226    4.706790123    0.661468107    0.272215535    4.947384259    4.083333333    0.1027840835   
481      I1         2.698834019    2.504115226    4.706790123    0.661468107    0.272215535    5.009259259    4.055208333    0.1028041842   
482      I1         2.698834019    2.510365226    4.706790123    0.661468107    0.272215535    5.009259259    4.083333333    0.1028407786   
483      I1         2.698834019    2.504115226    4.711477623    0.661468107    0.272215535    5.009259259    4.083333333    0.1027777669   
484      I1         2.698834019    2.504115226    4.706790123    0.664530607    0.272215535    5.009259259    4.083333333    0.1028974979   
485      I1         2.698834019    2.504115226    4.706790123    0.661468107    0.275278035    5.009259259    4.083333333    0.102822083    
486      I1         2.698834019    2.504115226    4.706790123    0.661468107    0.272215535    5.040196759    4.083333333    0.1028348521   
487      I1         2.698834019    2.504115226    4.706790123    0.661468107    0.272215535    5.009259259    4.097395833    0.1029523835   
488      I1         2.693521519    2.504115226    4.706790123    0.661468107    0.272215535    5.009259259    4.083333333    0.1029568946   
489      I1         2.698834019    2.504115226    4.702102623    0.661468107    0.272215535    5.009259259    4.083333333    0.1029577541   
490      I1         2.698834019    2.504115226    4.706790123    0.658405607    0.272215535    5.009259259    4.083333333    0.1029053385   
491      I1         2.698834019    2.504115226    4.706790123    0.661468107    0.269153035    5.009259259    4.083333333    0.1028433093   
492      I1         2.698834019    2.504115226    4.706790123    0.661468107    0.272215535    4.978321759    4.083333333    0.1027999582   
493      I1         2.698834019    2.504115226    4.706790123    0.661468107    0.272215535    5.009259259    4.069270833    0.1027724138   
494      I1         2.698834019    2.510365226    4.706790123    0.661468107    0.272215535    5.009259259    4.069270833    0.1027938595   
495      I1         2.698834019    2.504115226    4.711477623    0.661468107    0.272215535    5.009259259    4.069270833    0.1027052116   
496      I1         2.698834019    2.504115226    4.706790123    0.664530607    0.272215535    5.009259259    4.069270833    0.1027524255   
497      I1         2.698834019    2.504115226    4.706790123    0.661468107    0.275278035    5.009259259    4.069270833    0.1027807405   
498      I1         2.698834019    2.504115226    4.706790123    0.661468107    0.272215535    5.040196759    4.069270833    0.1027874512   
499      I1         2.693521519    2.504115226    4.706790123    0.661468107    0.272215535    5.009259259    4.069270833    0.1028662533   
500      I1         2.698834019    2.504115226    4.702102623    0.661468107    0.272215535    5.009259259    4.069270833    0.1029310331   
501      I1         2.698834019    2.504115226    4.706790123    0.658405607    0.272215535    5.009259259    4.069270833    0.1029501302   
502      I1         2.698834019    2.504115226    4.706790123    0.661468107    0.269153035    5.009259259    4.069270833    0.1027854293   
503      I1         2.698834019    2.504115226    4.706790123    0.661468107    0.272215535    4.978321759    4.069270833    0.1027518193   
504      I1         2.698834019    2.504115226    4.706790123    0.661468107    0.272215535    5.009259259    4.055208333    0.1028041842   
505      I1         2.698834019    2.510365226    4.711477623    0.661468107    0.272215535    5.009259259    4.069270833    0.1027221879   
506      I1         2.698834019    2.504115226    4.716165123    0.661468107    0.272215535    5.009259259    4.069270833    0.1027290187   
507      I1         2.698834019    2.504115226    4.711477623    0.664530607    0.272215535    5.009259259    4.069270833    0.102698768    
508      I1         2.698834019    2.504115226    4.711477623    0.661468107    0.275278035    5.009259259    4.069270833    0.1026707845   
509      I1         2.698834019    2.504115226    4.711477623    0.661468107    0.272215535    5.040196759    4.069270833    0.1027175744   
510      I1         2.693521519    2.504115226    4.711477623    0.661468107    0.272215535    5.009259259    4.069270833    0.1028011692   
511      I1         2.698834019    2.504115226    4.711477623    0.658405607    0.272215535    5.009259259    4.069270833    0.102869727    
512      I1         2.698834019    2.504115226    4.711477623    0.661468107    0.269153035    5.009259259    4.069270833    0.1027613125   
513      I1         2.698834019    2.504115226    4.711477623    0.661468107    0.272215535    4.978321759    4.069270833    0.1026871542   
514      I1         2.698834019    2.504115226    4.711477623    0.661468107    0.272215535    5.009259259    4.055208333    0.1027139525   
515      I1         2.698834019    2.510365226    4.711477623    0.661468107    0.275278035    5.009259259    4.069270833    0.1026896832   
516      I1         2.698834019    2.504115226    4.716165123    0.661468107    0.275278035    5.009259259    4.069270833    0.1026514075   
517      I1         2.698834019    2.504115226    4.711477623    0.664530607    0.275278035    5.009259259    4.069270833    0.1026664504   
518      I1         2.698834019    2.504115226    4.711477623    0.661468107    0.278340535    5.009259259    4.069270833    0.1026579366   
519      I1         2.698834019    2.504115226    4.711477623    0.661468107    0.275278035    5.040196759    4.069270833    0.1026842065   
520      I1         2.698834019    2.504115226    4.711477623    0.661468107    0.275278035    5.009259259    4.083333333    0.1027349708   
521      I1         2.693521519    2.504115226    4.711477623    0.661468107    0.275278035    5.009259259    4.069270833    0.1027673394   
522      I1         2.698834019    2.504115226    4.711477623    0.658405607    0.275278035    5.009259259    4.069270833    0.1028329361   
523      I1         2.698834019    2.504115226    4.711477623    0.661468107    0.275278035    4.978321759    4.069270833    0.1026516566   
524      I1         2.698834019    2.504115226    4.711477623    0.661468107    0.275278035    5.009259259    4.055208333    0.1026879235   
525      I1         2.698834019    2.510365226    4.716165123    0.661468107    0.275278035    5.009259259    4.069270833    0.1026657373   
526      I1         2.698834019    2.504115226    4.720852623    0.661468107    0.275278035    5.009259259    4.069270833    0.1027220006   
527      I1         2.698834019    2.504115226    4.716165123    0.664530607    0.275278035    5.009259259    4.069270833    0.1026607452   
528      I1         2.698834019    2.504115226    4.716165123    0.661468107    0.278340535    5.009259259    4.069270833    0.1025956693   
529      I1         2.698834019    2.504115226    4.716165123    0.661468107    0.275278035    5.040196759    4.069270833    0.1026621374   
530      I1         2.698834019    2.504115226    4.716165123    0.661468107    0.275278035    5.009259259    4.083333333    0.102738495    
531      I1         2.693521519    2.504115226    4.716165123    0.661468107    0.275278035    5.009259259    4.069270833    0.1027500175   
532      I1         2.698834019    2.504115226    4.716165123    0.658405607    0.275278035    5.009259259    4.069270833    0.1028001656   
533      I1         2.698834019    2.504115226    4.716165123    0.661468107    0.275278035    4.978321759    4.069270833    0.1026348373   
534      I1         2.698834019    2.504115226    4.716165123    0.661468107    0.275278035    5.009259259    4.055208333    0.1026455635   
535      I1         2.698834019    2.516615226    4.716165123    0.661468107    0.278340535    5.009259259    4.069270833    0.1026286436   
536      I1         2.698834019    2.504115226    4.725540123    0.661468107    0.278340535    5.009259259    4.069270833    0.1027392211   
537      I1         2.698834019    2.504115226    4.716165123    0.667593107    0.278340535    5.009259259    4.069270833    0.1027769599   
538      I1         2.698834019    2.504115226    4.716165123    0.661468107    0.284465535    5.009259259    4.069270833    0.1025494853   
539      I1         2.698834019    2.504115226    4.716165123    0.661468107    0.278340535    5.071134259    4.069270833    0.102612962    
540      I1         2.698834019    2.504115226    4.716165123    0.661468107    0.278340535    5.009259259    4.097395833    0.1028337235   
541      I1         2.688209019    2.504115226    4.716165123    0.661468107    0.278340535    5.009259259    4.069270833    0.1028171404   
542      I1         2.698834019    2.504115226    4.706790123    0.661468107    0.278340535    5.009259259    4.069270833    0.1028102827   
543      I1         2.698834019    2.504115226    4.716165123    0.655343107    0.278340535    5.009259259    4.069270833    0.1030449269   
544      I1         2.698834019    2.504115226    4.716165123    0.661468107    0.272215535    5.009259259    4.069270833    0.1027290187   
545      I1         2.698834019    2.504115226    4.716165123    0.661468107    0.278340535    4.947384259    4.069270833    0.1025663859   
546      I1         2.698834019    2.504115226    4.716165123    0.661468107    0.278340535    5.009259259    4.041145833    0.1026824432   
547      I1         2.698834019    2.516615226    4.716165123    0.661468107    0.284465535    5.009259259    4.069270833    0.1025904145   
548      I1         2.698834019    2.504115226    4.725540123    0.661468107    0.284465535    5.009259259    4.069270833    0.1025211411   
549      I1         2.698834019    2.504115226    4.716165123    0.667593107    0.284465535    5.009259259    4.069270833    0.1027370232   
550      I1         2.698834019    2.504115226    4.716165123    0.661468107    0.290590535    5.009259259    4.069270833    0.1025896469   
551      I1         2.698834019    2.504115226    4.716165123    0.661468107    0.284465535    5.071134259    4.069270833    0.1025709584   
552      I1         2.698834019    2.504115226    4.716165123    0.661468107    0.284465535    5.009259259    4.097395833    0.1027541461   
553      I1         2.688209019    2.504115226    4.716165123    0.661468107    0.284465535    5.009259259    4.069270833    0.1027734335   
554      I1         2.698834019    2.504115226    4.706790123    0.661468107    0.284465535    5.009259259    4.069270833    0.1029324297   
555      I1         2.698834019    2.504115226    4.716165123    0.655343107    0.284465535    5.009259259    4.069270833    0.1029903001   
556      I1         2.698834019    2.504115226    4.716165123    0.661468107    0.284465535    4.947384259    4.069270833    0.1025158823   
557      I1         2.698834019    2.504115226    4.716165123    0.661468107    0.284465535    5.009259259    4.041145833    0.102669807    
558      I1         2.698834019    2.510365226    4.716165123    0.661468107    0.284465535    5.009259259    4.069270833    0.1025697363   
559      I1         2.698834019    2.504115226    4.720852623    0.661468107    0.284465535    5.009259259    4.069270833    0.102491188    
560      I1         2.698834019    2.504115226    4.716165123    0.664530607    0.284465535    5.009259259    4.069270833    0.1025644067   
561      I1         2.698834019    2.504115226    4.716165123    0.661468107    0.287528035    5.009259259    4.069270833    0.1025588343   
562      I1         2.698834019    2.504115226    4.716165123    0.661468107    0.284465535    5.040196759    4.069270833    0.1025634118   
563      I1         2.698834019    2.504115226    4.716165123    0.661468107    0.284465535    5.009259259    4.083333333    0.1026114426   
564      I1         2.693521519    2.504115226    4.716165123    0.661468107    0.284465535    5.009259259    4.069270833    0.1026499749   
565      I1         2.698834019    2.504115226    4.711477623    0.661468107    0.284465535    5.009259259    4.069270833    0.102696519    
566      I1         2.698834019    2.504115226    4.716165123    0.658405607    0.284465535    5.009259259    4.069270833    0.1026918851   
567      I1         2.698834019    2.504115226    4.716165123    0.661468107    0.281403035    5.009259259    4.069270833    0.1025617267   
568      I1         2.698834019    2.504115226    4.716165123    0.661468107    0.284465535    4.978321759    4.069270833    0.1025296844   
569      I1         2.698834019    2.504115226    4.716165123    0.661468107    0.284465535    5.009259259    4.055208333    0.1025688533   
570      I1         2.698834019    2.510365226    4.720852623    0.661468107    0.284465535    5.009259259    4.069270833    0.1025067397   
571      I1         2.698834019    2.504115226    4.720852623    0.664530607    0.284465535    5.009259259    4.069270833    0.1025204316   
572      I1         2.698834019    2.504115226    4.720852623    0.661468107    0.287528035    5.009259259    4.069270833    0.102458176    
573      I1         2.698834019    2.504115226    4.720852623    0.661468107    0.284465535    5.040196759    4.069270833    0.1025024626   
574      I1         2.698834019    2.504115226    4.720852623    0.661468107    0.284465535    5.009259259    4.083333333    0.102575755    
575      I1         2.693521519    2.504115226    4.720852623    0.661468107    0.284465535    5.009259259    4.069270833    0.1025936662   
576      I1         2.698834019    2.504115226    4.720852623    0.658405607    0.284465535    5.009259259    4.069270833    0.1026196047   
577      I1         2.698834019    2.504115226    4.720852623    0.661468107    0.281403035    5.009259259    4.069270833    0.102546114    
578      I1         2.698834019    2.504115226    4.720852623    0.661468107    0.284465535    4.978321759    4.069270833    0.1024739037   
579      I1         2.698834019    2.504115226    4.720852623    0.661468107    0.284465535    5.009259259    4.055208333    0.1024878956   
580      I1         2.698834019    2.510365226    4.720852623    0.661468107    0.287528035    5.009259259    4.069270833    0.102475755    
581      I1         2.698834019    2.504115226    4.725540123    0.661468107    0.287528035    5.009259259    4.069270833    0.1024453731   
582      I1         2.698834019    2.504115226    4.720852623    0.664530607    0.287528035    5.009259259    4.069270833    0.1024890216   
583      I1         2.698834019    2.504115226    4.720852623    0.661468107    0.290590535    5.009259259    4.069270833    0.1024469837   
584      I1         2.698834019    2.504115226    4.720852623    0.661468107    0.287528035    5.040196759    4.069270833    0.1024705229   
585      I1         2.698834019    2.504115226    4.720852623    0.661468107    0.287528035    5.009259259    4.083333333    0.1025343532   
586      I1         2.693521519    2.504115226    4.720852623    0.661468107    0.287528035    5.009259259    4.069270833    0.1025613092   
587      I1         2.698834019    2.504115226    4.720852623    0.658405607    0.287528035    5.009259259    4.069270833    0.1025847282   
588      I1         2.698834019    2.504115226    4.720852623    0.661468107    0.287528035    4.978321759    4.069270833    0.1024398082   
589      I1         2.698834019    2.504115226    4.720852623    0.661468107    0.287528035    5.009259259    4.055208333    0.1024632984   
590      I1         2.698834019    2.510365226    4.720852623    0.661468107    0.287528035    4.978321759    4.069270833    0.1024571877   
591      I1         2.698834019    2.504115226    4.725540123    0.661468107    0.287528035    4.978321759    4.069270833    0.1024295396   
592      I1         2.698834019    2.504115226    4.720852623    0.664530607    0.287528035    4.978321759    4.069270833    0.1024709031   
593      I1         2.698834019    2.504115226    4.720852623    0.661468107    0.290590535    4.978321759    4.069270833    0.1024275445   
594      I1         2.698834019    2.504115226    4.720852623    0.661468107    0.287528035    4.978321759    4.083333333    0.1025145581   
595      I1         2.693521519    2.504115226    4.720852623    0.661468107    0.287528035    4.978321759    4.069270833    0.1025418297   
596      I1         2.698834019    2.504115226    4.716165123    0.661468107    0.287528035    4.978321759    4.069270833    0.1025379818   
597      I1         2.698834019    2.504115226    4.720852623    0.658405607    0.287528035    4.978321759    4.069270833    0.1025660964   
598      I1         2.698834019    2.504115226    4.720852623    0.661468107    0.287528035    4.947384259    4.069270833    0.1024274684   
599      I1         2.698834019    2.504115226    4.720852623    0.661468107    0.287528035    4.978321759    4.055208333    0.102446309    
600      I1         2.698834019    2.510365226    4.720852623    0.661468107    0.287528035    4.947384259    4.069270833    0.1024446433   
601      I1         2.698834019    2.504115226    4.725540123    0.661468107    0.287528035    4.947384259    4.069270833    0.102419779    
602      I1         2.698834019    2.504115226    4.720852623    0.664530607    0.287528035    4.947384259    4.069270833    0.1024589756   
603      I1         2.698834019    2.504115226    4.720852623    0.661468107    0.290590535    4.947384259    4.069270833    0.1024141152   
604      I1         2.698834019    2.504115226    4.720852623    0.661468107    0.287528035    4.947384259    4.083333333    0.1025009747   
605      I1         2.693521519    2.504115226    4.720852623    0.661468107    0.287528035    4.947384259    4.069270833    0.1025284688   
606      I1         2.698834019    2.504115226    4.716165123    0.661468107    0.287528035    4.947384259    4.069270833    0.102523109    
607      I1         2.698834019    2.504115226    4.720852623    0.658405607    0.287528035    4.947384259    4.069270833    0.1025533203   
608      I1         2.698834019    2.504115226    4.720852623    0.661468107    0.284465535    4.947384259    4.069270833    0.1024626649   
609      I1         2.698834019    2.504115226    4.720852623    0.661468107    0.287528035    4.916446759    4.069270833    0.1024216765   
610      I1         2.698834019    2.504115226    4.720852623    0.661468107    0.287528035    4.947384259    4.055208333    0.1024351619   
