%eval_id interface log__t_efold_shallow log__t_efold_soil f_exfiltration_shallow PDD_melt_factor log__H0_pdm_shallow log__H0_pdm_soil log__fdd_threshold f_tile_shallow log__tau_tile  neg_kge        
1        I1         1.690483718    2.013724513    0.9117041212   6.530355773    3.197354727    1.229929665    0.7095826756   0.3185395979   0.8222803618   1.605262725    
2        I1         1.415755904    1.442057733    0.8200926539   3.472139862    2.797769219    3.079349576    2.746068637    0.3301448915   0.07279789321  1.789131433    
3        I1         0.9657950803   1.346035666    0.06656576261  0.6298177523   1.638446769    1.177613408    0.1171709464   0.6861985368   1.087097468    1.958197479    
4        I1         1.80468192     2.653075503    0.5079141114   5.056203602    3.013027381    3.231156781    0.7192227618   0.06872718229  1.02783512     1.266427323    
5        I1         1.815934321    2.148702014    0.3355167219   7.228198565    1.940662996    1.982619568    1.649026708    0.08918881422  0.6245347312   1.699634954    
6        I1         1.583172998    1.623563135    0.8467527811   0.4439024378   1.545737052    2.27846355     2.928120589    0.4867315553   1.017066028    2.049447564    
7        I1         0.5369019975   1.359935892    0.2089578086   2.852261451    2.451256275    3.29787669     0.8900685746   0.4821320496   0.8332434666   2.120077841    
8        I1         0.4552595495   1.840114       0.2035802409   9.894516746    3.327675458    3.372828716    0.8105398535   0.7882614762   0.8292348277   2.186359328    
9        I1         1.962053355    2.470183567    0.08736951318  5.694942135    1.325545665    1.630355143    1.28403948     0.4903436674   0.5139948552   2.164788795    
10       I1         0.6021373378   2.095049203    0.5611412147   2.756046349    3.163750544    2.65000888     1.097941292    0.2209878989   0.5499109481   2.155793006    
11       I1         1.931563387    2.422904768    0.758768983    8.178379648    1.814970212    2.5162011      2.938218601    0.7066845909   0.0290488263   1.832284279    
12       I1         1.670202853    2.680127378    0.2218144169   2.507284945    1.472590742    2.682725988    0.6913817737   0.4772449404   0.3397771882   2.04049072     
13       I1         0.6729906473   2.512240563    0.02402960909  0.5148381013   2.855610018    2.789664983    2.035511573    0.1719605564   0.4463084077   1.834145677    
14       I1         1.162721522    2.232347639    0.4643679895   9.473516053    3.313795598    3.483677858    2.099299549    0.5273663808   1.057645032    1.72926508     
15       I1         1.645442561    1.116056146    0.6889745238   0.5442024497   2.086854759    3.291601411    2.231213606    0.5590733195   0.3029424967   1.783825279    
16       I1         1.811396034    2.29651723     0.8113882099   9.402470267    1.529614483    2.569583398    1.632950029    0.2942550761   0.6540802414   2.038594703    
17       I1         0.6401521459   1.146068176    0.3676463919   7.860451058    3.035608735    2.593209632    0.4844247353   0.5310932993   1.14104342     2.022087469    
18       I1         0.9154537974   1.322749343    0.9040988944   8.963357097    3.262617504    2.258630573    2.138940596    0.6516873013   0.2221150528   2.13273673     
19       I1         1.092924469    2.436423644    0.9751080515   7.038546648    2.74838412     3.442796682    1.811241974    0.4799190219   0.7346563518   2.015334403    
20       I1         1.395449208    1.880140909    0.1381446722   7.720914576    2.264316737    2.436281265    0.3575580936   0.7224698667   0.7109932779   1.739989711    
21       I1         0.8352697815   2.309147292    0.6365670813   5.673879639    3.000775693    1.735840912    1.068326553    0.3949559054   0.9770522677   1.999607998    
22       I1         1.275950592    2.402522684    0.400512182    1.287616446    2.750343006    3.30271083     2.145187741    0.3073416195   0.7300817498   1.666186952    
23       I1         1.244751552    1.867335465    0.6141247422   9.197663091    2.536189101    2.306868066    0.3920599792   0.9281332653   0.5275219132   1.890764258    
24       I1         0.7579706501   1.74754868     0.1987421265   5.43170614     3.019101867    2.220942115    0.3766807604   0.3270393023   0.02112917595  2.0343391      
25       I1         0.3131261282   1.368306792    0.4264992985   4.892884515    2.072164906    2.433045789    1.947517798    0.8538084713   0.2575248035   2.460121851    
26       I1         1.221021649    1.276145037    0.5753347279   6.222284026    1.63169216     3.108396524    2.073993922    0.3538683822   0.5999523603   2.040063436    
27       I1         0.9870801418   1.975972814    0.6496377459   5.36997952     3.482214741    1.639304337    1.900042494    0.8814514051   0.3631412861   2.045968331    
28       I1         1.467821931    2.103964652    0.06935178189  2.7769461      2.25796207     3.268273834    2.907904564    0.1432601651   0.4417702031   1.418249849    
29       I1         0.4301140715   2.600075591    0.8431180264   8.075067109    3.338747583    1.585425561    1.256549383    0.6540110814   0.1110955697   2.447332906    
30       I1         1.389904313    1.772829532    0.1129324671   1.584028923    2.879844988    2.351457599    2.391205003    0.2628825439   0.3185048772   1.648065296    
31       I1         0.6501714999   1.338449556    0.5696627217   2.891925863    2.371240352    2.137164775    0.1736406476   0.8434601911   0.155691122    2.289818434    
32       I1         1.775966423    2.267059179    0.5534769359   3.234673667    1.524696469    2.334766198    2.603075954    0.5177328899   0.584674356    2.009153759    
33       I1         0.6957140961   1.162088808    0.1409515811   2.279544782    1.686690934    1.718908564    1.735634008    0.01476395994  0.9403443506   2.191088764    
34       I1         0.3107108767   1.511267464    0.0765070186   9.060572673    3.080371819    3.175910472    0.7292408204   0.2441586623   0.4080096616   2.245598277    
35       I1         1.310439953    2.58541142     0.2583550677   8.398762718    2.152339422    3.061859562    0.01710555688  0.825294403    1.116583186    1.696758111    
36       I1         1.799934239    1.926213285    0.7259872373   7.93993325     2.689011606    3.119360838    1.142120043    0.1272079571   0.7003943082   1.531264917    
37       I1         0.5420655705   1.67081122     0.5365189733   0.1769113734   2.709732812    1.860175355    2.942109655    0.2316624787   0.6490479106   2.093605563    
38       I1         0.872472806    2.689725624    0.791639623    9.290806578    2.597092677    1.440806051    1.457601475    0.4922201964   0.6683250662   2.101469035    
39       I1         1.505239601    2.459660638    0.04744972561  1.014452211    1.537205327    1.6965122      0.3349721691   0.7175966932   0.5599293088   2.005542247    
40       I1         1.589566797    2.141465459    0.09879715739  1.887791865    1.901236105    2.782544735    0.4711582756   0.2582845903   0.5751608962   1.712098125    
41       I1         0.5303073602   2.499003633    0.7543288554   5.943912963    1.177098855    2.715943468    2.461026005    0.226548427    0.08955791592  2.464951467    
42       I1         1.498235502    1.386281804    0.1263474312   2.249918897    2.616891224    2.068530848    1.042364317    0.2903781364   0.3580897934   1.70494134     
43       I1         1.751218561    1.57146601     0.2668311274   1.104796521    1.962177663    2.877430693    1.401817223    0.8659576102   0.310725546    1.77285988     
44       I1         1.326528753    2.254104281    0.2183917883   0.3255666208   2.358244509    2.749427564    1.179332422    0.3255108668   0.6935086781   1.672160355    
45       I1         1.740831827    1.509549826    0.3506061447   9.154519875    1.105205127    3.256400786    1.874902371    0.3711127694   0.8948828189   2.245636452    
46       I1         1.628908169    2.397986451    0.8684441726   4.197736747    1.758632794    1.674377424    1.291651612    0.6736706257   0.482767204    1.918750083    
47       I1         0.7482488826   1.40414358     0.9203800255   2.531383436    1.00861831     1.920692786    2.809444702    0.1001260823   0.9009677747   2.428808416    
48       I1         1.850647614    2.112643846    0.3959173938   2.317182403    3.43548336     2.317739876    0.1924150184   0.3918594668   0.6093656145   1.379560657    
49       I1         0.7196277594   1.496423881    0.988718817    9.581427455    1.446415472    2.899758523    1.374682286    0.4277250675   0.2663496328   2.385977013    
50       I1         0.9080263691   1.400965242    0.8520991582   9.508499215    1.150951853    2.644270715    2.877065513    0.03597498394  0.3541325568   2.344097556    
51       I1         1.722002096    1.461686529    0.2433909221   0.9118954856   3.462008224    1.456003723    2.300469598    0.7145620714   0.7630594967   1.524719498    
52       I1         0.6609580598   1.542045094    0.651422557    4.233359989    2.776986422    2.359777072    2.088774999    0.9050819903   0.5333697261   2.22226604     
53       I1         1.257981942    1.189323103    0.2580693034   4.404323695    3.234140563    1.386771124    0.7896408734   0.1219896361   0.8645586848   1.819520262    
54       I1         0.8535962471   1.987294004    0.7967770558   2.838477804    2.465852426    2.84541578     1.221526973    0.9174804898   0.8388533629   2.083055205    
55       I1         0.9481382881   1.930591487    0.2134344194   4.678081359    3.108573553    1.424153713    1.195107604    0.03185427192  0.9025042457   1.895117591    
56       I1         1.446335508    1.063528064    0.9675446237   4.483330246    1.439867681    3.249064024    2.45649262     0.7117745505   0.3450010903   2.136437887    
57       I1         0.4175703839   2.413440626    0.3553098455   6.74857966     1.918425672    3.138666972    0.06789509667  0.3038452025   0.9269018715   2.176228361    
58       I1         1.578140663    1.605384842    0.6257311488   6.083045783    3.169636811    2.937496502    0.8059031511   0.7366998546   0.5348445024   1.672829541    
59       I1         1.177159204    1.423331016    0.358488549    5.846640824    1.27487813     3.034889227    1.768746244    0.265315605    0.3882569866   2.189855685    
60       I1         0.3677524232   1.051939886    0.7712621563   5.805738367    2.695654305    2.969509951    0.3026195115   0.5357215693   1.075097134    2.321396402    
61       I1         0.7113794074   1.629118409    0.4092313068   2.715494276    3.445103885    1.271998067    2.880324012    0.2554311941   0.3408780091   2.058911464    
62       I1         1.13489634     2.660330014    0.2512428279   4.73291236     2.974863686    3.237500522    1.625273246    0.9636320141   0.2756018465   1.951861674    
63       I1         0.6881199015   1.780657403    0.545684043    1.436661897    3.319114535    2.989501024    2.583776224    0.1580659387   0.9613199997   1.994860932    
64       I1         1.550696324    1.727952704    0.8265532606   6.414013601    2.382037405    3.184682814    0.2988271394   0.7399776338   0.9514620469   1.700746449    
65       I1         1.200518864    1.005001595    0.01987104104  3.947583228    1.025927462    2.457304315    0.3434920695   0.9488234192   0.1860279057   2.334133292    
66       I1         1.64120002     2.081967787    0.784607915    3.453847976    1.75145315     3.482180758    1.602576732    0.5383595783   0.9139524776   1.876285898    
67       I1         0.3177406747   1.437335597    0.5206531373   0.3794033731   2.036095205    2.07703745     1.029585083    0.198975104    0.03966223807  2.394372571    
68       I1         1.315604476    1.754827795    0.870526132    5.332589335    2.888279436    2.750042672    0.2219254966   0.3614751446   1.077753623    1.808840231    
69       I1         1.040563043    2.204138346    0.9271647848   1.96484778     1.3349751      1.548410723    1.510729246    0.7008029636   1.109478188    2.218503142    
70       I1         1.301021493    1.591783969    0.6392585031   4.540892924    1.667654315    3.421358655    2.692178152    0.6663158043   1.052900031    1.89134166     
71       I1         1.764753117    1.643923416    0.2787708775   2.389648818    1.238420689    3.316565406    2.533277986    0.01071378709  0.3942121083   2.224294901    
72       I1         0.787877155    1.448917371    0.4704067544   4.609512709    1.608363807    1.826290703    2.719180238    0.811409295    0.5789118232   2.151811322    
73       I1         0.4921449078   1.169199313    0.3792242899   9.994476062    1.977510326    2.718126595    0.9252385565   0.647570379    0.003997074328 2.390184597    
74       I1         1.683075573    2.133923259    0.7986998212   5.911272733    3.123081186    1.624007356    1.105606589    0.2930991773   0.04627369803  1.596843226    
75       I1         0.9621420747   2.644110444    0.1592680332   5.219617476    2.774119057    3.220689933    1.306434248    0.5712202768   0.3983780758   1.892775325    
76       I1         1.979905971    1.901955297    0.7685437061   1.601523929    3.143089772    3.172487166    0.6765196184   0.1802520363   0.07019446308  1.359016693    
77       I1         0.9241843732   2.221495105    0.1557264435   8.484580848    2.526603353    2.534236983    2.175543378    0.7722560863   0.0152179213   2.044504014    
78       I1         0.6677877611   2.564005466    0.9090711576   1.21687323     2.146468633    3.04406897     2.444468115    0.9091431402   0.5642538081   2.283388926    
79       I1         1.618362611    1.105283673    0.1775178019   7.634728321    2.493332816    1.566564386    2.292399425    0.6169730306   0.2099321565   1.692110447    
80       I1         0.4304851418   1.919140271    0.5998100814   4.190495188    1.723235656    2.860009472    0.4427522305   0.7765905472   0.6953609696   2.339700647    
81       I1         1.225710618    2.106105563    0.1361219754   1.35251921     2.297200661    2.95007305     1.702158785    0.192126406    0.8280642397   1.671662031    
82       I1         1.748286095    1.740200609    0.04564759294  1.462707619    2.998655887    1.999499686    2.069716827    0.5035974003   1.089338043    1.407744919    
83       I1         0.8480205554   2.327072205    0.4791978633   0.8260366477   3.252204387    3.323716671    2.512066875    0.3804367289   0.3839278357   1.982821301    
84       I1         1.381827444    2.623360368    0.9286045323   6.586008373    3.13509765     2.837364539    2.766775179    0.05117901095  0.0628883042   1.796269645    
85       I1         0.7856290043   1.173806576    0.7061470519   8.524852709    1.571553906    1.009685799    1.721335498    0.3006778121   1.072613849    2.18581737     
86       I1         1.046500615    1.618783662    0.9706041785   7.759167438    2.758841334    3.472981122    1.821818187    0.1964982186   0.7206366733   2.051848065    
87       I1         1.151278613    2.306006852    0.4627937077   0.4668629691   2.844325473    1.942351572    0.9779617414   0.9144262606   0.7807094953   1.903952672    
88       I1         1.870099175    2.559012186    0.8843081683   3.987217094    3.268934483    2.474656937    1.269511844    0.4498695322   1.114527747    1.439823224    
89       I1         1.085592975    1.206270639    0.4874378318   7.017982584    3.209174965    2.807266208    0.1614935338   0.4015738896   0.0955760969   1.968481076    
90       I1         0.7461268417   1.855932989    0.526658302    1.542269166    2.406040775    2.601034812    0.4089704549   0.0292425361   0.416226126    2.073938166    
91       I1         1.531535246    1.457724002    0.2298275059   7.118624855    1.728736932    2.248603822    0.4321993705   0.9343554069   0.2675923488   1.946624225    
92       I1         0.8563423004   1.374843451    0.9795937024   9.217650397    2.021685602    1.523163423    0.7715029838   0.4663739615   0.6885967423   2.21387656     
93       I1         0.6558687647   2.488531847    0.3239003841   9.671817098    1.293505062    2.698928974    2.2779584      0.801529505    1.035529688    2.128478328    
94       I1         1.280854117    2.049813049    0.8066091071   6.992921713    1.37185977     2.890261119    1.186216058    0.6073063686   0.6515035488   2.151675263    
95       I1         0.5144262091   2.333158098    0.1518104971   4.798964461    2.241168634    2.758596575    1.151288035    0.6262683552   0.2538999338   2.243928291    
96       I1         1.026046435    1.995419009    0.5808768799   4.001165434    3.224587603    2.14416203     1.46266037     0.7975459506   0.8173697131   1.921336755    
97       I1         1.559430362    1.475532227    0.2332132392   0.860902123    2.944944003    1.279814684    1.688368233    0.5117011114   0.08750636633  1.679703315    
98       I1         1.404016156    1.899072277    0.3828402982   7.173850679    2.9118966      1.297126529    1.240942534    0.874574618    0.5951387229   1.759579451    
99       I1         0.7409346075   2.407301197    0.6564252747   3.782430276    1.12205674     1.220901266    2.831746868    0.151243955    1.065352096    2.264690094    
100      I1         0.4360475337   1.259956569    0.3484845734   9.452573645    2.666280962    1.651988969    2.254110226    0.4595930305   0.5560898352   2.271448508    
101      I1         1.614376697    1.024249216    0.1838472716   8.093420141    1.836978516    1.364689278    0.7993175579   0.8039015798   0.3730975699   1.86360822     
102      I1         0.6363943388   2.37031698     0.5050246263   1.070356368    2.218038965    2.088557688    0.02520256267  0.2980720777   0.4046677542   2.18371651     
103      I1         0.8192857502   1.236657754    0.101792923    5.034623237    2.394185757    1.8498631      1.963900448    0.4644153406   0.8027576419   1.997549162    
104      I1         1.784835303    1.732391951    0.7768227551   9.262183006    3.419538922    1.899394989    0.7512556124   0.8981306124   0.5259355458   1.556060678    
105      I1         1.933004722    1.43332527     0.3102496721   1.929713924    2.046143113    2.063218805    2.668773302    0.6874271771   0.2932171179   1.668635236    
106      I1         1.474533859    2.480325566    0.07914671067  8.13697614     1.303382478    1.194748698    0.5705699155   0.1180206052   0.4334991344   2.147688243    
107      I1         1.464084269    2.126531714    0.1690601992   6.668392936    3.349541171    1.969800131    2.814000028    0.4141695751   0.7258100143   1.502854504    
108      I1         0.7074897604   1.654378836    0.08409511252  3.548803977    1.507124563    1.044304549    1.672633847    0.7850792976   0.04360584002  2.307986266    
109      I1         1.507471669    2.016681234    0.959576483    7.554591966    2.558247824    2.500958712    2.614111344    0.8689114632   0.4887972655   1.771194289    
110      I1         1.117992494    1.783104062    0.1282105867   3.510554258    3.486869295    1.908422685    2.646035071    0.8611070217   0.3336971099   1.906870122    
111      I1         1.141522265    2.35817213     0.241758991    9.03470731     1.654667201    1.185422704    1.74120242     0.03738653241  0.7932392408   1.994258391    
112      I1         0.3285586371   2.61158016     0.892462806    0.7804949908   1.708535756    2.057109656    1.611087785    0.9434592404   0.273629339    2.512974611    
113      I1         1.973053607    2.529878567    0.1609239027   5.407307661    3.409753172    2.409770791    0.999927641    0.1088221765   0.9654476454   1.145100025    
114      I1         1.836356129    1.382261558    0.200390285    4.52138942     1.480940627    2.458859648    1.599009314    0.9766911337   0.615940334    2.038195236    
115      I1         0.5212860984   1.502985028    0.9822357883   0.2099850582   2.574071343    1.743061089    2.048008909    0.979502498    0.8901847929   2.385679366    
116      I1         0.866175135    1.222511354    0.7411603891   7.85114876     3.191303062    1.152000134    2.65208089     0.7641944371   1.042150403    1.964490414    
117      I1         0.5744913194   1.124789684    0.6901710945   9.409478913    2.3594838      1.873429153    1.076951973    0.5320931399   0.7699106182   2.258914795    
118      I1         1.990996676    1.022174469    0.8647982802   8.244461875    2.809632667    2.100538919    0.2847513248   0.9625629327   0.3592171622   1.447920699    
119      I1         1.868473146    2.391765973    0.8022584965   8.048874626    2.056846089    2.168480847    0.9601078918   0.5636804626   0.8709260749   1.674380982    
120      I1         0.869678216    1.712391478    0.3780277471   4.698557647    1.11211014     3.088474218    2.154961566    0.2509952774   0.9227932614   2.212992176    
121      I1         1.359382799    1.833095461    0.6295473542   6.836530614    2.928542875    1.113931002    2.478306973    0.2070200018   0.3817076734   1.785248066    
122      I1         0.551983061    1.875005895    0.9217858182   6.922597836    1.04091464     1.075082031    1.527801111    0.08539596779  0.8534653479   2.507871883    
123      I1         1.908649771    1.186086906    0.9397456248   9.631140682    2.212366261    2.403248305    2.333969627    0.5900216278   0.8490670516   1.628004567    
124      I1         0.600299416    2.543200157    0.6236486632   4.125893078    2.321672101    2.9828641      0.208140036    0.5457018578   0.4218774331   2.262852491    
125      I1         1.112249205    1.090187553    0.4721197333   2.916113654    2.562013987    1.035640991    2.792727183    0.3489246958   0.2844280979   1.955688827    
126      I1         0.3734655823   1.664203842    0.9061313741   5.302236487    1.024440164    1.432635447    1.480537636    0.2360356519   0.0001112713513 2.58880438     
127      I1         1.171461564    1.950323918    0.5685544666   6.644687215    2.093863026    1.340341792    2.508652819    0.9441656315   0.1994218517   1.99177945     
128      I1         0.8313026433   2.522935073    0.6441586688   4.880365191    2.171681009    2.000833981    1.207174493    0.3390397684   0.8709940937   2.052633723    
129      I1         1.651440729    2.262234132    0.3211122996   3.367361355    3.241772057    1.704818658    0.9370100619   0.9269990298   0.4509588782   1.607186188    
130      I1         1.488799289    2.637878489    0.1820892142   2.444885035    2.59115451     1.526044741    1.504993468    0.4956587046   0.2953041427   1.64129089     
131      I1         1.373481817    2.444789642    0.375585762    0.269919655    2.011992585    2.923556516    2.379123475    0.2870600433   1.059562786    1.682441268    
132      I1         1.076181637    2.51442489     0.7293746783   2.973687367    2.334074611    3.160166449    2.62893519     0.1248584508   0.4263017062   1.917523767    
133      I1         0.408544849    1.029610094    0.2759104603   5.630395924    2.329722501    2.226356705    0.1593154956   0.3667245964   1.14442414     2.148197651    
134      I1         1.160758497    2.538197415    0.05466877521  7.335185488    1.414761457    3.057368475    2.191356051    0.3638671892   0.7650247517   1.980653852    
135      I1         0.9744128914   1.661443372    0.7011329494   3.407560487    1.869697547    3.359236438    1.977756001    0.2501172691   0.5713724522   2.073922453    
136      I1         1.665250111    2.50296565     0.1093445691   9.796473107    1.777746471    1.237521101    2.051924932    0.890042933    0.4796740962   1.852312464    
137      I1         1.081726666    2.288418569    0.4556091307   7.437018435    2.175461232    2.872923374    1.577793398    0.2749798445   1.124860452    1.781068626    
138      I1         0.460359321    1.266991593    0.6663352558   3.272163128    3.2927213      1.377234047    1.889784482    0.5104855603   0.9379739558   2.236651299    
139      I1         1.062583374    2.201317947    0.8542644272   0.7974237599   1.621652019    1.732290222    0.03178298601  0.3359543315   0.3083401322   2.18068764     
140      I1         1.527668383    1.985846631    0.8745626012   1.252806333    1.246293575    1.533371441    1.780800284    0.4300619986   0.801115793    2.219060532    
141      I1         1.192182611    2.129963821    0.6190188693   5.011605948    1.078360011    2.016372594    0.3113873632   0.499934174    0.8189892536   2.252251217    
142      I1         1.738002296    1.285348205    0.4440244283   7.956043475    3.30677377     1.342966103    0.9034729727   0.378626094    0.06603304289  1.585778869    
143      I1         0.8239859326   1.887784017    0.6759921798   5.163356792    1.60310236     2.907216949    1.773047415    0.08115051647  0.7883426666   2.186269834    
144      I1         1.428226823    2.074017228    0.53496363     4.031690719    3.152439904    3.394876667    2.20444443     0.4346850625   0.6324185902   1.669404672    
145      I1         1.296228928    1.034365161    0.148233208    3.725422793    1.456786115    3.385972172    1.758918474    0.634265759    0.1062025306   2.120449141    
146      I1         1.921550885    1.31261729     0.5522626128   7.989055411    1.897301616    2.097788927    1.433977594    0.6176957088   0.8456961252   1.744634951    
147      I1         0.4792202012   1.1350667      0.4957952261   6.543546026    2.514174748    3.451300071    0.468435007    0.009871069393 0.03472394967  2.319369985    
148      I1         0.4689079693   1.394356037    0.5309114694   0.1129382584   1.824274491    3.357554766    1.361306337    0.6026312435   0.7764011752   2.280777762    
149      I1         1.969316018    2.226407977    0.6692030079   7.290965054    1.397757512    2.208152425    1.385009744    0.5433126781   0.6440448962   2.134756101    
150      I1         0.6218146609   1.201716412    0.7887137476   5.757132868    1.861005307    1.104932293    2.428998184    0.2305107794   0.7104866708   2.294865203    
151      I1         1.708819711    1.81166574     0.3154184469   6.382399742    2.545055544    3.142454257    2.013580022    0.06459553348  0.8136364297   1.52485176     
152      I1         1.998319731    2.23575481     0.4743634524   4.43687179     2.940634513    3.099998855    2.269173725    0.7663012019   0.2113015932   1.362426324    
153      I1         1.335763744    2.298393316    0.3290888779   8.618729449    1.461980135    2.544603018    0.6841918299   0.780751043    0.1826434824   2.10067733     
154      I1         0.3949104709   2.547458364    0.03187726387  1.144788363    3.395829612    1.242407627    2.680592967    0.455916704    0.3680187485   2.182642737    
155      I1         0.3762842491   1.353113064    0.2965311055   9.665746649    3.353508289    3.260987386    1.475561403    0.4411706979   0.7229578022   2.253926972    
156      I1         1.857817526    2.572289077    0.6953625928   5.530253552    1.971929697    1.01886818     0.2672086657   0.04175644057  0.6351481781   1.72476695     
157      I1         1.892783879    2.171886984    0.4907157296   8.262434052    1.099904066    1.469040431    1.448950676    0.4435118461   0.9985599325   2.269517328    
158      I1         0.9537959759   2.186006007    0.4607081312   6.624434712    2.133473607    1.820196833    2.857293454    0.8130095971   1.127685603    1.779005546    
159      I1         0.4737196634   2.241502952    0.3936567825   5.495130571    1.791038018    1.308852356    2.95442912     0.154634013    0.6606558498   2.154547546    
160      I1         1.682335925    1.149679854    0.1643526112   3.366227821    2.444050761    1.55070573     1.348373174    0.6982858856   0.9736557726   1.553971155    
161      I1         0.6996487793   1.120258727    0.5030314117   4.629631173    1.956814551    3.196857252    1.12701118     0.1391989005   0.3779471829   2.226281037    
162      I1         0.3443498047   1.100195685    0.1879873966   5.820875969    2.283823583    2.016803995    2.998086719    0.1662010671   1.098171111    1.962134026    
163      I1         1.340856682    2.432352504    0.9848929533   2.030509392    2.83230492     1.962446952    0.1332352735   0.7237114867   0.0557782559   1.876055276    
164      I1         1.422242053    2.056057473    0.6842847913   7.501175422    1.136100637    3.21261949     0.4918380509   0.7597690295   0.05270161696  2.277240594    
165      I1         0.5783994492   2.273852932    0.5888620509   7.425548685    2.30967844     1.46499879     1.319112818    0.4213255374   0.4590156645   2.263538853    
166      I1         1.365941496    2.594591468    0.7229155004   9.850765605    2.861131824    2.730573572    1.852109712    0.2040362926   0.1960279203   1.76837675     
167      I1         0.4057035626   1.937680794    0.5722285074   3.121569704    2.636519966    3.019116317    1.166910396    0.6225713855   0.9284503422   2.221434943    
168      I1         1.3490471      1.408394001    0.5415854781   0.6924157453   2.427196573    2.118657673    1.868333832    0.05638665844  0.5906285558   1.816771518    
169      I1         1.636678545    1.090962769    0.4236479843   4.774681279    2.277838007    2.198625117    1.211480416    0.2809746782   0.2158263465   1.707947396    
170      I1         1.303370076    2.153882841    0.7574143314   4.265448546    2.954540297    2.769016856    0.4552364846   0.8077942906   0.2358858005   1.860601685    
171      I1         0.6158441461   1.47684756     0.2380694158   2.073629794    3.404878084    2.621982182    0.04464897761  0.7431183064   0.7483223193   2.125202838    
172      I1         0.3485504418   2.664262274    0.5647162795   0.7461396      2.732005404    2.331073837    2.576545374    0.8971132159   0.1002823799   2.445942506    
173      I1         1.937686949    2.086270055    0.6328426929   6.009977074    2.642199533    1.808751275    0.3805505836   0.07731252885  0.2319053585   1.437244711    
174      I1         1.953548078    1.545416253    0.7657031035   6.713391891    2.241693435    1.98981565     2.756828917    0.4099340675   0.4944831265   1.590053988    
175      I1         1.015064302    2.493927199    0.9323433641   6.960006401    2.486688177    1.124794664    0.5693354812   0.09373931706  1.134422068    2.055173014    
176      I1         1.266159008    1.963526746    0.9440529674   1.41121099     1.803966125    3.429117365    0.2547379616   0.5933515539   1.00991587     2.017859893    
177      I1         0.728718011    2.282828503    0.518568485    6.360435239    1.147569146    2.112189851    1.332293671    0.2726590144   0.8842946162   2.286526621    
178      I1         0.8971714963   1.181177565    0.405330441    6.485592167    2.628419032    1.607548938    0.5350325543   0.2677349479   0.8582101175   2.009643645    
179      I1         0.7357388406   1.914040856    0.3028261628   4.979091153    1.58042406     1.755211102    1.136251669    0.1632713979   0.2383789642   2.174977224    
180      I1         1.79550917     1.597078326    0.437946816    7.319118968    2.274839424    3.069867232    2.488280796    0.7906521886   0.4662027682   1.61430289     
181      I1         0.6847636401   1.806078942    0.9473977662   3.673327095    1.389989486    2.423415954    2.498217762    0.6455277211   1.107189649    2.322827146    
182      I1         1.216061424    1.046458867    0.03416342229  0.3626207292   2.064704255    3.413575765    2.359403291    0.4169091035   0.6282013953   1.933356578    
183      I1         1.832347989    1.816862121    0.09140988043  9.105357257    1.071079148    2.578893995    0.6006704941   0.821379605    0.7751283965   2.260331779    
184      I1         1.915915018    2.180520308    0.8577942566   8.978371301    1.185849929    1.900442922    2.027227708    0.8629184666   1.002690232    2.243621131    
185      I1         0.6741398318   1.219835666    0.1048459823   9.810060082    3.389490057    1.414261144    2.706239538    0.748562691    0.4636937283   2.126162057    
186      I1         1.72488636     1.790683409    0.2710913452   7.818359784    1.065689614    1.068080186    0.7381165165   0.5846272333   0.5034280791   2.293087731    
187      I1         1.444278275    1.299671974    0.2976878525   6.006115048    1.509882863    2.039853133    2.86679589     0.3963377564   0.8623619475   1.955697325    
188      I1         1.987353195    1.580142564    0.5948640231   3.895980756    1.913170479    1.937538618    0.001945486509 0.1355428322   0.6036159361   1.741838193    
189      I1         1.131380639    2.06095185     0.7106140872   8.89132431     2.232400154    2.155522355    1.358344629    0.9021519668   0.8407561668   1.924837677    
190      I1         1.822802265    1.96163696     0.05864020858  1.840146175    3.175876488    1.486165826    0.9829655613   0.6669385813   1.045163744    1.373946306    
191      I1         1.012847891    2.037781874    0.8099838296   9.904127015    2.437729066    2.941746627    0.8428209705   0.6699727544   0.5831597623   2.04205623     
192      I1         0.8114660747   1.823230549    0.7043578125   2.158628529    3.046993742    1.614773387    1.80389414     0.8850366417   0.3254617007   2.172823204    
193      I1         1.600285292    2.044425839    0.02875644145  9.943839777    1.875866964    1.709292105    2.52247277     0.969472031    0.9494275619   1.715181483    
194      I1         0.4859222711   1.072841677    0.833652634    3.615506423    2.874956493    2.380694179    2.841698822    0.6394741458   0.2422480792   2.373034336    
195      I1         1.288003539    1.558553607    0.4982970698   8.695301592    2.468669037    1.300081528    0.8250106569   0.5796621115   1.02080548     1.760895651    
196      I1         1.538629173    1.015258679    0.5488706548   7.675855246    1.352014837    1.836264382    0.529926467    0.633360871    0.9675233855   2.078155615    
197      I1         1.212023774    1.865102614    0.4468695913   1.507344602    3.367288764    2.669205999    0.5066924989   0.9209559171   0.4926928667   1.895316146    
198      I1         0.973829551    2.27527896     0.3886177276   8.582183393    1.796412673    2.026853472    2.632297919    0.6117539342   0.1071325096   2.072748915    
199      I1         1.730353726    1.138117183    0.7635570378   1.734279805    3.030429801    1.147650535    1.953344194    0.1606138832   0.1581557047   1.591925894    
200      I1         0.3830346702   2.215010462    0.9640046122   1.879921363    1.309136601    1.002404765    2.122740425    0.505416063    0.5664989223   2.532330757    
201      I1         1.069000019    2.530528148    0.6151645374   6.071087486    1.676479829    1.207651318    1.997856989    0.1113230928   0.4737005352   2.076354664    
202      I1         1.434442838    1.972364014    0.680704075    8.830805189    1.991294021    3.331372495    1.561350535    0.8230095592   0.1370906823   1.890318576    
203      I1         1.382954783    1.892177349    0.9180832957   5.279880397    3.099438063    1.172720968    0.9528779359   0.5750454877   0.7498767539   1.807195581    
204      I1         0.5489412889   2.6877406      0.06177781765  9.762333124    2.606159173    2.285477243    2.773276552    0.3137638468   0.9076000425   1.672386093    
205      I1         0.937441218    2.000874494    0.4488348579   5.722193126    2.667210267    2.315332661    0.5999280532   0.08644447727  0.0950603933   1.926696701    
206      I1         0.3237088733   1.563813263    0.5941336885   3.56941665     1.404538636    2.663861864    0.2318342026   0.2128254163   0.1179790071   2.464409283    
207      I1         0.7999073836   2.447268904    0.1741324481   0.7145979613   1.649175722    2.182113222    0.861623661    0.8367988358   0.9436278416   2.041745044    
208      I1         0.4240566145   2.619524521    0.4367642042   7.13699363     1.772698782    1.057019633    2.111441234    0.7581185426   0.1758094425   2.424902494    
209      I1         1.542088596    1.763486224    0.2724680051   4.385849245    1.554041627    1.255935866    0.7498366907   0.1146147597   0.9913975585   1.962202428    
210      I1         1.420646476    2.364682212    0.420406943    3.858926126    2.613664428    2.347511496    2.434767911    0.3461790545   0.6806126964   1.609438588    
211      I1         1.88843912     2.318754595    0.6588747364   5.551266989    2.478401537    2.738250213    0.1089241533   0.0972415849   0.5977768444   1.47340934     
212      I1         1.05919981     2.455724537    0.5129094329   8.435953095    3.276464541    3.346446586    1.583885767    0.4082196819   0.5068727397   1.874204349    
213      I1         0.8066862593   1.90839714     0.8615087911   5.197905472    1.830520305    1.953640982    0.9109934894   0.9728938665   0.6119270564   2.22014516     
214      I1         1.347496987    1.41831238     0.4518221431   2.004962762    2.65008772     2.909771012    0.121763921    0.1326695454   0.1708451812   1.791844416    
215      I1         1.250014581    2.607205399    0.0410973      3.026589051    1.381958552    1.578143368    1.393814444    0.939575259    0.7425374525   2.06324842     
216      I1         0.9314794921   1.527044211    0.5854480101   0.1386105809   3.205502032    1.502376425    2.328605118    0.7041448014   0.4113652747   2.10656329     
217      I1         0.5625116465   2.035421557    0.3318330314   4.356625167    1.051082731    3.278132195    1.717770877    0.911184993    1.04842779     2.221442549    
218      I1         1.269443469    1.487285369    0.01914181588  6.810519594    3.376384291    1.285702522    2.165688921    0.02130646738  0.118567577    1.799809958    
219      I1         1.230764125    1.846727143    0.8975694465   1.296819446    1.693852907    2.393548079    1.983086052    0.8921790215   0.1436728383   2.101464306    
220      I1         1.324356168    1.239487442    0.3707704154   2.119467852    2.677141229    2.82087851     1.329604916    0.9513452918   0.7834017063   1.792932732    
221      I1         1.881864559    1.637809805    0.9609391812   3.740235331    1.498037827    1.264952158    0.05528211635  0.8789870336   0.1618954136   2.078701858    
222      I1         1.031569625    1.614103081    0.9486400733   4.944730647    3.227917831    1.855205236    1.651090912    0.3882991492   1.136682478    2.011338608    
223      I1         0.5094663364   1.425525521    0.03702500014  9.336760321    2.989464185    2.478705676    2.987872678    0.9813130388   0.2467321695   2.293114711    
224      I1         1.783188645    1.042055073    0.01096722084  6.17371461     3.060915399    2.493736558    1.936736776    0.5682068052   0.1279729862   1.56249291     
225      I1         0.6263816946   1.749257324    0.7784345942   2.368790368    1.232927153    3.104974797    0.6552940158   0.5974711431   1.09279643     2.292947709    
226      I1         0.5702487049   2.066444463    0.4302310682   3.330466053    1.850548838    1.887447651    2.315866658    0.1475546986   0.4729105468   2.17108832     
227      I1         1.024984263    1.550618968    0.9571056477   0.2471027414   1.65885405     3.400229651    0.2188061628   0.6603336486   0.2043119256   2.238780287    
228      I1         0.3052678245   2.555003389    0.3182065859   3.237467964    1.12836244     1.477217221    0.5141239158   0.7507595366   0.1496119964   2.514285457    
229      I1         1.205255055    2.372407311    0.3645190706   8.850027941    2.344634375    2.704581079    1.491604097    0.4383971186   0.6722296516   1.787637876    
230      I1         1.956310536    1.487467654    0.6701648046   8.370694267    2.978344882    1.025473209    0.2760762866   0.02392432088  1.034716517    1.438065239    
231      I1         1.23714383     1.850722746    0.6976976822   3.057794173    2.789223225    1.085434055    0.8844878752   0.7553280167   0.4375631096   1.891509567    
232      I1         1.005887567    2.175444903    0.7513061837   1.697965596    1.418313228    3.201627984    0.6641101064   0.8295657846   0.7389822754   2.193100913    
233      I1         0.4479365181   1.702042258    0.7347131634   3.653321701    2.89194969     1.758940072    0.09558385917  0.2102925261   0.2516787663   2.373655149    
234      I1         1.452181115    1.952210491    0.2100086081   9.558525774    1.701845824    2.590814292    1.017395017    0.4478988496   0.4288503002   1.894497249    
235      I1         1.126024947    2.477854227    0.8883672173   3.870790833    3.050593053    1.065220498    0.3273412944   0.048856968    0.6222467991   1.961100859    
236      I1         1.758476031    2.462764673    0.6035682808   2.60429237     2.205922223    2.210613739    2.56643468     0.06151024498  0.07678404345  1.561783413    
237      I1         1.574434238    1.254938783    0.05017522815  1.66206463     2.193889339    1.795783724    1.116822869    0.642025131    0.9564499909   1.647216941    
238      I1         0.8884118105   1.213851171    0.1212022547   2.422169915    2.522986541    1.644935024    2.786979858    0.5959057594   0.7575295312   1.917438221    
239      I1         1.876269462    1.371707752    0.8293473716   7.597962029    2.500565311    3.153738255    2.229455257    0.184581916    0.3142729987   1.561031748    
240      I1         1.518732135    1.717746796    0.9517507719   8.936535391    3.104595831    2.564674075    2.365517818    0.2792558501   0.1400420993   1.746352572    
241      I1         1.592116285    1.51774427     0.7444982186   7.206321713    1.598984007    1.373173293    2.914337417    0.957564639    0.2824201393   2.016719813    
242      I1         1.564016217    1.675837711    0.5243620839   6.12550125     1.193691687    1.326682616    2.736910765    0.6941519091   0.638686548    2.188232259    
243      I1         0.6296351808   1.607062876    0.2826624194   8.284955499    1.845566438    3.131029971    1.059015923    0.6899033841   0.7967303243   2.14536863     
244      I1         0.9445149779   1.522818988    0.8757972593   6.314711872    2.306169751    2.640604376    1.925598564    0.9334278124   0.9865431024   2.035810625    
245      I1         0.5570628343   2.673454282    0.4146187188   4.573291518    1.491200356    1.773165367    0.8795571241   0.6060899049   0.3003147161   2.351562767    
246      I1         1.841418893    2.347031718    0.6623060668   7.373662739    1.431307669    3.015307594    1.54556948     0.6809743128   0.3921685958   2.109738872    
247      I1         1.406987481    1.265502074    0.3915069734   8.573507468    1.884912074    2.557298903    2.728388239    0.1765773355   0.2281261947   1.872505502    
248      I1         1.860860465    1.802122459    0.3106671615   5.89654224     1.163049099    1.093790459    0.5526622512   0.3846876517   0.009037418199 2.277342754    
249      I1         0.7724829562   1.686736869    0.09433955728  1.81257532     2.187171299    1.216473773    0.4188999556   0.3569436783   0.08236969445  2.128617967    
250      I1         0.9931211435   2.578719527    0.06535929282  5.448511551    1.003893925    3.462016717    1.918177791    0.7946835326   1.013185501    2.169465465    
251      I1         1.557081237    1.588301778    0.2884011027   5.085836127    1.739699897    2.826241533    1.535236729    0.01688892971  0.5206413131   1.868355579    
252      I1         1.51752088     1.705854979    0.8386562516   2.701212951    1.343599194    1.354054919    2.283839803    0.6301692914   0.7536698135   2.150336847    
253      I1         0.7957480231   2.191445607    0.6766322016   8.788631933    3.473081087    2.795572217    1.001682807    0.555145962    0.1471440601   2.16302078     
254      I1         0.36004142     2.165513297    0.2621772818   8.749204652    1.171425871    1.777121873    0.1868876457   0.5649607762   0.1675310482   2.476540584    
255      I1         0.9177023502   2.091183159    0.5148475791   6.461216928    2.129330124    3.38032232     2.965197919    0.3127430557   0.2871249423   1.918451604    
256      I1         0.9989670997   1.941346502    0.07309836296  7.071226522    1.215000009    2.814085776    1.897851405    0.3736165629   0.1917855583   2.206917822    
257      I1         1.254082153    1.328667274    0.01532336792  7.737792291    1.259666949    2.369849505    0.1443488069   0.004016522457 0.516639844    2.186724038    
258      I1         1.622287052    2.161198875    0.7163051823   0.9593261186   3.429298578    1.595200843    1.797785827    0.1041108143   1.007369403    1.56876419     
259      I1         1.479476688    2.635292786    0.4849303703   2.553458432    2.42140412     1.570344644    0.08128058462  0.5184448463   0.6843949975   1.682553869    
260      I1         1.492923017    2.007974284    0.7479797478   3.167342921    1.994259935    1.399783494    0.5485266905   0.4736569038   0.1720610363   1.844813871    
261      I1         0.8936899455   2.25008588     0.7211783123   1.167673099    2.000992086    2.850397985    2.893863476    0.07273465153  0.3301457229   2.043523894    
262      I1         0.4976089969   1.767639995    0.4326552684   6.301441424    1.322212992    2.683573539    1.831177562    0.4700071392   0.6745841804   2.317339899    
263      I1         1.052531105    1.010688332    0.1926842945   8.669905264    2.162010487    3.497498606    0.5886212789   0.5818888578   0.9345297818   1.900497168    
264      I1         0.8789505393   2.694562258    0.1203424319   4.073278636    3.085206026    3.007589901    1.038490201    0.8338688038   0.4191135787   2.043122172    
265      I1         0.9821751427   1.197083982    0.8413093938   5.127866693    2.07809845     1.880220613    2.106068414    0.839459707    0.7147251777   2.073850799    
266      I1         1.701964074    2.382780579    0.4040675495   8.731854044    3.290292393    2.165628535    2.216612014    0.5237127343   0.5537449382   1.487569186    
267      I1         0.39845222     2.353332986    0.1937842831   7.906744585    2.722218755    1.660445048    0.4252164516   0.131565413    0.9787325014   2.138274551    
268      I1         0.7805910733   1.061946202    0.415143026    1.769414299    1.088493048    2.255551175    1.418766504    0.1696826347   0.4972441885   2.362015826    
269      I1         1.659968719    2.120810807    0.226241653    8.476879288    1.250377748    2.961726208    2.592730726    0.04525412923  0.9201719565   2.174925186    
270      I1         1.186805977    1.248939516    0.3373714494   4.135522521    2.388953899    2.521353431    1.234983084    0.6579385868   0.5442120328   1.89370284     
271      I1         1.361125029    2.324481988    0.5821217126   4.830118738    2.105967358    1.127873253    2.007976445    0.8724596727   1.081416069    1.741498654    
272      I1         1.182398971    1.231727704    0.816280494    1.619183891    3.36549056     1.403165046    1.55345136     0.2453856119   0.2619837604   1.947435914    
273      I1         0.5937185563   1.157178291    0.5576689306   7.465140334    2.818463437    2.127024413    1.278329861    0.001669500595 0.9122439624   2.262584679    
274      I1         1.608771412    1.648557062    0.346439444    3.100769735    1.221372547    1.676075845    1.693052362    0.7327871282   0.5394998615   2.191029313    
275      I1         0.3902345162   1.327864414    0.1339379517   9.124406446    1.201612547    1.32162283     1.420503768    0.1907387744   0.9833734904   2.309779395    
276      I1         0.7675012623   2.419043855    0.4810012562   9.357582849    3.495797662    3.340151184    1.087077552    0.223760902    0.03398914591  2.035328165    
277      I1         0.8414926297   1.576814556    0.2846092456   2.630568476    2.115564427    3.030207859    0.6145947086   0.05280713151  0.1881148458   1.99668672     
278      I1         0.5874682381   1.303784423    0.8990153957   6.769619037    2.803990828    1.498341353    1.844111533    0.5513681537   0.6612759316   2.317021444    
279      I1         1.674256652    2.668874854    0.8208800235   6.239655006    1.591183241    2.443164437    2.408380679    0.3415694521   0.3492408977   2.000836145    
280      I1         0.4433185135   1.720055247    0.7147995907   2.652348399    1.565704583    2.271010171    0.62291815     0.4549708023   0.02472143555  2.440573595    
281      I1         0.6098356177   2.590534515    0.3617229176   5.596082035    3.452431817    1.13336776     2.412721669    0.7315527128   1.067023267    1.986692572    
282      I1         0.719191177    1.535255594    0.6084472201   9.711192326    3.072333524    2.047343214    0.8317494882   0.4234953171   0.8869827928   2.105578974    
283      I1         1.459552999    2.629135782    0.246853168    0.5863888467   1.047151721    2.187249558    2.34747231     0.2159190955   0.3221490155   2.31865789     
284      I1         1.911398778    1.283147972    0.7373419219   0.3991321436   2.834014717    2.490322737    2.544492742    0.8163273068   0.8762577033   1.4531618      
285      I1         1.107474017    2.030189091    0.3424440375   6.151271188    1.284197725    1.805474831    0.8552969856   0.7702330092   0.1322552959   2.238335097    
286      I1         1.948251375    1.290716929    0.2530511585   0.6072840908   1.944380043    2.932238079    2.245727868    0.2385205776   0.4583132736   1.732710882    
287      I1         1.144801891    1.684763754    0.3040124925   2.96306762     2.413884859    1.509676673    2.189518444    0.9844048211   0.01602746123  1.99611651     
288      I1         1.69721588     1.340093733    0.6064335867   1.043329762    2.118460741    1.786842528    0.07806310046  0.4055661217   0.5095228022   1.724978301    
289      I1         0.7603459946   2.381482366    0.1464908311   0.9466208609   1.746690328    1.691413487    1.668531138    0.9537770543   0.677278843    2.1369409      
290      I1         0.3351591749   1.831704451    0.1717239359   8.344831779    2.736792525    2.237251094    0.3667146442   0.8573625138   0.8080638836   2.254473058    
291      I1         0.519434217    2.024418459    0.8905910108   2.197027371    2.917941484    2.531593332    2.386174126    0.3213900088   1.121365524    2.275288995    
292      I1         1.098367723    2.208117891    0.1177187429   7.577552967    2.966218213    1.162232145    2.554685489    0.1854114789   0.4485554708   1.826746706    
293      I1         1.82491466     1.07842609     0.9375802072   4.300063791    1.358549377    2.292996175    2.975139923    0.06935359414  0.05819895349  2.176994661    
294      I1         0.5014862514   1.469167139    0.7832098883   6.886137169    2.90700152     2.611958091    2.678897962    0.3520808461   1.024957354    2.203970676    
295      I1         1.712625696    1.693992783    0.2920256757   3.806226184    2.708222162    3.441305614    0.7638133234   0.5501575542   0.2181939342   1.573789997    
296      I1         1.771193562    1.310918435    0.09540675286  1.36328288     2.579102672    1.930252322    0.6349166313   0.8486351142   1.102690908    1.447270522    
297      I1         1.101323509    1.084743497    0.8812576073   2.109461332    3.126281054    2.628347232    0.6419632918   0.8472865735   0.9955426773   1.940838379    
298      I1         1.901462023    1.794869922    0.2229116651   2.233874507    2.026400103    2.384179944    2.828828885    0.9870738789   0.8793173553   1.611953889    
299      I1         0.9059262998   2.339796042    0.641496781    3.171506859    1.280921583    2.992503001    0.9454382972   0.729240524    0.7045546013   2.236908779    
300      I1         0.3540151082   1.109985789    0.8322045175   8.21236354     1.928845776    1.443845274    0.2457813899   0.677725256    0.1228446193   2.519433373    
301      I1         1.989506173    2.689506173    0.01604938272  3.338888889    3.330246914    3.484567901    2.981481481    0.006111111111 1.138925926    0.8963485716   
302      I1         1.989506173    2.689506173    0.01604938272  6.761111111    3.484567901    3.484567901    2.981481481    0.8861111111   1.138925926    1.148708209    
303      I1         1.989506173    2.689506173    0.01604938272  0.7722222222   3.145061728    3.484567901    0.01851851852  0.006111111111 1.138925926    1.087698879    
304      I1         1.989506173    2.689506173    0.01604938272  9.327777778    3.484567901    3.484567901    0.01851851852  0.9838888889   1.138925926    1.261822677    
305      I1         1.989506173    2.689506173    0.01604938272  9.938888889    2.836419753    3.484567901    0.01851851852  0.006111111111 1.138925926    1.139880025    
306      I1         1.989506173    2.689506173    0.01604938272  3.338888889    2.836419753    3.484567901    2.981481481    0.6661111111   1.138925926    1.012970443    
307      I1         1.989506173    2.689506173    0.01604938272  6.761111111    2.74382716     3.484567901    0.01851851852  0.9838888889   1.138925926    1.301412135    
308      I1         1.989506173    2.689506173    0.01604938272  3.338888889    3.114197531    1.262345679    2.981481481    0.006111111111 1.138925926    1.162993824    
309      I1         1.989506173    1.052469136    0.5604938272   6.638888889    3.484567901    3.484567901    2.981481481    0.006111111111 1.138925926    1.379553603    
310      I1         1.989506173    2.689506173    0.01604938272  0.1611111111   2.37345679     1.015432099    2.981481481    0.1038888889   1.138925926    1.403995744    
311      I1         1.989506173    2.689506173    0.01604938272  3.338888889    2.959876543    3.484567901    2.981481481    0.006111111111 0.007074074074 0.8747249598   
312      I1         1.989506173    1.010493827    0.3427160494   6.638888889    3.484567901    1.015432099    2.981481481    0.006111111111 1.138925926    1.378114755    
313      I1         1.989506173    1.010493827    0.3427160494   6.638888889    3.484567901    1.015432099    0.01851851852  0.9838888889   1.138925926    1.269111413    
314      I1         1.989506173    1.010493827    0.6572839506   6.638888889    3.484567901    1.015432099    2.981481481    0.9838888889   1.138925926    1.273180364    
315      I1         1.989506173    1.010493827    0.6572839506   6.638888889    2.805555556    1.015432099    2.981481481    0.006111111111 1.138925926    1.440789638    
%eval_id interface log__t_efold_shallow log__t_efold_soil f_exfiltration_shallow PDD_melt_factor log__H0_pdm_shallow log__H0_pdm_soil log__fdd_threshold f_tile_shallow log__tau_tile  neg_kge        
316      I1         1.989506173    2.689506173    0.01604938272  3.338888889    2.959876543    3.484567901    2.981481481    0.006111111111 0.007074074074 0.8747249598   
317      I1         1.989506173    2.689506173    0.1140493827   3.338888889    2.959876543    3.484567901    2.981481481    0.006111111111 0.007074074074 0.866514189    
318      I1         1.989506173    2.689506173    0.01604938272  4.328888889    2.959876543    3.484567901    2.981481481    0.006111111111 0.007074074074 0.8758855338   
319      I1         1.989506173    2.689506173    0.01604938272  3.338888889    3.209876543    3.484567901    2.981481481    0.006111111111 0.007074074074 0.8948831029   
320      I1         1.989506173    2.689506173    0.01604938272  3.338888889    2.959876543    3.484567901    2.981481481    0.1051111111   0.007074074074 0.8665521511   
321      I1         1.989506173    2.689506173    0.01604938272  3.338888889    2.959876543    3.484567901    2.981481481    0.006111111111 0.1216740741   0.8747317203   
322      I1         1.819506173    2.689506173    0.01604938272  3.338888889    2.959876543    3.484567901    2.981481481    0.006111111111 0.007074074074 0.8755253426   
323      I1         1.989506173    2.519506173    0.01604938272  3.338888889    2.959876543    3.484567901    2.981481481    0.006111111111 0.007074074074 0.9372453878   
324      I1         1.989506173    2.689506173    0.01604938272  2.348888889    2.959876543    3.484567901    2.981481481    0.006111111111 0.007074074074 0.8733652007   
325      I1         1.989506173    2.689506173    0.01604938272  3.338888889    2.709876543    3.484567901    2.981481481    0.006111111111 0.007074074074 0.8720702781   
326      I1         1.989506173    2.689506173    0.01604938272  3.338888889    2.959876543    3.234567901    2.981481481    0.006111111111 0.007074074074 0.8749478204   
327      I1         1.989506173    2.689506173    0.01604938272  3.338888889    2.959876543    3.484567901    2.681481481    0.006111111111 0.007074074074 0.9236407697   
328      I1         1.989506173    2.689506173    0.06504938272  3.338888889    2.959876543    3.484567901    2.981481481    0.006111111111 0.007074074074 0.8677277107   
329      I1         1.989506173    2.689506173    0.01604938272  3.833888889    2.959876543    3.484567901    2.981481481    0.006111111111 0.007074074074 0.8754318178   
330      I1         1.989506173    2.689506173    0.01604938272  3.338888889    3.084876543    3.484567901    2.981481481    0.006111111111 0.007074074074 0.8857682445   
331      I1         1.989506173    2.689506173    0.01604938272  3.338888889    2.959876543    3.484567901    2.981481481    0.05561111111  0.007074074074 0.8677990246   
332      I1         1.989506173    2.689506173    0.01604938272  3.338888889    2.959876543    3.484567901    2.981481481    0.006111111111 0.06437407407  0.8747280685   
333      I1         1.904506173    2.689506173    0.01604938272  3.338888889    2.959876543    3.484567901    2.981481481    0.006111111111 0.007074074074 0.8754500278   
334      I1         1.989506173    2.604506173    0.01604938272  3.338888889    2.959876543    3.484567901    2.981481481    0.006111111111 0.007074074074 0.9064287095   
335      I1         1.989506173    2.689506173    0.01604938272  2.843888889    2.959876543    3.484567901    2.981481481    0.006111111111 0.007074074074 0.8738399988   
336      I1         1.989506173    2.689506173    0.01604938272  3.338888889    2.834876543    3.484567901    2.981481481    0.006111111111 0.007074074074 0.8684610673   
337      I1         1.989506173    2.689506173    0.01604938272  3.338888889    2.959876543    3.359567901    2.981481481    0.006111111111 0.007074074074 0.8746887594   
338      I1         1.989506173    2.689506173    0.01604938272  3.338888889    2.959876543    3.484567901    2.831481481    0.006111111111 0.007074074074 0.887664474    
339      I1         1.989506173    2.689506173    0.06504938272  3.833888889    2.959876543    3.484567901    2.981481481    0.006111111111 0.007074074074 0.8684350316   
340      I1         1.989506173    2.689506173    0.06504938272  3.338888889    3.084876543    3.484567901    2.981481481    0.006111111111 0.007074074074 0.8766726973   
341      I1         1.989506173    2.689506173    0.06504938272  3.338888889    2.959876543    3.484567901    2.981481481    0.05561111111  0.007074074074 0.8664604268   
342      I1         1.989506173    2.689506173    0.06504938272  3.338888889    2.959876543    3.484567901    2.981481481    0.006111111111 0.06437407407  0.8677287626   
343      I1         1.904506173    2.689506173    0.06504938272  3.338888889    2.959876543    3.484567901    2.981481481    0.006111111111 0.007074074074 0.8689692775   
344      I1         1.989506173    2.604506173    0.06504938272  3.338888889    2.959876543    3.484567901    2.981481481    0.006111111111 0.007074074074 0.9001228616   
345      I1         1.989506173    2.689506173    0.01604938272  3.338888889    2.959876543    3.484567901    2.981481481    0.006111111111 0.007074074074 0.8747249598   
346      I1         1.989506173    2.689506173    0.06504938272  2.843888889    2.959876543    3.484567901    2.981481481    0.006111111111 0.007074074074 0.8669372645   
347      I1         1.989506173    2.689506173    0.06504938272  3.338888889    2.834876543    3.484567901    2.981481481    0.006111111111 0.007074074074 0.8644326632   
348      I1         1.989506173    2.689506173    0.06504938272  3.338888889    2.959876543    3.359567901    2.981481481    0.006111111111 0.007074074074 0.8684230265   
349      I1         1.989506173    2.689506173    0.06504938272  3.338888889    2.959876543    3.484567901    2.831481481    0.006111111111 0.007074074074 0.8815862762   
350      I1         1.989506173    2.689506173    0.1140493827   3.338888889    2.834876543    3.484567901    2.981481481    0.006111111111 0.007074074074 0.8658607199   
351      I1         1.989506173    2.689506173    0.06504938272  3.833888889    2.834876543    3.484567901    2.981481481    0.006111111111 0.007074074074 0.8653859169   
352      I1         1.989506173    2.689506173    0.06504938272  3.338888889    2.834876543    3.484567901    2.981481481    0.05561111111  0.007074074074 0.8656108846   
353      I1         1.989506173    2.689506173    0.06504938272  3.338888889    2.834876543    3.484567901    2.981481481    0.006111111111 0.06437407407  0.8644301632   
354      I1         1.904506173    2.689506173    0.06504938272  3.338888889    2.834876543    3.484567901    2.981481481    0.006111111111 0.007074074074 0.8654691779   
355      I1         1.989506173    2.604506173    0.06504938272  3.338888889    2.834876543    3.484567901    2.981481481    0.006111111111 0.007074074074 0.8958933259   
356      I1         1.989506173    2.689506173    0.01604938272  3.338888889    2.834876543    3.484567901    2.981481481    0.006111111111 0.007074074074 0.8684610673   
357      I1         1.989506173    2.689506173    0.06504938272  2.843888889    2.834876543    3.484567901    2.981481481    0.006111111111 0.007074074074 0.8633491116   
358      I1         1.989506173    2.689506173    0.06504938272  3.338888889    2.709876543    3.484567901    2.981481481    0.006111111111 0.007074074074 0.8701557249   
359      I1         1.989506173    2.689506173    0.06504938272  3.338888889    2.834876543    3.359567901    2.981481481    0.006111111111 0.007074074074 0.8657621204   
360      I1         1.989506173    2.689506173    0.06504938272  3.338888889    2.834876543    3.484567901    2.831481481    0.006111111111 0.007074074074 0.8788085116   
361      I1         1.989506173    2.689506173    0.08954938272  3.338888889    2.834876543    3.484567901    2.981481481    0.006111111111 0.007074074074 0.864584732    
362      I1         1.989506173    2.689506173    0.06504938272  3.586388889    2.834876543    3.484567901    2.981481481    0.006111111111 0.007074074074 0.8649193121   
363      I1         1.989506173    2.689506173    0.06504938272  3.338888889    2.897376543    3.484567901    2.981481481    0.006111111111 0.007074074074 0.8653103379   
364      I1         1.989506173    2.689506173    0.06504938272  3.338888889    2.834876543    3.484567901    2.981481481    0.03086111111  0.007074074074 0.8645029646   
365      I1         1.989506173    2.689506173    0.06504938272  3.338888889    2.834876543    3.484567901    2.981481481    0.006111111111 0.03572407407  0.8644314679   
366      I1         1.947006173    2.689506173    0.06504938272  3.338888889    2.834876543    3.484567901    2.981481481    0.006111111111 0.007074074074 0.8650028116   
367      I1         1.989506173    2.647006173    0.06504938272  3.338888889    2.834876543    3.484567901    2.981481481    0.006111111111 0.007074074074 0.880512789    
368      I1         1.989506173    2.689506173    0.04054938272  3.338888889    2.834876543    3.484567901    2.981481481    0.006111111111 0.007074074074 0.8658004662   
369      I1         1.989506173    2.689506173    0.06504938272  3.091388889    2.834876543    3.484567901    2.981481481    0.006111111111 0.007074074074 0.8638902104   
370      I1         1.989506173    2.689506173    0.06504938272  3.338888889    2.772376543    3.484567901    2.981481481    0.006111111111 0.007074074074 0.8660030176   
371      I1         1.989506173    2.689506173    0.06504938272  3.338888889    2.834876543    3.422067901    2.981481481    0.006111111111 0.007074074074 0.8650216995   
372      I1         1.989506173    2.689506173    0.06504938272  3.338888889    2.834876543    3.484567901    2.906481481    0.006111111111 0.007074074074 0.8694777232   
373      I1         1.989506173    2.689506173    0.07729938272  3.338888889    2.834876543    3.484567901    2.981481481    0.006111111111 0.007074074074 0.8644125364   
374      I1         1.989506173    2.689506173    0.06504938272  3.462638889    2.834876543    3.484567901    2.981481481    0.006111111111 0.007074074074 0.8646764725   
375      I1         1.989506173    2.689506173    0.06504938272  3.338888889    2.866126543    3.484567901    2.981481481    0.006111111111 0.007074074074 0.8645218241   
376      I1         1.989506173    2.689506173    0.06504938272  3.338888889    2.834876543    3.484567901    2.981481481    0.01848611111  0.007074074074 0.8643954946   
377      I1         1.989506173    2.689506173    0.06504938272  3.338888889    2.834876543    3.484567901    2.981481481    0.006111111111 0.02139907407  0.8644320787   
378      I1         1.968256173    2.689506173    0.06504938272  3.338888889    2.834876543    3.484567901    2.981481481    0.006111111111 0.007074074074 0.8646969709   
379      I1         1.989506173    2.668256173    0.06504938272  3.338888889    2.834876543    3.484567901    2.981481481    0.006111111111 0.007074074074 0.8724315372   
380      I1         1.989506173    2.689506173    0.05279938272  3.338888889    2.834876543    3.484567901    2.981481481    0.006111111111 0.007074074074 0.8648265577   
381      I1         1.989506173    2.689506173    0.06504938272  3.215138889    2.834876543    3.484567901    2.981481481    0.006111111111 0.007074074074 0.8641657347   
382      I1         1.989506173    2.689506173    0.06504938272  3.338888889    2.803626543    3.484567901    2.981481481    0.006111111111 0.007074074074 0.8649611559   
383      I1         1.989506173    2.689506173    0.06504938272  3.338888889    2.834876543    3.453317901    2.981481481    0.006111111111 0.007074074074 0.8647044152   
384      I1         1.989506173    2.689506173    0.06504938272  3.338888889    2.834876543    3.484567901    2.943981481    0.006111111111 0.007074074074 0.8660828831   
385      I1         1.989506173    2.689506173    0.07729938272  3.215138889    2.834876543    3.484567901    2.981481481    0.006111111111 0.007074074074 0.8641527637   
386      I1         1.989506173    2.689506173    0.06504938272  3.215138889    2.866126543    3.484567901    2.981481481    0.006111111111 0.007074074074 0.864284912    
387      I1         1.989506173    2.689506173    0.06504938272  3.215138889    2.834876543    3.484567901    2.981481481    0.01848611111  0.007074074074 0.8641368895   
388      I1         1.989506173    2.689506173    0.06504938272  3.215138889    2.834876543    3.484567901    2.981481481    0.006111111111 0.02139907407  0.8641651557   
389      I1         1.968256173    2.689506173    0.06504938272  3.215138889    2.834876543    3.484567901    2.981481481    0.006111111111 0.007074074074 0.8644152144   
390      I1         1.989506173    2.668256173    0.06504938272  3.215138889    2.834876543    3.484567901    2.981481481    0.006111111111 0.007074074074 0.8721901923   
391      I1         1.989506173    2.689506173    0.05279938272  3.215138889    2.834876543    3.484567901    2.981481481    0.006111111111 0.007074074074 0.8645790083   
392      I1         1.989506173    2.689506173    0.06504938272  3.091388889    2.834876543    3.484567901    2.981481481    0.006111111111 0.007074074074 0.8638902104   
393      I1         1.989506173    2.689506173    0.06504938272  3.215138889    2.803626543    3.484567901    2.981481481    0.006111111111 0.007074074074 0.8646864739   
394      I1         1.989506173    2.689506173    0.06504938272  3.215138889    2.834876543    3.453317901    2.981481481    0.006111111111 0.007074074074 0.8644308187   
395      I1         1.989506173    2.689506173    0.06504938272  3.215138889    2.834876543    3.484567901    2.943981481    0.006111111111 0.007074074074 0.8657729101   
396      I1         1.989506173    2.689506173    0.07729938272  3.091388889    2.834876543    3.484567901    2.981481481    0.006111111111 0.007074074074 0.8638678158   
397      I1         1.989506173    2.689506173    0.06504938272  3.091388889    2.866126543    3.484567901    2.981481481    0.006111111111 0.007074074074 0.8640379851   
398      I1         1.989506173    2.689506173    0.06504938272  3.091388889    2.834876543    3.484567901    2.981481481    0.01848611111  0.007074074074 0.8638452495   
399      I1         1.989506173    2.689506173    0.06504938272  3.091388889    2.834876543    3.484567901    2.981481481    0.006111111111 0.02139907407  0.8638896368   
400      I1         1.968256173    2.689506173    0.06504938272  3.091388889    2.834876543    3.484567901    2.981481481    0.006111111111 0.007074074074 0.8641244954   
401      I1         1.989506173    2.668256173    0.06504938272  3.091388889    2.834876543    3.484567901    2.981481481    0.006111111111 0.007074074074 0.871887046    
402      I1         1.989506173    2.689506173    0.05279938272  3.091388889    2.834876543    3.484567901    2.981481481    0.006111111111 0.007074074074 0.8643199429   
403      I1         1.989506173    2.689506173    0.06504938272  2.967638889    2.834876543    3.484567901    2.981481481    0.006111111111 0.007074074074 0.8635959444   
404      I1         1.989506173    2.689506173    0.06504938272  3.091388889    2.803626543    3.484567901    2.981481481    0.006111111111 0.007074074074 0.8643923456   
405      I1         1.989506173    2.689506173    0.06504938272  3.091388889    2.834876543    3.453317901    2.981481481    0.006111111111 0.007074074074 0.864150096    
406      I1         1.989506173    2.689506173    0.06504938272  3.091388889    2.834876543    3.484567901    2.943981481    0.006111111111 0.007074074074 0.8655234599   
407      I1         1.989506173    2.689506173    0.07729938272  2.967638889    2.834876543    3.484567901    2.981481481    0.006111111111 0.007074074074 0.863553654    
408      I1         1.989506173    2.689506173    0.06504938272  2.967638889    2.866126543    3.484567901    2.981481481    0.006111111111 0.007074074074 0.86379462     
409      I1         1.989506173    2.689506173    0.06504938272  2.967638889    2.834876543    3.484567901    2.981481481    0.01848611111  0.007074074074 0.8635304972   
410      I1         1.989506173    2.689506173    0.06504938272  2.967638889    2.834876543    3.484567901    2.981481481    0.006111111111 0.02139907407  0.8635953796   
411      I1         1.968256173    2.689506173    0.06504938272  2.967638889    2.834876543    3.484567901    2.981481481    0.006111111111 0.007074074074 0.863822686    
412      I1         1.989506173    2.668256173    0.06504938272  2.967638889    2.834876543    3.484567901    2.981481481    0.006111111111 0.007074074074 0.8715738293   
413      I1         1.989506173    2.689506173    0.05279938272  2.967638889    2.834876543    3.484567901    2.981481481    0.006111111111 0.007074074074 0.864051309    
414      I1         1.989506173    2.689506173    0.06504938272  2.843888889    2.834876543    3.484567901    2.981481481    0.006111111111 0.007074074074 0.8633491116   
415      I1         1.989506173    2.689506173    0.06504938272  2.967638889    2.803626543    3.484567901    2.981481481    0.006111111111 0.007074074074 0.8640888387   
416      I1         1.989506173    2.689506173    0.06504938272  2.967638889    2.834876543    3.453317901    2.981481481    0.006111111111 0.007074074074 0.8638596566   
417      I1         1.989506173    2.689506173    0.06504938272  2.967638889    2.834876543    3.484567901    2.943981481    0.006111111111 0.007074074074 0.8652435289   
418      I1         1.989506173    2.689506173    0.07729938272  2.843888889    2.834876543    3.484567901    2.981481481    0.006111111111 0.007074074074 0.86328078     
419      I1         1.989506173    2.689506173    0.06504938272  2.843888889    2.866126543    3.484567901    2.981481481    0.006111111111 0.007074074074 0.8635954717   
420      I1         1.989506173    2.689506173    0.06504938272  2.843888889    2.834876543    3.484567901    2.981481481    0.01848611111  0.007074074074 0.8632607274   
421      I1         1.989506173    2.689506173    0.06504938272  2.843888889    2.834876543    3.484567901    2.981481481    0.006111111111 0.02139907407  0.8633485586   
422      I1         1.968256173    2.689506173    0.06504938272  2.843888889    2.834876543    3.484567901    2.981481481    0.006111111111 0.007074074074 0.8635727875   
423      I1         1.989506173    2.668256173    0.06504938272  2.843888889    2.834876543    3.484567901    2.981481481    0.006111111111 0.007074074074 0.8713021841   
424      I1         1.989506173    2.689506173    0.05279938272  2.843888889    2.834876543    3.484567901    2.981481481    0.006111111111 0.007074074074 0.8638485251   
425      I1         1.989506173    2.689506173    0.06504938272  2.720138889    2.834876543    3.484567901    2.981481481    0.006111111111 0.007074074074 0.8630472753   
426      I1         1.989506173    2.689506173    0.06504938272  2.843888889    2.803626543    3.484567901    2.981481481    0.006111111111 0.007074074074 0.863801682    
427      I1         1.989506173    2.689506173    0.06504938272  2.843888889    2.834876543    3.453317901    2.981481481    0.006111111111 0.007074074074 0.8636110578   
428      I1         1.989506173    2.689506173    0.06504938272  2.843888889    2.834876543    3.484567901    2.943981481    0.006111111111 0.007074074074 0.8648288973   
429      I1         1.989506173    2.689506173    0.08954938272  2.720138889    2.834876543    3.484567901    2.981481481    0.006111111111 0.007074074074 0.8631288857   
430      I1         1.989506173    2.689506173    0.06504938272  2.967638889    2.834876543    3.484567901    2.981481481    0.006111111111 0.007074074074 0.8635959444   
431      I1         1.989506173    2.689506173    0.06504938272  2.720138889    2.897376543    3.484567901    2.981481481    0.006111111111 0.007074074074 0.8641573618   
432      I1         1.989506173    2.689506173    0.06504938272  2.720138889    2.834876543    3.484567901    2.981481481    0.03086111111  0.007074074074 0.863063756    
433      I1         1.989506173    2.689506173    0.06504938272  2.720138889    2.834876543    3.484567901    2.981481481    0.006111111111 0.03572407407  0.863046154    
434      I1         1.947006173    2.689506173    0.06504938272  2.720138889    2.834876543    3.484567901    2.981481481    0.006111111111 0.007074074074 0.8635259402   
435      I1         1.989506173    2.647006173    0.06504938272  2.720138889    2.834876543    3.484567901    2.981481481    0.006111111111 0.007074074074 0.8792024002   
436      I1         1.989506173    2.689506173    0.04054938272  2.720138889    2.834876543    3.484567901    2.981481481    0.006111111111 0.007074074074 0.8645327984   
437      I1         1.989506173    2.689506173    0.06504938272  2.472638889    2.834876543    3.484567901    2.981481481    0.006111111111 0.007074074074 0.8630567472   
438      I1         1.989506173    2.689506173    0.06504938272  2.720138889    2.772376543    3.484567901    2.981481481    0.006111111111 0.007074074074 0.864458223    
439      I1         1.989506173    2.689506173    0.06504938272  2.720138889    2.834876543    3.422067901    2.981481481    0.006111111111 0.007074074074 0.8635964257   
440      I1         1.989506173    2.689506173    0.06504938272  2.720138889    2.834876543    3.484567901    2.906481481    0.006111111111 0.007074074074 0.8680564963   
441      I1         1.989506173    2.689506173    0.07729938272  2.720138889    2.834876543    3.484567901    2.981481481    0.006111111111 0.007074074074 0.8629571426   
442      I1         1.989506173    2.689506173    0.06504938272  2.720138889    2.866126543    3.484567901    2.981481481    0.006111111111 0.007074074074 0.863301728    
443      I1         1.989506173    2.689506173    0.06504938272  2.720138889    2.834876543    3.484567901    2.981481481    0.01848611111  0.007074074074 0.8629397618   
444      I1         1.989506173    2.689506173    0.06504938272  2.720138889    2.834876543    3.484567901    2.981481481    0.006111111111 0.02139907407  0.8630467275   
445      I1         1.968256173    2.689506173    0.06504938272  2.720138889    2.834876543    3.484567901    2.981481481    0.006111111111 0.007074074074 0.8632609592   
446      I1         1.989506173    2.668256173    0.06504938272  2.720138889    2.834876543    3.484567901    2.981481481    0.006111111111 0.007074074074 0.8709792629   
447      I1         1.989506173    2.689506173    0.05279938272  2.720138889    2.834876543    3.484567901    2.981481481    0.006111111111 0.007074074074 0.8635672114   
448      I1         1.989506173    2.689506173    0.06504938272  2.596388889    2.834876543    3.484567901    2.981481481    0.006111111111 0.007074074074 0.8632981981   
449      I1         1.989506173    2.689506173    0.06504938272  2.720138889    2.803626543    3.484567901    2.981481481    0.006111111111 0.007074074074 0.863461093    
450      I1         1.989506173    2.689506173    0.06504938272  2.720138889    2.834876543    3.453317901    2.981481481    0.006111111111 0.007074074074 0.863301243    
451      I1         1.989506173    2.689506173    0.06504938272  2.720138889    2.834876543    3.484567901    2.943981481    0.006111111111 0.007074074074 0.8645236815   
452      I1         1.989506173    2.689506173    0.07117438272  2.720138889    2.834876543    3.484567901    2.981481481    0.006111111111 0.007074074074 0.8629489118   
453      I1         1.989506173    2.689506173    0.06504938272  2.782013889    2.834876543    3.484567901    2.981481481    0.006111111111 0.007074074074 0.8631617903   
454      I1         1.989506173    2.689506173    0.06504938272  2.720138889    2.850501543    3.484567901    2.981481481    0.006111111111 0.007074074074 0.8631119213   
455      I1         1.989506173    2.689506173    0.06504938272  2.720138889    2.834876543    3.484567901    2.981481481    0.01229861111  0.007074074074 0.8629430359   
456      I1         1.989506173    2.689506173    0.06504938272  2.720138889    2.834876543    3.484567901    2.981481481    0.006111111111 0.01423657407  0.8630470046   
457      I1         1.978881173    2.689506173    0.06504938272  2.720138889    2.834876543    3.484567901    2.981481481    0.006111111111 0.007074074074 0.8631526109   
458      I1         1.989506173    2.678881173    0.06504938272  2.720138889    2.834876543    3.484567901    2.981481481    0.006111111111 0.007074074074 0.8670488129   
459      I1         1.989506173    2.689506173    0.05892438272  2.720138889    2.834876543    3.484567901    2.981481481    0.006111111111 0.007074074074 0.8632554558   
460      I1         1.989506173    2.689506173    0.06504938272  2.658263889    2.834876543    3.484567901    2.981481481    0.006111111111 0.007074074074 0.8631821344   
461      I1         1.989506173    2.689506173    0.06504938272  2.720138889    2.819251543    3.484567901    2.981481481    0.006111111111 0.007074074074 0.8631753177   
462      I1         1.989506173    2.689506173    0.06504938272  2.720138889    2.834876543    3.468942901    2.981481481    0.006111111111 0.007074074074 0.8631710402   
463      I1         1.989506173    2.689506173    0.06504938272  2.720138889    2.834876543    3.484567901    2.962731481    0.006111111111 0.007074074074 0.8635226356   
464      I1         1.989506173    2.689506173    0.07117438272  2.720138889    2.834876543    3.484567901    2.981481481    0.01229861111  0.007074074074 0.8629480715   
465      I1         1.989506173    2.689506173    0.06504938272  2.782013889    2.834876543    3.484567901    2.981481481    0.01229861111  0.007074074074 0.863061264    
466      I1         1.989506173    2.689506173    0.06504938272  2.720138889    2.850501543    3.484567901    2.981481481    0.01229861111  0.007074074074 0.8629204878   
467      I1         1.989506173    2.689506173    0.06504938272  2.720138889    2.834876543    3.484567901    2.981481481    0.01229861111  0.01423657407  0.8629424626   
468      I1         1.978881173    2.689506173    0.06504938272  2.720138889    2.834876543    3.484567901    2.981481481    0.01229861111  0.007074074074 0.8630696983   
469      I1         1.989506173    2.678881173    0.06504938272  2.720138889    2.834876543    3.484567901    2.981481481    0.01229861111  0.007074074074 0.8669557392   
470      I1         1.989506173    2.689506173    0.05892438272  2.720138889    2.834876543    3.484567901    2.981481481    0.01229861111  0.007074074074 0.8630426592   
471      I1         1.989506173    2.689506173    0.06504938272  2.658263889    2.834876543    3.484567901    2.981481481    0.01229861111  0.007074074074 0.8630786796   
472      I1         1.989506173    2.689506173    0.06504938272  2.720138889    2.819251543    3.484567901    2.981481481    0.01229861111  0.007074074074 0.8631211336   
473      I1         1.989506173    2.689506173    0.06504938272  2.720138889    2.834876543    3.468942901    2.981481481    0.01229861111  0.007074074074 0.8630759556   
474      I1         1.989506173    2.689506173    0.06504938272  2.720138889    2.834876543    3.484567901    2.962731481    0.01229861111  0.007074074074 0.8634729143   
475      I1         1.994818673    2.689506173    0.06504938272  2.720138889    2.834876543    3.484567901    2.981481481    0.01229861111  0.007074074074 0.8628793698   
476      I1         1.989506173    2.694818673    0.06504938272  2.720138889    2.834876543    3.484567901    2.981481481    0.01229861111  0.007074074074 0.8609430284   
477      I1         1.989506173    2.689506173    0.06811188272  2.720138889    2.834876543    3.484567901    2.981481481    0.01229861111  0.007074074074 0.8629294536   
478      I1         1.989506173    2.689506173    0.06504938272  2.751076389    2.834876543    3.484567901    2.981481481    0.01229861111  0.007074074074 0.863016613    
479      I1         1.989506173    2.689506173    0.06504938272  2.720138889    2.842689043    3.484567901    2.981481481    0.01229861111  0.007074074074 0.8629089047   
480      I1         1.989506173    2.689506173    0.06504938272  2.720138889    2.834876543    3.492380401    2.981481481    0.01229861111  0.007074074074 0.8628770021   
481      I1         1.989506173    2.689506173    0.06504938272  2.720138889    2.834876543    3.484567901    2.990856481    0.01229861111  0.007074074074 0.8607014059   
482      I1         1.989506173    2.689506173    0.06504938272  2.720138889    2.834876543    3.484567901    2.981481481    0.01539236111  0.007074074074 0.8629242177   
483      I1         1.989506173    2.689506173    0.06504938272  2.720138889    2.834876543    3.484567901    2.981481481    0.01229861111  0.01065532407  0.8629427508   
484      I1         1.984193673    2.689506173    0.06504938272  2.720138889    2.834876543    3.484567901    2.981481481    0.01229861111  0.007074074074 0.8630029917   
485      I1         1.989506173    2.684193673    0.06504938272  2.720138889    2.834876543    3.484567901    2.981481481    0.01229861111  0.007074074074 0.8649551809   
486      I1         1.989506173    2.689506173    0.06198688272  2.720138889    2.834876543    3.484567901    2.981481481    0.01229861111  0.007074074074 0.8629757493   
487      I1         1.989506173    2.689506173    0.06504938272  2.689201389    2.834876543    3.484567901    2.981481481    0.01229861111  0.007074074074 0.8631559713   
488      I1         1.989506173    2.689506173    0.06504938272  2.720138889    2.827064043    3.484567901    2.981481481    0.01229861111  0.007074074074 0.8630199358   
489      I1         1.989506173    2.689506173    0.06504938272  2.720138889    2.834876543    3.476755401    2.981481481    0.01229861111  0.007074074074 0.8630082977   
490      I1         1.989506173    2.689506173    0.06504938272  2.720138889    2.834876543    3.484567901    2.972106481    0.01229861111  0.007074074074 0.8641591602   
491      I1         1.989506173    2.689506173    0.06504938272  2.720138889    2.834876543    3.484567901    2.981481481    0.009204861111 0.007074074074 0.8629780578   
492      I1         1.989506173    2.689506173    0.06504938272  2.720138889    2.834876543    3.484567901    2.981481481    0.01229861111  0.003492824074 0.8629433178   
493      I1         1.994818673    2.689506173    0.06504938272  2.720138889    2.834876543    3.484567901    2.990856481    0.01229861111  0.007074074074 0.8606656417   
494      I1         1.989506173    2.694818673    0.06504938272  2.720138889    2.834876543    3.484567901    2.990856481    0.01229861111  0.007074074074 0.8587297306   
495      I1         1.989506173    2.689506173    0.06811188272  2.720138889    2.834876543    3.484567901    2.990856481    0.01229861111  0.007074074074 0.8606700351   
496      I1         1.989506173    2.689506173    0.06504938272  2.751076389    2.834876543    3.484567901    2.990856481    0.01229861111  0.007074074074 0.8607695824   
497      I1         1.989506173    2.689506173    0.06504938272  2.720138889    2.842689043    3.484567901    2.990856481    0.01229861111  0.007074074074 0.8607174276   
498      I1         1.989506173    2.689506173    0.06504938272  2.720138889    2.834876543    3.492380401    2.990856481    0.01229861111  0.007074074074 0.8606385482   
499      I1         1.989506173    2.689506173    0.06504938272  2.720138889    2.834876543    3.484567901    2.990856481    0.01539236111  0.007074074074 0.8606666766   
500      I1         1.989506173    2.689506173    0.06504938272  2.720138889    2.834876543    3.484567901    2.990856481    0.01229861111  0.01065532407  0.8607011428   
501      I1         1.984193673    2.689506173    0.06504938272  2.720138889    2.834876543    3.484567901    2.990856481    0.01229861111  0.007074074074 0.8607413921   
502      I1         1.989506173    2.684193673    0.06504938272  2.720138889    2.834876543    3.484567901    2.990856481    0.01229861111  0.007074074074 0.8627034421   
503      I1         1.989506173    2.689506173    0.06198688272  2.720138889    2.834876543    3.484567901    2.990856481    0.01229861111  0.007074074074 0.8607680302   
504      I1         1.989506173    2.689506173    0.06504938272  2.689201389    2.834876543    3.484567901    2.990856481    0.01229861111  0.007074074074 0.8606179124   
505      I1         1.989506173    2.689506173    0.06504938272  2.720138889    2.827064043    3.484567901    2.990856481    0.01229861111  0.007074074074 0.8607429597   
506      I1         1.989506173    2.689506173    0.06504938272  2.720138889    2.834876543    3.476755401    2.990856481    0.01229861111  0.007074074074 0.8607664129   
507      I1         1.989506173    2.689506173    0.06504938272  2.720138889    2.834876543    3.484567901    2.990856481    0.009204861111 0.007074074074 0.8607686551   
508      I1         1.989506173    2.689506173    0.06504938272  2.720138889    2.834876543    3.484567901    2.990856481    0.01229861111  0.003492824074 0.860701666    
509      I1         1.994818673    2.694818673    0.06504938272  2.720138889    2.834876543    3.484567901    2.990856481    0.01229861111  0.007074074074 0.8587023178   
510      I1         1.989506173    2.694818673    0.06811188272  2.720138889    2.834876543    3.484567901    2.990856481    0.01229861111  0.007074074074 0.8587134514   
511      I1         1.989506173    2.694818673    0.06504938272  2.751076389    2.834876543    3.484567901    2.990856481    0.01229861111  0.007074074074 0.8587987132   
512      I1         1.989506173    2.694818673    0.06504938272  2.720138889    2.842689043    3.484567901    2.990856481    0.01229861111  0.007074074074 0.8587686064   
513      I1         1.989506173    2.694818673    0.06504938272  2.720138889    2.834876543    3.492380401    2.990856481    0.01229861111  0.007074074074 0.8586668745   
514      I1         1.989506173    2.694818673    0.06504938272  2.720138889    2.834876543    3.484567901    2.990856481    0.01539236111  0.007074074074 0.8587092814   
515      I1         1.989506173    2.694818673    0.06504938272  2.720138889    2.834876543    3.484567901    2.990856481    0.01229861111  0.01065532407  0.8587294835   
516      I1         1.984193673    2.694818673    0.06504938272  2.720138889    2.834876543    3.484567901    2.990856481    0.01229861111  0.007074074074 0.8587666951   
517      I1         1.989506173    2.694818673    0.06198688272  2.720138889    2.834876543    3.484567901    2.990856481    0.01229861111  0.007074074074 0.8588148677   
518      I1         1.989506173    2.694818673    0.06504938272  2.689201389    2.834876543    3.484567901    2.990856481    0.01229861111  0.007074074074 0.8586469626   
519      I1         1.989506173    2.694818673    0.06504938272  2.720138889    2.827064043    3.484567901    2.990856481    0.01229861111  0.007074074074 0.8587838252   
520      I1         1.989506173    2.694818673    0.06504938272  2.720138889    2.834876543    3.476755401    2.990856481    0.01229861111  0.007074074074 0.8587949646   
521      I1         1.989506173    2.694818673    0.06504938272  2.720138889    2.834876543    3.484567901    2.990856481    0.009204861111 0.007074074074 0.85881403     
522      I1         1.989506173    2.694818673    0.06504938272  2.720138889    2.834876543    3.484567901    2.990856481    0.01229861111  0.003492824074 0.8587299748   
