%eval_id interface log__t_efold_shallow log__t_efold_soil f_exfiltration_shallow PDD_melt_factor log__fdd_threshold snow_insulation_k baseflow_Q     neg_kge        
1        I1         1.230764125    1.47684756     0.7061470519   8.749204652    2.255813986    0.03782130859  0.2254110226   0.3106165362   
2        I1         1.841418893    2.013724513    0.5753347279   9.810060082    0.6118594352   0.1226441382   0.1017395017   0.5844459104   
3        I1         0.3540151082   1.783104062    0.01987104104  0.8260366477   2.333932804    0.07191750703  0.04711582756  0.8365225348   
4        I1         1.682335925    2.186006007    0.6588747364   8.618729449    0.5771287521   0.09843626258  0.1693052362   0.4361573456   
5        I1         1.117992494    2.689725624    0.8200926539   8.262434052    1.342152889    0.142369723    0.1348373174   0.4733512989   
6        I1         0.519434217    2.578719527    0.959576483    9.357582849    2.496446182    0.09343793421  0.09109934894  0.9867353576   
7        I1         0.8563423004   1.290716929    0.09879715739  3.453847976    2.456392491    0.06100823972  0.1947517798   0.3540236085   
8        I1         0.6158441461   2.273852932    0.784607915    5.163356792    0.1345321681   0.129609987    0.05693354812  1.099432966    
9        I1         0.8192857502   1.823230549    0.03416342229  7.335185488    2.08415103     0.1489308455   0.08900685746  0.6581195641   
10       I1         1.192182611    1.51774427     0.9090711576   0.9118954856   2.603564173    0.09559257793  0.08795571241  0.690520491    
11       I1         1.266159008    2.51442489     0.6141247422   3.026589051    2.571707726    0.1404090711   0.1577793398   0.3402287032   
12       I1         1.836356129    2.29651723     0.4874378318   2.652348399    2.359461855    0.06822988652  0.1211480416   0.5842871417   
13       I1         1.026046435    2.037781874    0.8322045175   1.66206463     1.999537154    0.1107249468   0.004464897761 1.710159954    
14       I1         0.5874682381   1.322749343    0.833652634    1.769414299    1.556640794    0.02916994958  0.0121763921   1.771869176    
15       I1         0.8352697815   1.648557062    0.5534769359   3.366227821    2.94291818     0.1381626498   0.03026195115  1.087376081    
16       I1         0.6401521459   2.208117891    0.6953625928   1.252806333    1.226022722    0.01065680448  0.02988271394  1.336488406    
17       I1         0.5369019975   2.288418569    0.06177781765  0.5863888467   2.731757449    0.118971846    0.1042364317   0.5809991065   
18       I1         1.488799289    1.448917371    0.9706041785   3.121569704    2.460711664    0.08872234059  0.1561350535   0.3780206929   
19       I1         1.64120002     1.487467654    0.7784345942   9.060572673    2.768128524    0.1123754025   0.08552969856  0.6059698228   
20       I1         1.040563043    2.58541142     0.6064335867   4.629631173    0.6788454992   0.147721003    0.2554685489   0.3121460886   
21       I1         1.23714383     2.106105563    0.1557264435   7.860451058    2.066662506    0.118170597    0.01924150184  1.012637561    
22       I1         0.6558687647   1.189323103    0.5050246263   5.911272733    1.043637057    0.0671194604   0.05485266905  1.06211093     
23       I1         1.674256652    2.226407977    0.4488348579   2.030509392    2.31425145     0.0755178344   0.07638133234  0.5969895295   
24       I1         1.79550917     2.161198875    0.148233208    0.1769113734   0.1956589186   0.06098235564  0.1361306337   0.7150272635   
25       I1         0.7805910733   1.840114       0.1643526112   7.425548685    0.1540349276   0.08305079662  0.1611087785   0.4803921788   
26       I1         1.822802265    1.875005895    0.3959173938   6.543546026    1.051040357    0.1009635593   0.1076951973   0.6077571515   
27       I1         1.092924469    1.149679854    0.09140988043  8.178379648    1.432667207    0.1259999313   0.1179332422   0.581936614    
28       I1         1.381827444    1.605384842    0.9217858182   4.125893078    2.519325676    0.109574492    0.1195107604   0.489726261    
29       I1         0.7579706501   1.116056146    0.2229116651   6.071087486    0.6548844624   0.1144330169   0.2154961566   0.3924104178   
30       I1         1.683075573    1.346035666    0.2134344194   5.757132868    2.547697423    0.02814242587  0.02847513248  0.9931025684   
31       I1         1.420646476    2.204138346    0.05017522815  8.963357097    2.049866595    0.04393741331  0.1207174493   0.6726381307   
32       I1         0.5420655705   1.328667274    0.6151645374   4.944730647    2.200817661    0.0861768759   0.09454382972  0.8086542536   
33       I1         0.9537959759   1.40414358     0.1518104971   1.436661897    2.415632858    0.1305546283   0.1097941292   0.5450590025   
34       I1         0.7856290043   1.109985789    0.3424440375   1.296819446    1.759022912    0.1253084531   0.112701118    0.6300552131   
35       I1         1.908649771    1.283147972    0.6663352558   5.056203602    1.712635888    0.06005003885  0.08317494882  0.607938221    
36       I1         1.05919981     1.181177565    0.9271647848   4.892884515    0.535698567    0.04228911951  0.07381165165  0.8110059818   
37       I1         1.870099175    2.221495105    0.1717239359   1.507344602    1.732860913    0.05818800786  0.2292399425   0.8230986513   
38       I1         1.171461564    1.276145037    0.1361219754   4.483330246    0.2656470569   0.007487679861 0.002520256267 1.713586465    
39       I1         1.659968719    1.846727143    0.8542644272   3.782430276    2.782937442    0.1177035725   0.1874902371   0.3652508012   
40       I1         1.527668383    2.530528148    0.8520991582   0.6298177523   1.489402361    0.08108745596  0.08105398535  0.6185267698   
41       I1         1.244751552    2.016681234    0.4556091307   8.788631933    2.824209946    0.03156268448  0.03575580936  0.8599674663   
42       I1         1.51752088     2.133923259    0.3780277471   1.584028923    0.5019758737   0.117004383    0.2365517818   0.4968738836   
43       I1         1.868473146    1.705854979    0.816280494    4.540892924    0.05658206501  0.1292242953   0.1116822869   0.5158515855   
44       I1         0.5702487049   1.855932989    0.1203424319   4.197736747    0.2125186259   0.01678888106  0.1418766504   0.5876282086   
45       I1         0.4479365181   2.215010462    0.4040675495   2.389648818    2.486800229    0.1374960847   0.220444443    0.3054232418   
46       I1         1.690483718    1.901955297    0.1177187429   6.992921713    2.110609601    0.02789992741  0.1780800284   0.6139860418   
47       I1         1.177159204    2.030189091    0.8113882099   1.35251921     1.533405608    0.04662731237  0.02760762866  1.134950571    
48       I1         0.8313026433   2.241502952    0.6441586688   7.501175422    1.916511212    0.05654109429  0.1852109712   0.4031381647   
49       I1         1.406987481    2.347031718    0.7106140872   9.262183006    2.051679375    0.1061410114   0.1672633847   0.3648047644   
50       I1         1.275950592    1.442057733    0.1937842831   1.96484778     1.193111923    0.05099178603  0.2283839803   0.3428741476   
51       I1         0.937441218    1.084743497    0.2787708775   1.619183891    0.5278412174   0.02398700963  0.09601078918  0.7007469889   
52       I1         1.081726666    1.285348205    0.5948640231   9.943839777    1.69666183     0.04046264546  0.1029585083   0.6248179907   
53       I1         0.9314794921   2.477854227    0.7986998212   2.60429237     0.1811422234   0.07358140228  0.01736406476  1.40474383     
54       I1         1.254082153    2.382780579    0.2759104603   0.3255666208   2.72272138     0.07533307051  0.06349166313  0.5965904668   
55       I1         1.557081237    2.201317947    0.2846092456   9.336760321    2.79321055     0.02863303327  0.07512556124  0.6142942454   
56       I1         0.9059262998   1.400965242    0.7543288554   7.554591966    1.571614128    0.03399386318  0.03113873632  1.226193989    
57       I1         1.969316018    1.535255594    0.7479797478   8.435953095    0.3906547974   0.05938893902  0.1385009744   0.5197234138   
58       I1         1.464084269    2.171886984    0.3645190706   5.943912963    0.9272385379   0.03869610142  0.2646035071   0.4874631036   
59       I1         1.622287052    1.643923416    0.4440244283   6.009977074    1.286597887    0.064622247    0.2300469598   0.4512056477   
60       I1         0.5744913194   2.056057473    0.346439444    0.269919655    1.963823959    0.0425575263   0.1510729246   0.5156133997   
61       I1         1.303370076    2.103964652    0.7293746783   8.244461875    1.827583849    0.07906439257  0.2692178152   0.3544093693   
62       I1         1.799934239    2.074017228    0.988718817    7.906744585    0.5481433382   0.1428193392   0.2809444702   0.4893522915   
63       I1         0.6218146609   1.236657754    0.2580693034   7.13699363     2.669505124    0.05324685906  0.09034729727  0.6805131101   
64       I1         0.7675012623   2.254104281    0.415143026    9.452573645    1.173012391    0.002658272969 0.06913817737  0.8563160955   
65       I1         1.452181115    2.191445607    0.680704075    7.437018435    1.894923206    0.003913229853 0.2488280796   0.3606722058   
66       I1         0.3107108767   1.100195685    0.4518221431   9.154519875    1.97063944     0.1356592431   0.1068326553   0.8279814093   
67       I1         1.467821931    2.262234132    0.1129324671   0.6924157453   0.3410372704   0.01535615193  0.03766807604  0.8136197514   
68       I1         0.7196277594   1.374843451    0.226241653    0.5148381013   0.2955522897   0.03200228643  0.02188061628  1.369969709    
69       I1         1.296228928    1.124789684    0.9440529674   2.553458432    2.715141004    0.1338694069   0.2175543378   0.2905056936   
70       I1         1.921550885    2.086270055    0.7444982186   6.006115048    0.3371058992   0.1050025603   0.1256549383   0.5259444038   
71       I1         1.347496987    2.06095185     0.08736951318  2.715494276    2.182156125    0.1055157945   0.07715029838  0.691048154    
72       I1         1.730353726    1.146068176    0.7163051823   3.330466053    0.2324300246   0.04721055169  0.01332352735  1.176703264    
73       I1         0.5094663364   1.963526746    0.6190188693   7.720914576    2.748350872    0.1457470419   0.2069716827   0.4120405039   
74       I1         0.6501714999   1.597078326    0.4643679895   7.071226522    2.525514997    0.005126043314 0.1889784482   0.4555749286   
75       I1         1.250014581    1.239487442    0.6692030079   1.36328288     0.8422149886   0.05017586293  0.2145187741   0.2975517893   
76       I1         0.39845222     2.000874494    0.1592680332   3.56941665     1.360168329    0.04179073198  0.2444468115   0.4762686607   
77       I1         0.9154537974   2.25008588     0.2298275059   6.239655006    1.454839513    0.06673139105  0.2315866658   0.4069108967   
78       I1         1.876269462    1.684763754    0.7011329494   7.373662739    1.00437422     0.03911933816  0.02457813899  0.9442559495   
79       I1         1.645442561    1.266991593    0.6496377459   6.769619037    1.980105264    0.1394230002   0.1001682807   0.5559989919   
80       I1         0.7461268417   2.391765973    0.7887137476   8.89132431     0.5894404274   0.07712863455  0.06419632918  0.9845233685   
81       I1         0.8884118105   2.232347639    0.8265532606   8.476879288    1.033206369    0.02595812684  0.04188999556  1.113677355    
82       I1         0.7357388406   1.558553607    0.6295473542   1.21687323     0.7300365684   0.04415045473  0.2998086719   0.3839683952   
83       I1         0.869678216    1.368306792    0.5488706548   8.731854044    2.8858537      0.115413391    0.1329604916   0.4978097708   
84       I1         1.389904313    1.353113064    0.3484845734   2.838477804    2.530288264    0.08962419349  0.1278329861   0.4771290215   
85       I1         1.987353195    2.324481988    0.1926842945   7.956043475    2.629563675    0.09731893091  0.2428998184   0.9005076498   
86       I1         1.832347989    2.095049203    0.5888620509   9.894516746    2.374013858    0.03058060039  0.07896408734  0.6222144035   
87       I1         1.82491466     1.563813263    0.1409515811   2.7769461      2.967697304    0.1234421085   0.08250106569  0.6913989386   
88       I1         1.69721588     1.919140271    0.5854480101   1.734279805    0.867882787    0.03962670287  0.03920599792  0.8227273186   
89       I1         1.860860465    1.618783662    0.246853168    2.96306762     0.7459824225   0.05240574917  0.1721335498   0.5797296008   
90       I1         1.382954783    1.408394001    0.7373419219   2.756046349    2.157323063    0.107734333    0.2229455257   0.3022453719   
91       I1         0.3285586371   1.57146601     0.6623060668   2.444885035    1.774081845    0.004504921865 0.2893863476   0.5461739452   
92       I1         1.738002296    2.512240563    0.651422557    6.485592167    0.4977137479   0.04957744217  0.2773276552   0.5614142392   
93       I1         1.326528753    1.880140909    0.7635570378   5.551266989    1.231680124    0.0874382589   0.02219254966  1.144300119    
94       I1         1.085592975    2.619524521    0.7768227551   6.382399742    1.014679725    0.09671748546  0.0001945486509 1.870984924    
95       I1         1.492923017    2.407301197    0.8431180264   3.472139862    0.6085494759   0.003421178005 0.2073993922   0.3102459448   
96       I1         1.564016217    2.499003633    0.04564759294  1.104796521    1.312635631    0.002138459469 0.01443488069  0.9883931155   
97       I1         0.3131261282   1.67081122     0.5821217126   5.034623237    0.3640589735   0.1448145459   0.01614935338  1.695971721    
98       I1         1.221021649    1.950323918    0.4791978633   3.234673667    2.233358189    0.0884794162   0.2942109655   0.4142995651   
99       I1         1.712625696    2.298393316    0.6701648046   6.461216928    2.867388069    0.09128120583  0.1688368233   0.4445589555   
100      I1         1.052531105    1.502985028    0.7513061837   5.279880397    0.0612992772   0.1407867951   0.2478306973   0.2995956678   
101      I1         0.5144262091   2.007974284    0.9375802072   0.7804949908   0.9647593495   0.07986443021  0.2632297919   0.5249635536   
102      I1         1.315604476    2.126531714    0.09540675286  4.698557647    1.061894489    0.07891995966  0.2668773302   0.6071132971   
103      I1         1.395449208    2.035421557    0.7043578125   4.385849245    1.791999379    0.09544885754  0.2035511573   0.317956135    
104      I1         1.931563387    1.794869922    0.6328426929   7.290965054    2.270339628    0.05161052131  0.2728388239   0.6487549382   
105      I1         1.990996676    2.462764673    0.8099838296   8.075067109    0.9966243663   0.0005811479195 0.1868333832   0.541557228    
106      I1         1.740831827    1.802122459    0.9061313741   4.609512709    0.6965088724   0.01325407595  0.2165688921   0.3935068234   
107      I1         1.186805977    2.607205399    0.06535929282  5.448511551    1.338677313    0.1088451466   0.1240942534   0.6634948937   
108      I1         0.4240566145   1.173806576    0.2976878525   5.596082035    1.509554484    0.1366879317   0.1821818187   0.5454160496   
109      I1         1.911398778    1.511267464    0.6759921798   4.356625167    1.154613196    0.1165047976   0.1393814444   0.5070731051   
110      I1         1.444278275    1.850722746    0.9180832957   1.014452211    1.478880185    0.04921180996  0.09528779359  0.5887398272   
111      I1         1.618362611    2.590534515    0.791639623    2.701212951    2.690126468    0.0313898054   0.1758918474   0.3637840932   
112      I1         1.141522265    1.686736869    0.9571056477   3.615506423    0.8117757942   0.121146979    0.03667146442  1.082024342    
113      I1         1.434442838    1.545416253    0.892462806    6.644687215    0.7187808083   0.06531346128  0.2191356051   0.3057619596   
114      I1         0.9177023502   1.614103081    0.5685544666   4.830118738    2.42292224     0.05396369934  0.08059031511  0.6965224825   
115      I1         1.651440729    1.720055247    0.3106671615   8.669905264    2.903446706    0.09770083389  0.001710555688 1.416066988    
116      I1         0.3177406747   2.547458364    0.8615087911   5.722193126    0.7580305918   0.03744044134  0.1632950029   0.7904437576   
117      I1         0.7409346075   2.381482366    0.9397456248   4.678081359    1.490032122    0.02263404284  0.1269511844   0.7001588358   
118      I1         0.7113794074   2.153882841    0.3040124925   0.860902123    0.4854463637   0.01960095694  0.234747231    0.3991265961   
119      I1         0.3351591749   1.231727704    0.4957952261   9.904127015    1.595667001    0.02239039757  0.1374682286   0.7758382233   
120      I1         0.6957140961   1.74754868     0.5243620839   2.891925863    0.8240291205   0.08658986623  0.1105606589   0.6538769381   
121      I1         0.8535962471   1.930591487    0.9751080515   5.127866693    1.133256051    0.009733928708 0.09252385565  0.8028837212   
122      I1         1.182398971    1.623563135    0.358488549    8.695301592    0.08529497701  0.05895717406  0.1433977594   0.4484124828   
123      I1         1.3490471      2.364682212    0.3290888779   7.577552967    0.02932819657  0.1038344143   0.1844111533   0.4758992173   
124      I1         1.359382799    2.50296565     0.7411603891   7.989055411    2.29427592     0.01454445765  0.1087077552   0.5111904865   
125      I1         1.578140663    1.867335465    0.07309836296  7.206321713    2.984243154    0.05450536113  0.03434920695  0.8832177018   
126      I1         0.4859222711   2.673454282    0.8757972593   6.12550125     1.909385412    0.08219097028  0.2359403291   0.5667829805   
127      I1         0.3734655823   1.542045094    0.9795937024   6.360435239    2.915158293    0.02544922275  0.1358344629   0.8790090407   
128      I1         1.151278613    1.693992783    0.5415854781   1.697965596    0.766136123    0.1237115737   0.1480537636   0.4000029373   
129      I1         1.88843912     1.186086906    0.4982970698   5.219617476    0.4583502626   0.1465678009   0.245649262    0.5468648351   
130      I1         1.340856682    1.576814556    0.0765070186   9.508499215    0.9891293889   0.09097206599  0.2766775179   0.5072013213   
131      I1         1.953548078    1.162088808    0.8413093938   2.279544782    0.1770829749   0.1327571694   0.009558385917 1.126512191    
132      I1         1.144801891    2.529878567    0.8883672173   7.818359784    1.327160829    0.1084359725   0.05350325543  0.8942217266   
133      I1         0.36004142     1.740200609    0.6976976822   4.265448546    0.4224178046   0.05281323678  0.007806310046 1.97583823     
134      I1         1.933004722    1.780657403    0.5079141114   5.36997952     2.636825673    0.107379899    0.1983086052   0.5981570314   
135      I1         1.948251375    2.024418459    0.5722285074   9.796473107    2.198765904    0.05524156716  0.2412721669   0.6735357016   
136      I1         1.784835303    2.044425839    0.3318330314   5.302236487    1.394412585    0.01425126604  0.07095826756  0.6588097474   
137      I1         1.764753117    1.937680794    0.5576689306   0.7145979613   0.9556952075   0.01800489166  0.295442912    0.591254755    
138      I1         1.600285292    2.27527896     0.8293473716   1.167673099    2.551537265    0.1241920339   0.04552364846  0.7919710964   
139      I1         0.4921449078   2.480325566    0.8467527811   2.109461332    1.166315637    0.09865624288  0.2099299549   0.5796844861   
140      I1         1.665250111    1.254938783    0.06656576261  0.7974237599   1.517180085    0.09267618107  0.2841698822   0.5490870818   
141      I1         0.9445149779   1.051939886    0.375585762    9.105357257    1.201190503    0.1389939244   0.174120242    0.4363750794   
142      I1         1.915915018    1.806078942    0.05864020858  2.630568476    1.586006521    0.008859032114 0.05999280532  0.7938866185   
143      I1         0.3830346702   1.43332527     0.4607081312   5.197905472    2.891703806    0.01631988401  0.008128058462 1.646794646    
144      I1         1.024984263    2.353332986    0.2884011027   7.759167438    1.705684945    0.04313451381  0.01593154956  1.148637226    
145      I1         1.428226823    2.23575481     0.2035802409   3.548803977    0.241935056    0.1116005683   0.2938218601   0.6505096759   
146      I1         1.628908169    1.371707752    0.2218144169   0.6072840908   1.461646759    0.04638992204  0.07498366907  0.6832735343   
147      I1         0.4301140715   2.694562258    0.526658302    4.300063791    2.164788993    0.1265037914   0.128403948    0.6029169181   
148      I1         1.881864559    2.664262274    0.2183917883   2.158628529    1.29371814     0.05402657534  0.2678897962   0.8533153455   
149      I1         1.956310536    2.6877406      0.1820892142   8.370694267    2.14706787     0.1470780043   0.1668531138   0.8844621295   
150      I1         0.4689079693   2.522935073    0.1741324481   9.217650397    1.081483326    0.07757977049  0.1651090912   0.5958104508   
151      I1         1.479476688    2.397986451    0.6564252747   4.52138942     1.61356125     0.0062959376   0.1038490201   0.5032110292   
152      I1         1.559430362    1.120258727    0.7712621563   8.573507468    1.410553479    0.06379312832  0.1291651612   0.4627940324   
153      I1         0.728718011    2.175444903    0.2089578086   2.004962762    2.288401825    0.1431583303   0.2592730726   0.4623271544   
154      I1         1.474533859    1.090187553    0.05466877521  2.973687367    0.9492456214   0.1126458416   0.2512066875   0.4066049228   
155      I1         0.6741398318   2.660330014    0.5522626128   8.048874626    1.189552825    0.06411185088  0.2614111344   0.4166041841   
156      I1         0.8480205554   1.169199313    0.3828402982   3.272163128    2.249947792    0.1271616503   0.2328605118   0.3046255024   
157      I1         0.7724829562   1.206270639    0.7147995907   9.402470267    1.927391008    0.1415541863   0.2088774999   0.4281877323   
158      I1         0.6847636401   1.07842609     0.5941336885   7.228198565    0.5175692027   0.1193700614   0.04321993705  1.179223037    
159      I1         0.5937185563   2.543200157    0.6236486632   6.922597836    0.09403201275  0.1162497901   0.1963900448   0.4990975422   
160      I1         0.9657950803   1.461686529    0.7574143314   2.852261451    2.502247231    0.03468860206  0.1535236729   0.44929053     
161      I1         0.5489412889   2.306006852    0.6889745238   1.41121099     2.387357021    0.1320976791   0.2914337417   0.3884964976   
162      I1         0.4433185135   1.522818988    0.9640046122   5.011605948    0.1633207647   0.133241396    0.2027227708   0.6625760386   
163      I1         1.101323509    1.527044211    0.7967770558   4.43687179     0.2580000113   0.008002065578 0.1717770877   0.3845737456   
164      I1         1.857817526    1.952210491    0.2380694158   8.21236354     0.896028394    0.09189559992  0.2106068414   0.7205954105   
165      I1         1.722002096    2.436423644    0.2668311274   7.634728321    1.406017211    0.1042950128   0.02547379616  0.877514994    
166      I1         0.6729906473   1.469167139    0.03187726387  1.601523929    0.5543761623   0.1464783368   0.005528211635 1.65097145     
167      I1         0.9481382881   1.022174469    0.7832098883   2.233874507    2.369836423    0.1204553941   0.062291815    0.917738946    
168      I1         1.107474017    1.061946202    0.8647982802   4.798964461    0.279512584    0.005627427534 0.1059015923   0.6201769859   
169      I1         0.9931211435   1.833095461    0.2826624194   4.073278636    2.100411607    0.009120008061 0.06552940158  0.7604781982   
170      I1         0.6098356177   1.975972814    0.4907157296   2.073629794    1.725274879    0.05581513932  0.2877065513   0.3789135346   
171      I1         1.708819711    1.816862121    0.2332132392   5.495130571    1.954102839    0.08598274735  0.1773047415   0.6028517894   
172      I1         0.6263816946   2.141465459    0.8684441726   4.135522521    1.645488423    0.06342657935  0.2736910765   0.4693790299   
173      I1         1.636678545    1.138117183    0.3373714494   3.100769735    1.148177461    0.04852507649  0.04252164516  0.8674552765   
174      I1         0.6296351808   1.749257324    0.5129094329   4.73291236     2.56211718     0.05131231417  0.07993175579  0.7241880617   
175      I1         0.7999073836   1.926213285    0.3936567825   5.407307661    0.8876398764   0.08158662434  0.08428209705  0.7057031454   
176      I1         0.5212860984   1.629118409    0.3506061447   9.581427455    1.214391102    0.001528392516 0.05066924989  1.103077979    
177      I1         1.005887567    1.675837711    0.6035682808   8.936535391    2.078406485    0.01853114139  0.2245727868   0.332792438    
178      I1         1.205255055    1.042055073    0.1609239027   0.2471027414   0.3522060745   0.07010885081  0.1997856989   0.3744522334   
179      I1         1.892783879    2.559012186    0.2100086081   1.929713924    0.635537379    0.07626061024  0.2111441234   0.8218249915   
180      I1         0.4057035626   1.664203842    0.8577942566   0.9593261186   1.673022909    0.1353840472   0.2746068637   0.541806942    
181      I1         0.9989670997   1.887784017    0.5808768799   5.673879639    1.076761939    0.07092679333  0.1625273246   0.3935166246   
182      I1         1.069000019    2.37031698     0.758768983    0.1129382584   2.680968676    0.1218124715   0.2756828917   0.3247626875   
183      I1         0.9870801418   1.899072277    0.06935178189  8.13697614     0.7906248596   0.1360964301   0.2544492742   0.5069703337   
184      I1         1.751218561    1.034365161    0.8843081683   6.74857966     2.611051786    0.03422067863  0.01171709464  1.206993012    
185      I1         1.771193562    1.914040856    0.6901710945   3.171506859    1.68724893     0.08540495721  0.06006704941  0.6931899816   
186      I1         1.531535246    2.081967787    0.8208800235   2.119467852    1.869897388    0.02320626743  0.0529926467   0.775118587    
187      I1         0.5303073602   1.386281804    0.2433909221   5.085836127    1.629893411    0.1247609746   0.1602576732   0.5007994904   
188      I1         0.787877155    2.129963821    0.9286045323   1.043329762    1.382807306    0.05996998119  0.2189518444   0.4420935687   
189      I1         1.901462023    1.580142564    0.4849303703   1.542269166    0.4302592529   0.04458366534  0.2603075954   0.6105959956   
190      I1         0.5783994492   1.727952704    0.2621772818   5.820875969    0.3298537564   0.0158971295   0.2583776224   0.4313170028   
191      I1         0.8789505393   2.447268904    0.4236479843   5.846640824    0.07882753648  0.1010144123   0.1702158785   0.3998585982   
192      I1         0.4792202012   1.1350667      0.2724680051   9.290806578    2.874995535    0.08753157889  0.2987872678   0.3648438149   
193      I1         0.551983061    1.063528064    0.1048459823   6.222284026    0.04909756784  0.08941936421  0.1953344194   0.5034489716   
194      I1         1.518732135    1.767639995    0.7657031035   4.190495188    2.226732022    0.08284165077  0.2498217762   0.3651513367   
195      I1         1.815934321    2.668874854    0.241758991    9.762333124    1.888885612    0.0299004812   0.09779617414  0.6898595804   
196      I1         1.301021493    2.35817213     0.8066091071   1.070356368    1.268215307    0.1318114351   0.0468435007   0.8652724119   
197      I1         0.866175135    2.653075503    0.1263474312   1.81257532     0.7790108659   0.03290464336  0.1151288035   0.5601369005   
198      I1         1.550696324    1.072841677    0.4092313068   6.586008373    0.3116003391   0.06993771208  0.1457601475   0.4335012022   
199      I1         1.212023774    1.213851171    0.6084472201   4.573291518    0.01034197201  0.1001523599   0.252247277    0.2958667998   
200      I1         0.3485504418   2.180520308    0.1381446722   2.507284945    2.582927885    0.01782759177  0.2333969627   0.4276161317   
201      I1         0.4175703839   2.600075591    0.4264992985   7.597962029    0.6296357631   0.07841208395  0.2122740425   0.5388185837   
202      I1         1.031569625    2.282828503    0.405330441    3.167342921    0.4462317245   0.1278617982   0.1475561403   0.3943900725   
203      I1         0.7482488826   2.623360368    0.3792242899   4.233359989    0.2057110449   0.0137957799   0.180389414    0.4437976481   
204      I1         0.9080263691   1.702042258    0.9848929533   3.367361355    2.776554718    0.1262984878   0.07192227618  0.8954837971   
205      I1         0.3949104709   1.303784423    0.5696627217   1.879921363    0.2861048265   0.02188135665  0.2408380679   0.5178439868   
206      I1         1.200518864    1.425525521    0.1212022547   4.774681279    1.800678373    0.03014258551  0.2216612014   0.3547322908   
207      I1         1.701964074    2.339796042    0.5309114694   0.4439024378   0.5976453927   0.13034923     0.2576545374   0.580347819    
208      I1         0.3902345162   2.555003389    0.8022584965   5.530253552    0.1262461522   0.09900053278  0.09829655613  0.9736610298   
209      I1         0.4304851418   1.010688332    0.3182065859   6.083045783    1.304225711    0.01168492185  0.1649026708   0.6431474966   
210      I1         0.6881199015   1.972364014    0.437946816    0.5442024497   0.8502429076   0.1378726014   0.01868876457  1.344946179    
211      I1         0.5014862514   1.046458867    0.400512182    3.858926126    1.854066653    0.04148480922  0.1401817223   0.6679374276   
212      I1         1.280854117    1.105283673    0.545684043    3.673327095    1.529807308    0.00683586014  0.07292408204  0.7302315088   
213      I1         1.507471669    1.029610094    0.2920256757   9.409478913    2.702645265    0.1436926      0.0999927641   0.5947377629   
214      I1         1.498235502    2.112643846    0.9203800255   6.624434712    1.817009697    0.0572184589   0.154556948    0.3821868279   
215      I1         0.4737196634   2.422904768    0.5206531373   6.17371461     0.6858646874   0.08085068974  0.03273412944  1.298703547    
216      I1         1.962053355    1.457724002    0.5611412147   7.675855246    1.128795596    0.1069526841   0.06765196184  0.6823991534   
217      I1         0.7074897604   2.318754595    0.101792923    7.173850679    2.1715592      0.1022748648   0.262893519    0.6295635391   
218      I1         1.076181637    1.941346502    0.8990153957   8.484580848    0.9332957658   0.02057796616  0.1319112818   0.5263126756   
219      I1         0.460359321    1.382261558    0.4627937077   0.3626207292   2.345448356    0.007672395208 0.2814000028   0.4597351647   
220      I1         0.7957480231   1.005001595    0.1282105867   7.017982584    2.673501397    0.09417500391  0.1221526973   0.5711877226   
221      I1         1.131380639    2.459660638    0.3915069734   8.344831779    1.658444886    0.1019357384   0.2051924932   0.4189813665   
222      I1         0.6363943388   1.41831238     0.08409511252  4.880365191    2.806497099    0.07325652687  0.0861623661   0.6470011946   
223      I1         0.8066862593   2.120810807    0.6842847913   0.7461396      2.398387064    0.1049656538   0.1599009314   0.4271814489   
224      I1         0.3762842491   2.564005466    0.7259872373   7.038546648    1.874416785    0.1092527106   0.2719180238   0.5553349579   
225      I1         1.310439953    2.091183159    0.3154184469   7.319118968    1.936397314    0.07670781298  0.2138940596   0.4641290516   
226      I1         0.7603459946   1.197083982    0.3102496721   5.89654224     1.741507529    0.03688640325  0.2391205003   0.3760388679   
227      I1         1.574434238    1.865102614    0.8975694465   5.43170614     2.442730482    0.1349438415   0.01089241533  1.275696224    
228      I1         0.6609580598   1.712391478    0.4810012562   9.711192326    1.375762359    0.08361288475  0.2706239538   0.4123310508   
229      I1         0.9821751427   2.538197415    0.5365189733   9.197663091    2.301529781    0.1195501801   0.2828828885   0.3869841958   
230      I1         1.758476031    1.661443372    0.870526132    0.1386105809   2.954409868    0.1139855114   0.1735634008   0.4423315668   
231      I1         1.811396034    2.644110444    0.07914671067  4.031690719    2.994957194    0.03835826019  0.22779584     0.9788827354   
232      I1         1.998319731    1.015258679    0.9473977662   7.118624855    0.644646392    0.0712349735   0.256643468    0.5701768685   
233      I1         1.361125029    1.423331016    0.7211783123   7.737792291    2.000652321    0.02736022337  0.06641101064  0.7450406598   
234      I1         1.775966423    2.402522684    0.2710913452   6.886137169    2.75126556     0.07248914549  0.2965197919   0.8312800932   
235      I1         0.872472806    2.680127378    0.641496781    6.414013601    2.819449405    0.03571205057  0.146266037    0.4190804587   
236      I1         0.9621420747   2.413440626    0.5998100814   3.895980756    0.7856006412   0.1283200183   0.1491604097   0.4170466265   
237      I1         1.269443469    2.267059179    0.4302310682   0.2099850582   2.838588672    0.02485566864  0.08844878752  0.5389384156   
238      I1         1.288003539    2.594591468    0.6365670813   3.407560487    0.7094198888   0.04056455072  0.1306434248   0.4210165933   
239      I1         1.422242053    1.31261729     0.5148475791   6.530355773    0.5671088901   0.0001442859186 0.2007976445   0.3354058188   
240      I1         0.6996487793   2.327072205    0.2530511585   2.916113654    2.978657689    0.02124329513  0.2907904564   0.4991762984   
241      I1         1.046500615    1.763486224    0.3707704154   9.850765605    0.9779642546   0.06762146479  0.1142120043   0.5550002865   
242      I1         1.850647614    1.024249216    0.3239003841   6.314711872    1.095804575    0.02663071646  0.1811241974   0.4714241289   
243      I1         1.80468192     1.892177349    0.518568485    5.332589335    2.596500653    0.06284059281  0.02318342026  0.929226189    
244      I1         0.5570628343   1.607062876    0.4468695913   6.810519594    0.9103593529   0.09205421901  0.04918380509  1.08692857     
245      I1         1.592116285    2.455724537    0.9675446237   9.124406446    0.4123190324   0.062391188    0.1527801111   0.397586516    
246      I1         1.162721522    2.066444463    0.1339379517   0.3991321436   1.600889533    0.1110238791   0.05705699155  0.7210564806   
247      I1         1.012847891    1.637809805    0.9517507719   6.960006401    1.447106668    0.03304234379  0.2048008909   0.3788183348   
248      I1         0.4552595495   2.333158098    0.3676463919   4.001165434    2.128942869    0.04531266613  0.1420503768   0.5197677278   
249      I1         0.8936899455   1.772829532    0.01096722084  3.057794173    2.651009958    0.1145862607   0.1136251669   0.5427510275   
250      I1         0.8114660747   2.493927199    0.02875644145  8.830805189    0.1198848788   0.02418990278  0.06145947086  0.8627223389   
251      I1         0.9744128914   1.222511354    0.3355167219   8.284955499    2.098060945    0.1030875957   0.2508652819   0.3338640905   
252      I1         1.257981942    1.090962769    0.8905910108   9.631140682    2.026813927    0.01714215132  0.2831746868   0.3376163959   
253      I1         1.589566797    1.310918435    0.3028261628   5.805738367    2.012569475    0.09005752269  0.05526622512  0.7916120598   
254      I1         1.538629173    2.637878489    0.7685437061   5.694942135    0.1464680883   0.1498499163   0.006789509667 1.294677837    
255      I1         1.505239601    2.470183567    0.0410973      1.144788363    2.328761416    0.01929736978  0.1186216058   0.6516154339   
256      I1         1.335763744    1.496423881    0.01914181588  8.524852709    2.473098479    0.1310809689   0.155345136    0.4937586709   
257      I1         0.8971714963   1.90839714     0.9117041212   6.301441424    0.8744843179   0.07263682437  0.286679589    0.37519402     
258      I1         0.5625116465   2.629135782    0.01532336792  9.665746649    1.243314246    0.01112536226  0.2013580022   0.6487532891   
259      I1         0.408544849    1.550618968    0.4743634524   2.422169915    0.3004532978   0.1285472554   0.0208140036   1.503589817    
260      I1         0.600299416    1.265502074    0.1987421265   1.287616446    1.567403702    0.02042050749  0.2434767911   0.3926513607   
261      I1         1.583172998    2.488531847    0.8812576073   3.237467964    2.265935323    0.05625231705  0.04089704549  0.8477006487   
262      I1         1.112249205    1.248939516    0.6766322016   6.713391891    1.63138056     0.08458624744  0.2533277986   0.3056430774   
263      I1         1.542088596    1.338449556    0.4326552684   7.465140334    0.8326234878   0.1102418723   0.1831177562   0.3943316286   
264      I1         1.748286095    1.588301778    0.3617229176   2.197027371    1.831924024    0.0129884264   0.1797785827   0.4764696405   
265      I1         1.446335508    2.419043855    0.2512428279   0.4668629691   0.8011851785   0.1483788673   0.03349721691  0.7760694407   
266      I1         1.404016156    2.635292786    0.200390285    8.850027941    0.3866555909   0.1209184556   0.2792727183   0.7206468899   
267      I1         1.415755904    2.572289077    0.1690601992   9.558525774    1.355196149    0.01036325805  0.1583885767   0.5111021936   
268      I1         1.937686949    1.987294004    0.09433955728  7.85114876     0.2230199148   0.001132090799 0.1166910396   0.7171387411   
269      I1         1.13489634     1.995419009    0.6392585031   3.987217094    1.666744679    0.004084811147 0.1900042494   0.3211470913   
270      I1         0.8239859326   2.372407311    0.9609391812   3.725422793    2.400930832    0.0938804445   0.04844247353  1.11017306     
271      I1         1.015064302    1.732391951    0.1775178019   7.93993325     1.540588299    0.06864972177  0.09370100619  0.6223511662   
272      I1         0.9241843732   1.157178291    0.9040988944   8.093420141    2.934124662    0.1159342847   0.2231213606   0.3801214402   
273      I1         0.3443498047   1.985846631    0.7229155004   1.462707619    0.4773090148   0.04553640434  0.1918177791   0.6342954804   
274      I1         0.6021373378   1.219835666    0.420406943    9.03470731     2.922580032    0.06933134128  0.2857293454   0.3509960823   
275      I1         1.670202853    1.259956569    0.8745626012   1.840146175    1.102110806    0.06603233514  0.2269173725   0.3659053318   
276      I1         1.225710618    2.049813049    0.2583550677   3.653321701    1.424605559    0.1452815193   0.02672086657  0.9480594756   
277      I1         0.973829551    1.96163696     0.02402960909  3.806226184    0.370963921    0.1134156672   0.05141239158  0.8421511803   
278      I1         0.3677524232   1.754827795    0.53496363     9.473516053    2.851661149    0.04832848986  0.06841918299  0.8843520199   
279      I1         0.3237088733   1.437335597    0.7347131634   2.531383436    0.03111295437  0.04774702343  0.265208089    0.5668321143   
280      I1         1.614376697    1.340093733    0.3553098455   3.947583228    2.034785166    0.05774681712  0.2975139923   0.5142915312   
281      I1         1.216061424    2.444789642    0.4146187188   6.151271188    0.7237228324   0.1398823497   0.2786979858   0.4649773665   
282      I1         1.324356168    1.591783969    0.5030314117   8.398762718    0.004672709655 0.1342500313   0.1234983084   0.4916527948   
283      I1         0.4360475337   1.831704451    0.4721197333   8.978371301    0.9017437801   0.08419489831  0.1936736776   0.5498726739   
284      I1         0.3052678245   2.148702014    0.1879873966   9.994476062    0.4019701204   0.09473363968  0.003178298601 1.828754971    
285      I1         1.126024947    1.327864414    0.9822357883   3.740235331    1.762402845    0.03512553366  0.2928120589   0.3259772888   
286      I1         1.608771412    1.359935892    0.6257311488   0.9466208609   1.020658605    0.08008597189  0.04427522305  0.8495059854   
287      I1         1.459552999    1.654378836    0.3211122996   8.582183393    0.6648499524   0.07491622931  0.03805505836  0.909255631    
288      I1         1.365941496    1.394356037    0.1838472716   5.630395924    0.1061916578   0.06586733563  0.2880324012   0.4311444987   
289      I1         0.8414926297   2.309147292    0.4704067544   4.404323695    2.132383706    0.0960620887   0.2680592967   0.3413698531   
290      I1         1.783188645    1.790683409    0.1464908311   0.3794033731   1.255371736    0.02644836306  0.2379123475   0.6651774887   
291      I1         1.373481817    1.81166574     0.5647162795   2.249918897    1.784025813    0.07423506566  0.1504993468   0.3781158018   
292      I1         1.72488636     1.717746796    0.1093445691   3.870790833    0.4679873835   0.1440137791   0.2386174126   0.6530132755   
293      I1         1.979905971    1.201716412    0.4367642042   6.836530614    1.940269468    0.1490206715   0.1925598564   0.5721629207   
294      I1         1.062583374    1.475532227    0.9486400733   2.317182403    2.213190567    0.1029566081   0.1768746244   0.4082125261   
295      I1         0.4976089969   2.165513297    0.04744972561  3.510554258    2.646602439    0.06161120829  0.1332293671   0.5314493371   
296      I1         1.098367723    2.432352504    0.8386562516   6.668392936    1.114614931    0.09983171184  0.1897851405   0.3429664363   
297      I1         0.719191177    2.61158016     0.9323433641   1.887791865    2.840746517    0.01245907907  0.05886212789  1.067407617    
298      I1         1.973053607    1.299671974    0.2965311055   4.979091153    1.277645106    0.0364529363   0.1448950676   0.5671572571   
299      I1         0.6677877611   1.509549826    0.3886177276   9.671817098    2.436515761    0.141453286    0.2461026005   0.3101351589   
300      I1         1.160758497    1.487285369    0.03702500014  2.368790368    1.843426921    0.1220933536   0.1977756001   0.4096984386   
301      I1         0.8701646091   1.940946502    0.4838683128   3.909259259    2.997942387    0.149691358    0.2339506173   0.2692417654   
302      I1         1.198971193    1.947942387    0.8790946502   1.22037037     0.002057613169 0.0003086419753 0.262345679    0.2947209578   
303      I1         1.177983539    2.696502058    0.7702057613   2.27962963     0.9979423868   0.0003086419753 0.2351851852   0.2810459517   
304      I1         1.303909465    1.001165981    0.9879835391   2.361111111    1.99382716     0.149691358    0.2771604938   0.3045973148   
305      I1         1.240946502    1.003497942    0.9893278464   1.75           0.006172839506 0.0003086419753 0.2660493827   0.2958154371   
306      I1         1.380864198    1.003497942    0.9893278464   2.27962963     2.99382716     0.0003086419753 0.2401234568   0.2858611437   
307      I1         1.408847737    2.696502058    0.9879835391   3.37962963     2.997942387    0.0003086419753 0.2141975309   0.2904014119   
308      I1         1.177983539    2.01090535     0.7177777778   2.27962963     1.00617284     0.0001028806584 0.2364197531   0.2830384366   
309      I1         1.122016461    2.696502058    0.883127572    0.1203703704   0.002057613169 0.09413580247  0.2796296296   0.3396808115   
310      I1         1.331893004    2.698834019    0.9879835391   4.52037037     0.006172839506 0.06635802469  0.225308642    0.2841740794   
311      I1         1.198971193    2.61255144     0.7715500686   5.57962963     0.006172839506 0.0003086419753 0.2339506173   0.2886267618   
312      I1         1.429835391    2.698834019    0.9879835391   4.683333333    1.99382716     0.149691358    0.2117283951   0.2949146481   
313      I1         1.240946502    2.696502058    0.8468312757   3.37962963     0.9938271605   0.06882716049  0.2335390947   0.2760884497   
314      I1         1.240946502    2.698834019    0.7702057613   3.37962963     2.99382716     0.0003086419753 0.200617284    0.2815989346   
315      I1         1.29691358     2.698834019    0.8669958848   3.257407407    0.006172839506 0.09969135802  0.2141975309   0.2832874052   
316      I1         1.080041152    1.003497942    0.6653497942   3.37962963     1.997942387    0.149691358    0.2882716049   0.3216017945   
317      I1         1.240946502    1.001165981    0.883127572    2.27962963     1.216049383    0.149691358    0.237654321    0.2860033221   
318      I1         1.240946502    1.570164609    0.9879835391   1.17962963     0.002057613169 0.1336419753   0.2833333333   0.313420618    
319      I1         1.059053498    1.68909465     0.664005487    2.27962963     1.216049383    0.149691358    0.2401234568   0.2790595542   
320      I1         1.080041152    2.136831276    0.6653497942   1.22037037     0.002057613169 0.06141975309  0.2549382716   0.2901234404   
321      I1         1.143004115    1.003497942    0.6774485597   3.37962963     2.997942387    0.149691358    0.2648148148   0.2993644709   
322      I1         1.240946502    1.339300412    0.9893278464   1.17962963     0.9938271605   0.06697530864  0.2598765432   0.2964057923   
323      I1         1.15           2.698834019    0.7540740741   3.37962963     2.99382716     0.01635802469  0.237654321    0.2754343942   
324      I1         1.240946502    2.698834019    0.8790946502   3.37962963     2.99382716     0.0003086419753 0.2450617284   0.2740372095   
325      I1         1.170987654    2.698834019    0.7823045267   3.501851852    1.660493827    0.01635802469  0.2487654321   0.2820873335   
326      I1         1.243278464    2.129835391    0.8790946502   3.37962963     2.99382716     0.0003086419753 0.2351851852   0.2725753211   
327      I1         1.177983539    2.696502058    0.8427983539   4.927777778    2.997942387    0.149691358    0.237654321    0.2730811469   
328      I1         1.243278464    2.136831276    0.9879835391   4.887037037    2.99382716     0.149691358    0.2425925926   0.2854271338   
329      I1         1.240946502    2.696502058    0.8347325103   3.42037037     2.997942387    0.149691358    0.200617284    0.2830100951   
330      I1         1.282921811    2.696502058    0.9032921811   5.62037037     2.997942387    0.08364197531  0.2302469136   0.2812550574   
331      I1         1.122016461    2.698834019    0.8105349794   1.546296296    2.99382716     0.149691358    0.2425925926   0.2675845346   
332      I1         1.059053498    2.696502058    0.7728943759   3.175925926    2.99382716     0.149691358    0.2462962963   0.2692692785   
333      I1         1.324897119    2.698834019    0.9879835391   1.22037037     2.99382716     0.149691358    0.2401234568   0.2872787512   
334      I1         1.205967078    2.507613169    0.8468312757   1.790740741    2.997942387    0.06450617284  0.2388888889   0.2687752424   
335      I1         1.233950617    2.073868313    0.8790946502   2.198148148    2.997942387    0.0003086419753 0.2512345679   0.2763250194   
336      I1         1.094032922    2.507613169    0.7728943759   2.768518519    2.327160494    0.149691358    0.237654321    0.266524722    
337      I1         1.066049383    2.31872428     0.7728943759   2.890740741    2.99382716     0.149691358    0.2438271605   0.2657620147   
338      I1         1.119684499    2.451646091    0.7742386831   2.890740741    2.327160494    0.149691358    0.2425925926   0.2681786314   
339      I1         1.303909465    1.003497942    0.9893278464   3.37962963     2.99382716     0.149691358    0.2462962963   0.2833478682   
340      I1         1.240946502    1.570164609    0.9879835391   0.1203703704   2.997942387    0.149691358    0.2450617284   0.3314073709   
341      I1         1.184979424    2.696502058    0.9395884774   1.994444444    0.002057613169 0.149691358    0.2401234568   0.2838995737   
342      I1         1.219958848    2.395679012    0.9893278464   3.37962963     0.006172839506 0.05030864198  0.2512345679   0.2866820416   
343      I1         1.177983539    2.451646091    0.8427983539   3.42037037     2.997942387    0.0003086419753 0.2413580247   0.2698938574   
344      I1         1.143004115    2.472633745    0.7863374486   3.42037037     2.997942387    0.08302469136  0.2438271605   0.2689126251   
345      I1         1.429835391    1.001165981    0.9879835391   7.82037037     2.99382716     0.149691358    0.2166666667   0.3065793756   
346      I1         1.289917695    1.001165981    0.9879835391   7.82037037     2.99382716     0.1336419753   0.262345679    0.3076204385   
347      I1         1.122016461    1.752057613    0.8105349794   5.57962963     2.99382716     0.0003086419753 0.2997942387   0.3285566082   
348      I1         1.219958848    1.567832647    0.7702057613   4.47962963     2.99382716     0.0003086419753 0.2660493827   0.2946623677   
349      I1         1.345884774    1.570164609    0.9893278464   4.275925926    1.327160494    0.0003086419753 0.2734567901   0.3065037254   
350      I1         1.119684499    2.073868313    0.7742386831   6.598148148    2.99382716     0.149691358    0.2327160494   0.2794674895   
351      I1         1.219958848    2.248765432    0.8790946502   4.072222222    0.006172839506 0.149691358    0.228600823    0.2794465986   
352      I1         1.240946502    2.234773663    0.9879835391   5.416666667    0.002057613169 0.149691358    0.2487654321   0.2892296115   
353      I1         1.240946502    1.570164609    0.9893278464   4.52037037     0.006172839506 0.0003086419753 0.2388888889   0.2863010978   
354      I1         1.156995885    2.132167353    0.8065020576   4.52037037     0.9938271605   0.08302469136  0.237654321    0.2806822429   
355      I1         1.219958848    1.001165981    0.3386831276   0.1203703704   2.99382716     0.0003086419753 0.2265432099   0.3548764206   
356      I1         1.184979424    1.122427984    0.116872428    2.809259259    0.002057613169 0.0003086419753 0.2487654321   0.3293506853   
357      I1         1.038065844    1.192386831    0.3386831276   0.1203703704   0.006172839506 0.1498971193   0.237654321    0.3403730838   
358      I1         1.177983539    1.633127572    0.4798353909   4.153703704    0.002057613169 0.0003086419753 0.2450617284   0.3043092756   
359      I1         1.177983539    1.001165981    0.3709465021   3.298148148    1.99382716     0.0003086419753 0.2820987654   0.3280908509   
360      I1         1.240946502    1.378943759    0.5524279835   0.1203703704   1.339506173    0.0003086419753 0.2537037037   0.3383109822   
361      I1         0.3944444444   1.374279835    0.266090535    3.175925926    2.997942387    0.149691358    0.2339506173   0.2747977069   
362      I1         1.366872428    1.003497942    0.6626611797   4.52037037     1.327160494    0.149691358    0.200617284    0.3150083572   
363      I1         1.233950617    1.001165981    0.6613168724   5.62037037     1.660493827    0.149691358    0.237654321    0.2991181091   
364      I1         1.240946502    1.696090535    0.6626611797   3.42037037     0.006172839506 0.149691358    0.200617284    0.3001349048   
365      I1         1.240946502    2.129835391    0.8790946502   4.47962963     2.997942387    0.149691358    0.200617284    0.2932090931   
366      I1         0.8981481481   2.129835391    0.664005487    3.664814815    2.99382716     0.149691358    0.2413580247   0.2680300194   
367      I1         1.122016461    2.129835391    0.9879835391   5.57962963     2.99382716     0.149691358    0.2997942387   0.3375846728   
368      I1         1.073045267    1.752057613    0.7728943759   4.47962963     2.99382716     0.149691358    0.2524691358   0.2767334458   
369      I1         1.240946502    1.003497942    0.9893278464   3.37962963     2.99382716     0.0003086419753 0.2574074074   0.2884775999   
370      I1         0.8701646091   1.003497942    0.4435390947   6.67962963     2.99382716     0.1447530864   0.2997942387   0.3482069217   
371      I1         0.6812757202   1.563168724    0.3373388203   0.1203703704   2.99382716     0.149691358    0.2216049383   0.3042299932   
372      I1         0.3034979424   1.003497942    0.2983539095   6.67962963     2.997942387    0.149691358    0.2574074074   0.3736914502   
373      I1         0.8701646091   1.563168724    0.5            4.47962963     2.99382716     0.149691358    0.2446502058   0.2692122141   
374      I1         1.275925926    1.001165981    0.9879835391   5.62037037     1.00617284     0.149691358    0.274691358    0.3064765089   
375      I1         1.056721536    1.374279835    0.5685596708   6.67962963     2.99382716     0.149691358    0.2327160494   0.2892750138   
376      I1         0.9471193416   1.521193416    0.5161316872   3.787037037    1.450617284    0.1498971193   0.2537037037   0.2945250238   
377      I1         1.240946502    2.696502058    0.8790946502   9.993209877    2.99382716     0.0003086419753 0.200617284    0.3196538578   
378      I1         1.122016461    2.696502058    0.8105349794   9.993209877    2.99382716     0.0003086419753 0.2450617284   0.3063835942   
379      I1         1.366872428    1.759053498    0.9879835391   9.97962963     2.99382716     0.0003086419753 0.2002057613   0.3260579773   
380      I1         1.282921811    1.633127572    0.9879835391   9.97962963     2.997942387    0.0003086419753 0.2450617284   0.3104213513   
381      I1         1.052057613    2.696502058    0.335994513    0.4462962963   2.99382716     0.0003086419753 0.1685185185   0.3790920908   
382      I1         1.045061728    1.961934156    0.5524279835   9.97962963     2.997942387    0.0003086419753 0.25           0.3216344649   
383      I1         1.115020576    1.003497942    0.01067215364  9.97962963     2.99382716     0.0003086419753 0.1783950617   0.4261447054   
384      I1         1.059053498    1.003497942    0.01067215364  0.1611111111   2.99382716     0.01635802469  0.2339506173   0.3909655778   
385      I1         1.198971193    1.003497942    0.01067215364  1.17962963     2.99382716     0.0003086419753 0.1672839506   0.4266647664   
386      I1         1.052057613    2.073868313    0.3346502058   6.557407407    2.997942387    0.0003086419753 0.162345679    0.3462488251   
387      I1         1.240946502    1.001165981    0.8790946502   3.37962963     2.99382716     0.08364197531  0.2364197531   0.2856198202   
388      I1         0.5343621399   1.968930041    0.4475720165   1.17962963     2.997942387    0.149691358    0.2351851852   0.2713746419   
389      I1         1.429835391    1.001165981    0.3386831276   6.67962963     2.99382716     0.0003086419753 0.2648148148   0.3776156741   
390      I1         1.219958848    2.696502058    0.7702057613   0.1067901235   0.9938271605   0.149691358    0.2166666667   0.3249889477   
391      I1         1.087037037    2.682510288    0.7742386831   0.5277777778   2.997942387    0.0003086419753 0.2475308642   0.2881880485   
392      I1         1.184979424    2.136831276    0.8790946502   2.198148148    0.002057613169 0.149691358    0.2524691358   0.2808796184   
393      I1         1.177983539    2.698834019    0.883127572    2.27962963     2.99382716     0.09969135802  0.2339506173   0.2712600084   
394      I1         1.16399177     2.535596708    0.883127572    2.27962963     2.997942387    0.09969135802  0.2462962963   0.2727733966   
395      I1         1.366872428    1.003497942    0.9879835391   3.094444444    0.002057613169 0.100308642    0.2117283951   0.2923539203   
396      I1         1.240946502    1.954938272    0.9879835391   6.598148148    2.997942387    0.0003086419753 0.2709876543   0.3063084218   
397      I1         1.247942387    1.001165981    0.7016460905   3.37962963     0.006172839506 0.0003086419753 0.2895061728   0.3230635939   
398      I1         1.317901235    1.003497942    0.9893278464   3.37962963     0.006172839506 0.04969135802  0.2462962963   0.2835758858   
399      I1         1.394855967    1.567832647    0.883127572    3.42037037     2.327160494    0.0003086419753 0.200617284    0.3024684052   
400      I1         1.366872428    1.003497942    0.9879835391   9.97962963     0.006172839506 0.0003086419753 0.2002057613   0.3268327398   
%eval_id interface log__t_efold_shallow log__t_efold_soil f_exfiltration_shallow PDD_melt_factor log__fdd_threshold snow_insulation_k baseflow_Q     neg_kge        
401      I1         1.066049383    2.31872428     0.7728943759   2.890740741    2.99382716     0.149691358    0.2438271605   0.2657620147   
402      I1         1.236049383    2.31872428     0.7728943759   2.890740741    2.99382716     0.149691358    0.2438271605   0.2820589729   
403      I1         1.066049383    2.48872428     0.7728943759   2.890740741    2.99382716     0.149691358    0.2438271605   0.265578031    
404      I1         1.066049383    2.31872428     0.8708943759   2.890740741    2.99382716     0.149691358    0.2438271605   0.2803825175   
405      I1         1.066049383    2.31872428     0.7728943759   3.880740741    2.99382716     0.149691358    0.2438271605   0.268154267    
406      I1         1.066049383    2.31872428     0.7728943759   2.890740741    2.99382716     0.149691358    0.2738271605   0.2874137375   
407      I1         0.8960493827   2.31872428     0.7728943759   2.890740741    2.99382716     0.149691358    0.2438271605   0.291252413    
408      I1         1.066049383    2.14872428     0.7728943759   2.890740741    2.99382716     0.149691358    0.2438271605   0.266672874    
409      I1         1.066049383    2.31872428     0.6748943759   2.890740741    2.99382716     0.149691358    0.2438271605   0.271868845    
410      I1         1.066049383    2.31872428     0.7728943759   1.900740741    2.99382716     0.149691358    0.2438271605   0.2655585504   
411      I1         1.066049383    2.31872428     0.7728943759   2.890740741    2.69382716     0.149691358    0.2438271605   0.266193868    
412      I1         1.066049383    2.31872428     0.7728943759   2.890740741    2.99382716     0.134691358    0.2438271605   0.2657620147   
413      I1         1.066049383    2.31872428     0.7728943759   2.890740741    2.99382716     0.149691358    0.2138271605   0.2728057508   
414      I1         1.151049383    2.31872428     0.7728943759   2.890740741    2.99382716     0.149691358    0.2438271605   0.2687763673   
415      I1         1.066049383    2.40372428     0.7728943759   2.890740741    2.99382716     0.149691358    0.2438271605   0.2654476306   
416      I1         1.066049383    2.31872428     0.8218943759   2.890740741    2.99382716     0.149691358    0.2438271605   0.2717939031   
417      I1         1.066049383    2.31872428     0.7728943759   3.385740741    2.99382716     0.149691358    0.2438271605   0.2669047981   
418      I1         1.066049383    2.31872428     0.7728943759   2.890740741    2.99382716     0.149691358    0.2588271605   0.2737347955   
419      I1         0.9810493827   2.31872428     0.7728943759   2.890740741    2.99382716     0.149691358    0.2438271605   0.2739599635   
420      I1         1.066049383    2.23372428     0.7728943759   2.890740741    2.99382716     0.149691358    0.2438271605   0.266277111    
421      I1         1.066049383    2.31872428     0.7238943759   2.890740741    2.99382716     0.149691358    0.2438271605   0.2651894882   
422      I1         1.066049383    2.31872428     0.7728943759   2.395740741    2.99382716     0.149691358    0.2438271605   0.2653629256   
423      I1         1.066049383    2.31872428     0.7728943759   2.890740741    2.84382716     0.149691358    0.2438271605   0.2668058055   
424      I1         1.066049383    2.31872428     0.7728943759   2.890740741    2.99382716     0.142191358    0.2438271605   0.2657620147   
425      I1         1.066049383    2.31872428     0.7728943759   2.890740741    2.99382716     0.149691358    0.2288271605   0.2651215733   
426      I1         1.108549383    2.31872428     0.7728943759   2.890740741    2.99382716     0.149691358    0.2438271605   0.2658868749   
427      I1         1.066049383    2.36122428     0.7728943759   2.890740741    2.99382716     0.149691358    0.2438271605   0.2655554832   
428      I1         1.066049383    2.31872428     0.7973943759   2.890740741    2.99382716     0.149691358    0.2438271605   0.2684547184   
429      I1         1.066049383    2.31872428     0.7728943759   3.138240741    2.99382716     0.149691358    0.2438271605   0.2663388235   
430      I1         1.066049383    2.31872428     0.7728943759   2.890740741    2.99382716     0.149691358    0.2513271605   0.2689260772   
431      I1         1.023549383    2.31872428     0.7728943759   2.890740741    2.99382716     0.149691358    0.2438271605   0.2686553232   
432      I1         1.066049383    2.27622428     0.7728943759   2.890740741    2.99382716     0.149691358    0.2438271605   0.2660100921   
433      I1         1.066049383    2.31872428     0.7483943759   2.890740741    2.99382716     0.149691358    0.2438271605   0.2645189301   
434      I1         1.066049383    2.31872428     0.7728943759   2.643240741    2.99382716     0.149691358    0.2438271605   0.2653882079   
435      I1         1.066049383    2.31872428     0.7728943759   2.890740741    2.91882716     0.149691358    0.2438271605   0.2663197748   
436      I1         1.066049383    2.31872428     0.7728943759   2.890740741    2.99382716     0.145941358    0.2438271605   0.2657620147   
437      I1         1.066049383    2.31872428     0.7728943759   2.890740741    2.99382716     0.149691358    0.2363271605   0.2644415315   
438      I1         1.108549383    2.31872428     0.7728943759   2.890740741    2.99382716     0.149691358    0.2363271605   0.263669025    
439      I1         1.066049383    2.36122428     0.7728943759   2.890740741    2.99382716     0.149691358    0.2363271605   0.2641736709   
440      I1         1.066049383    2.31872428     0.7973943759   2.890740741    2.99382716     0.149691358    0.2363271605   0.2678970815   
441      I1         1.066049383    2.31872428     0.7728943759   3.138240741    2.99382716     0.149691358    0.2363271605   0.2649863898   
442      I1         1.023549383    2.31872428     0.7728943759   2.890740741    2.99382716     0.149691358    0.2363271605   0.2682350691   
443      I1         1.066049383    2.27622428     0.7728943759   2.890740741    2.99382716     0.149691358    0.2363271605   0.264760698    
444      I1         1.066049383    2.31872428     0.7483943759   2.890740741    2.99382716     0.149691358    0.2363271605   0.2624324659   
445      I1         1.066049383    2.31872428     0.7728943759   2.643240741    2.99382716     0.149691358    0.2363271605   0.2641177008   
446      I1         1.066049383    2.31872428     0.7728943759   2.890740741    2.91882716     0.149691358    0.2363271605   0.265014073    
447      I1         1.066049383    2.31872428     0.7728943759   2.890740741    2.99382716     0.145941358    0.2363271605   0.2644415315   
448      I1         1.066049383    2.31872428     0.7728943759   2.890740741    2.99382716     0.149691358    0.2288271605   0.2651215733   
449      I1         1.108549383    2.31872428     0.7483943759   2.890740741    2.99382716     0.149691358    0.2363271605   0.2635205825   
450      I1         1.066049383    2.36122428     0.7483943759   2.890740741    2.99382716     0.149691358    0.2363271605   0.2624540745   
451      I1         1.066049383    2.31872428     0.7483943759   3.138240741    2.99382716     0.149691358    0.2363271605   0.2630074048   
452      I1         1.023549383    2.31872428     0.7483943759   2.890740741    2.99382716     0.149691358    0.2363271605   0.2641540639   
453      I1         1.066049383    2.27622428     0.7483943759   2.890740741    2.99382716     0.149691358    0.2363271605   0.2625486004   
454      I1         1.066049383    2.31872428     0.7238943759   2.890740741    2.99382716     0.149691358    0.2363271605   0.2622552204   
455      I1         1.066049383    2.31872428     0.7483943759   2.643240741    2.99382716     0.149691358    0.2363271605   0.2620213249   
456      I1         1.066049383    2.31872428     0.7483943759   2.890740741    2.91882716     0.149691358    0.2363271605   0.2631481992   
457      I1         1.066049383    2.31872428     0.7483943759   2.890740741    2.99382716     0.145941358    0.2363271605   0.2624324659   
458      I1         1.066049383    2.31872428     0.7483943759   2.890740741    2.99382716     0.149691358    0.2288271605   0.2623235292   
459      I1         1.087299383    2.31872428     0.7483943759   2.890740741    2.99382716     0.149691358    0.2363271605   0.2626856438   
460      I1         1.066049383    2.33997428     0.7483943759   2.890740741    2.99382716     0.149691358    0.2363271605   0.2624224113   
461      I1         1.066049383    2.31872428     0.7606443759   2.890740741    2.99382716     0.149691358    0.2363271605   0.2632028337   
462      I1         1.066049383    2.31872428     0.7483943759   3.014490741    2.99382716     0.149691358    0.2363271605   0.2627101394   
463      I1         1.066049383    2.31872428     0.7483943759   2.890740741    2.99382716     0.149691358    0.2400771605   0.2632389542   
464      I1         1.044799383    2.31872428     0.7483943759   2.890740741    2.99382716     0.149691358    0.2363271605   0.2628839349   
465      I1         1.066049383    2.29747428     0.7483943759   2.890740741    2.99382716     0.149691358    0.2363271605   0.2624721819   
466      I1         1.066049383    2.31872428     0.7361443759   2.890740741    2.99382716     0.149691358    0.2363271605   0.262128074    
467      I1         1.066049383    2.31872428     0.7483943759   2.766990741    2.99382716     0.149691358    0.2363271605   0.2621907407   
468      I1         1.066049383    2.31872428     0.7483943759   2.890740741    2.95632716     0.149691358    0.2363271605   0.2629939962   
469      I1         1.066049383    2.31872428     0.7483943759   2.890740741    2.99382716     0.147816358    0.2363271605   0.2624324659   
470      I1         1.066049383    2.31872428     0.7483943759   2.890740741    2.99382716     0.149691358    0.2325771605   0.2621212555   
471      I1         1.087299383    2.31872428     0.7483943759   2.890740741    2.99382716     0.149691358    0.2325771605   0.2621426068   
472      I1         1.066049383    2.33997428     0.7483943759   2.890740741    2.99382716     0.149691358    0.2325771605   0.262091579    
473      I1         1.066049383    2.31872428     0.7606443759   2.890740741    2.99382716     0.149691358    0.2325771605   0.2630889386   
474      I1         1.066049383    2.31872428     0.7483943759   3.014490741    2.99382716     0.149691358    0.2325771605   0.26238816     
475      I1         1.044799383    2.31872428     0.7483943759   2.890740741    2.99382716     0.149691358    0.2325771605   0.262797363    
476      I1         1.066049383    2.29747428     0.7483943759   2.890740741    2.99382716     0.149691358    0.2325771605   0.2621798772   
477      I1         1.066049383    2.31872428     0.7361443759   2.890740741    2.99382716     0.149691358    0.2325771605   0.2616083345   
478      I1         1.066049383    2.31872428     0.7483943759   2.766990741    2.99382716     0.149691358    0.2325771605   0.2618922979   
479      I1         1.066049383    2.31872428     0.7483943759   2.890740741    2.95632716     0.149691358    0.2325771605   0.2626909891   
480      I1         1.066049383    2.31872428     0.7483943759   2.890740741    2.99382716     0.147816358    0.2325771605   0.2621212555   
481      I1         1.087299383    2.31872428     0.7361443759   2.890740741    2.99382716     0.149691358    0.2325771605   0.261977641    
482      I1         1.066049383    2.33997428     0.7361443759   2.890740741    2.99382716     0.149691358    0.2325771605   0.2616449767   
483      I1         1.066049383    2.31872428     0.7361443759   3.014490741    2.99382716     0.149691358    0.2325771605   0.2619003372   
484      I1         1.044799383    2.31872428     0.7361443759   2.890740741    2.99382716     0.149691358    0.2325771605   0.261771313    
485      I1         1.066049383    2.29747428     0.7361443759   2.890740741    2.99382716     0.149691358    0.2325771605   0.2615881228   
486      I1         1.066049383    2.31872428     0.7238943759   2.890740741    2.99382716     0.149691358    0.2325771605   0.2614970881   
487      I1         1.066049383    2.31872428     0.7361443759   2.766990741    2.99382716     0.149691358    0.2325771605   0.2613563949   
488      I1         1.066049383    2.31872428     0.7361443759   2.890740741    2.95632716     0.149691358    0.2325771605   0.2621862566   
489      I1         1.066049383    2.31872428     0.7361443759   2.890740741    2.99382716     0.147816358    0.2325771605   0.2616083345   
490      I1         1.066049383    2.31872428     0.7361443759   2.890740741    2.99382716     0.149691358    0.2288271605   0.2615985372   
491      I1         1.087299383    2.31872428     0.7361443759   2.766990741    2.99382716     0.149691358    0.2325771605   0.2617010756   
492      I1         1.066049383    2.33997428     0.7361443759   2.766990741    2.99382716     0.149691358    0.2325771605   0.2613862104   
493      I1         1.066049383    2.31872428     0.7361443759   2.766990741    2.99382716     0.149691358    0.2363271605   0.2618648483   
494      I1         1.044799383    2.31872428     0.7361443759   2.766990741    2.99382716     0.149691358    0.2325771605   0.2615332012   
495      I1         1.066049383    2.29747428     0.7361443759   2.766990741    2.99382716     0.149691358    0.2325771605   0.2613411677   
496      I1         1.066049383    2.31872428     0.7238943759   2.766990741    2.99382716     0.149691358    0.2325771605   0.2612177605   
497      I1         1.066049383    2.31872428     0.7361443759   2.643240741    2.99382716     0.149691358    0.2325771605   0.261185101    
498      I1         1.066049383    2.31872428     0.7361443759   2.766990741    2.95632716     0.149691358    0.2325771605   0.2619945571   
499      I1         1.066049383    2.31872428     0.7361443759   2.766990741    2.99382716     0.147816358    0.2325771605   0.2613563949   
500      I1         1.066049383    2.31872428     0.7361443759   2.766990741    2.99382716     0.149691358    0.2288271605   0.2613596596   
501      I1         1.087299383    2.31872428     0.7361443759   2.643240741    2.99382716     0.149691358    0.2325771605   0.2615019687   
502      I1         1.066049383    2.33997428     0.7361443759   2.643240741    2.99382716     0.149691358    0.2325771605   0.2612063224   
503      I1         1.066049383    2.31872428     0.7483943759   2.643240741    2.99382716     0.149691358    0.2325771605   0.2617370366   
504      I1         1.066049383    2.31872428     0.7361443759   2.643240741    2.99382716     0.149691358    0.2363271605   0.2616805416   
505      I1         1.044799383    2.31872428     0.7361443759   2.643240741    2.99382716     0.149691358    0.2325771605   0.2613732818   
506      I1         1.066049383    2.29747428     0.7361443759   2.643240741    2.99382716     0.149691358    0.2325771605   0.2611678389   
507      I1         1.066049383    2.31872428     0.7238943759   2.643240741    2.99382716     0.149691358    0.2325771605   0.261014625    
508      I1         1.066049383    2.31872428     0.7361443759   2.519490741    2.99382716     0.149691358    0.2325771605   0.2610107065   
509      I1         1.066049383    2.31872428     0.7361443759   2.643240741    2.95632716     0.149691358    0.2325771605   0.2618252641   
510      I1         1.066049383    2.31872428     0.7361443759   2.643240741    2.99382716     0.147816358    0.2325771605   0.261185101    
511      I1         1.066049383    2.31872428     0.7361443759   2.643240741    2.99382716     0.149691358    0.2288271605   0.2612031275   
512      I1         1.108549383    2.31872428     0.7361443759   2.519490741    2.99382716     0.149691358    0.2325771605   0.2622724988   
513      I1         1.066049383    2.36122428     0.7361443759   2.519490741    2.99382716     0.149691358    0.2325771605   0.2611147633   
514      I1         1.066049383    2.31872428     0.7606443759   2.519490741    2.99382716     0.149691358    0.2325771605   0.2627405787   
515      I1         1.066049383    2.31872428     0.7361443759   2.766990741    2.99382716     0.149691358    0.2325771605   0.2613563949   
516      I1         1.066049383    2.31872428     0.7361443759   2.519490741    2.99382716     0.149691358    0.2400771605   0.2624699846   
517      I1         1.023549383    2.31872428     0.7361443759   2.519490741    2.99382716     0.149691358    0.2325771605   0.2622939143   
518      I1         1.066049383    2.27622428     0.7361443759   2.519490741    2.99382716     0.149691358    0.2325771605   0.2610631906   
519      I1         1.066049383    2.31872428     0.7116443759   2.519490741    2.99382716     0.149691358    0.2325771605   0.2611315043   
520      I1         1.066049383    2.31872428     0.7361443759   2.271990741    2.99382716     0.149691358    0.2325771605   0.2606956617   
521      I1         1.066049383    2.31872428     0.7361443759   2.519490741    2.91882716     0.149691358    0.2325771605   0.261827238    
522      I1         1.066049383    2.31872428     0.7361443759   2.519490741    2.99382716     0.145941358    0.2325771605   0.2610107065   
523      I1         1.066049383    2.31872428     0.7361443759   2.519490741    2.99382716     0.149691358    0.2250771605   0.2616085312   
524      I1         1.087299383    2.31872428     0.7361443759   2.519490741    2.99382716     0.149691358    0.2325771605   0.2612463935   
525      I1         1.066049383    2.33997428     0.7361443759   2.519490741    2.99382716     0.149691358    0.2325771605   0.2610105567   
526      I1         1.066049383    2.31872428     0.7483943759   2.519490741    2.99382716     0.149691358    0.2325771605   0.2616579371   
527      I1         1.066049383    2.31872428     0.7361443759   2.519490741    2.99382716     0.149691358    0.2363271605   0.2614927372   
528      I1         1.044799383    2.31872428     0.7361443759   2.519490741    2.99382716     0.149691358    0.2325771605   0.2612849127   
529      I1         1.066049383    2.29747428     0.7361443759   2.519490741    2.99382716     0.149691358    0.2325771605   0.261015023    
530      I1         1.066049383    2.31872428     0.7238943759   2.519490741    2.99382716     0.149691358    0.2325771605   0.2607460413   
531      I1         1.066049383    2.31872428     0.7361443759   2.395740741    2.99382716     0.149691358    0.2325771605   0.2608226309   
532      I1         1.066049383    2.31872428     0.7361443759   2.519490741    2.95632716     0.149691358    0.2325771605   0.2616528634   
533      I1         1.066049383    2.31872428     0.7361443759   2.519490741    2.99382716     0.147816358    0.2325771605   0.2610107065   
534      I1         1.066049383    2.31872428     0.7361443759   2.519490741    2.99382716     0.149691358    0.2288271605   0.2610439955   
535      I1         1.087299383    2.31872428     0.7238943759   2.519490741    2.99382716     0.149691358    0.2325771605   0.2615845038   
536      I1         1.066049383    2.33997428     0.7238943759   2.519490741    2.99382716     0.149691358    0.2325771605   0.2609204757   
537      I1         1.066049383    2.31872428     0.7238943759   2.519490741    2.99382716     0.149691358    0.2363271605   0.2614742516   
538      I1         1.044799383    2.31872428     0.7238943759   2.519490741    2.99382716     0.149691358    0.2325771605   0.260615082    
539      I1         1.066049383    2.29747428     0.7238943759   2.519490741    2.99382716     0.149691358    0.2325771605   0.2606357396   
540      I1         1.066049383    2.31872428     0.7238943759   2.395740741    2.99382716     0.149691358    0.2325771605   0.2605310306   
541      I1         1.066049383    2.31872428     0.7238943759   2.519490741    2.95632716     0.149691358    0.2325771605   0.2613229118   
542      I1         1.066049383    2.31872428     0.7238943759   2.519490741    2.99382716     0.147816358    0.2325771605   0.2607460413   
543      I1         1.066049383    2.31872428     0.7238943759   2.519490741    2.99382716     0.149691358    0.2288271605   0.2605270048   
544      I1         1.087299383    2.31872428     0.7238943759   2.519490741    2.99382716     0.149691358    0.2288271605   0.2611080871   
545      I1         1.066049383    2.33997428     0.7238943759   2.519490741    2.99382716     0.149691358    0.2288271605   0.2606652251   
546      I1         1.066049383    2.31872428     0.7238943759   2.643240741    2.99382716     0.149691358    0.2288271605   0.2607832335   
547      I1         1.044799383    2.31872428     0.7238943759   2.519490741    2.99382716     0.149691358    0.2288271605   0.2606589036   
548      I1         1.066049383    2.29747428     0.7238943759   2.519490741    2.99382716     0.149691358    0.2288271605   0.2604571164   
549      I1         1.066049383    2.31872428     0.7116443759   2.519490741    2.99382716     0.149691358    0.2288271605   0.2606690382   
550      I1         1.066049383    2.31872428     0.7238943759   2.395740741    2.99382716     0.149691358    0.2288271605   0.26032607     
551      I1         1.066049383    2.31872428     0.7238943759   2.519490741    2.95632716     0.149691358    0.2288271605   0.2611131318   
552      I1         1.066049383    2.31872428     0.7238943759   2.519490741    2.99382716     0.147816358    0.2288271605   0.2605270048   
553      I1         1.066049383    2.31872428     0.7238943759   2.519490741    2.99382716     0.149691358    0.2250771605   0.2608356785   
554      I1         1.087299383    2.31872428     0.7238943759   2.395740741    2.99382716     0.149691358    0.2288271605   0.2608840371   
555      I1         1.066049383    2.33997428     0.7238943759   2.395740741    2.99382716     0.149691358    0.2288271605   0.2604620721   
556      I1         1.066049383    2.31872428     0.7361443759   2.395740741    2.99382716     0.149691358    0.2288271605   0.2608710015   
557      I1         1.044799383    2.31872428     0.7238943759   2.395740741    2.99382716     0.149691358    0.2288271605   0.260488379    
558      I1         1.066049383    2.29747428     0.7238943759   2.395740741    2.99382716     0.149691358    0.2288271605   0.2602568583   
559      I1         1.066049383    2.31872428     0.7116443759   2.395740741    2.99382716     0.149691358    0.2288271605   0.2604376947   
560      I1         1.066049383    2.31872428     0.7238943759   2.271990741    2.99382716     0.149691358    0.2288271605   0.2601977332   
561      I1         1.066049383    2.31872428     0.7238943759   2.395740741    2.95632716     0.149691358    0.2288271605   0.2609144169   
562      I1         1.066049383    2.31872428     0.7238943759   2.395740741    2.99382716     0.147816358    0.2288271605   0.26032607     
563      I1         1.066049383    2.31872428     0.7238943759   2.395740741    2.99382716     0.149691358    0.2250771605   0.260650739    
564      I1         1.076674383    2.31872428     0.7238943759   2.395740741    2.99382716     0.149691358    0.2288271605   0.2605032254   
565      I1         1.066049383    2.32934928     0.7238943759   2.395740741    2.99382716     0.149691358    0.2288271605   0.2603858506   
566      I1         1.066049383    2.31872428     0.7300193759   2.395740741    2.99382716     0.149691358    0.2288271605   0.2605062294   
567      I1         1.066049383    2.31872428     0.7238943759   2.457615741    2.99382716     0.149691358    0.2288271605   0.2604232384   
568      I1         1.066049383    2.31872428     0.7238943759   2.395740741    2.99382716     0.149691358    0.2307021605   0.260363398    
569      I1         1.055424383    2.31872428     0.7238943759   2.395740741    2.99382716     0.149691358    0.2288271605   0.2603185079   
570      I1         1.066049383    2.30809928     0.7238943759   2.395740741    2.99382716     0.149691358    0.2288271605   0.2602784012   
571      I1         1.066049383    2.31872428     0.7177693759   2.395740741    2.99382716     0.149691358    0.2288271605   0.2602906063   
572      I1         1.066049383    2.31872428     0.7238943759   2.333865741    2.99382716     0.149691358    0.2288271605   0.2602492752   
573      I1         1.066049383    2.31872428     0.7238943759   2.395740741    2.97507716     0.149691358    0.2288271605   0.26032607     
574      I1         1.066049383    2.31872428     0.7238943759   2.395740741    2.99382716     0.148753858    0.2288271605   0.26032607     
575      I1         1.066049383    2.31872428     0.7238943759   2.395740741    2.99382716     0.149691358    0.2269521605   0.2604212215   
576      I1         1.076674383    2.31872428     0.7238943759   2.333865741    2.99382716     0.149691358    0.2288271605   0.2604251402   
577      I1         1.066049383    2.32934928     0.7238943759   2.333865741    2.99382716     0.149691358    0.2288271605   0.260310279    
578      I1         1.066049383    2.31872428     0.7300193759   2.333865741    2.99382716     0.149691358    0.2288271605   0.260434638    
579      I1         1.066049383    2.31872428     0.7238943759   2.333865741    2.99382716     0.149691358    0.2307021605   0.2602827861   
580      I1         1.055424383    2.31872428     0.7238943759   2.333865741    2.99382716     0.149691358    0.2288271605   0.2602462333   
581      I1         1.066049383    2.30809928     0.7238943759   2.333865741    2.99382716     0.149691358    0.2288271605   0.2602016494   
582      I1         1.066049383    2.31872428     0.7177693759   2.333865741    2.99382716     0.149691358    0.2288271605   0.2602135814   
583      I1         1.066049383    2.31872428     0.7238943759   2.271990741    2.99382716     0.149691358    0.2288271605   0.2601977332   
584      I1         1.066049383    2.31872428     0.7238943759   2.333865741    2.97507716     0.149691358    0.2288271605   0.2602492752   
585      I1         1.066049383    2.31872428     0.7238943759   2.333865741    2.99382716     0.148753858    0.2288271605   0.2602492752   
586      I1         1.066049383    2.31872428     0.7238943759   2.333865741    2.99382716     0.149691358    0.2269521605   0.2603484789   
587      I1         1.076674383    2.31872428     0.7238943759   2.271990741    2.99382716     0.149691358    0.2288271605   0.2603678263   
588      I1         1.066049383    2.32934928     0.7238943759   2.271990741    2.99382716     0.149691358    0.2288271605   0.2602601047   
589      I1         1.066049383    2.31872428     0.7300193759   2.271990741    2.99382716     0.149691358    0.2288271605   0.2603879924   
590      I1         1.066049383    2.31872428     0.7238943759   2.271990741    2.99382716     0.149691358    0.2307021605   0.2602273364   
591      I1         1.055424383    2.31872428     0.7238943759   2.271990741    2.99382716     0.149691358    0.2288271605   0.2601993985   
592      I1         1.066049383    2.30809928     0.7238943759   2.271990741    2.99382716     0.149691358    0.2288271605   0.2601494617   
593      I1         1.066049383    2.31872428     0.7177693759   2.271990741    2.99382716     0.149691358    0.2288271605   0.2601584362   
594      I1         1.066049383    2.31872428     0.7238943759   2.210115741    2.99382716     0.149691358    0.2288271605   0.2601725016   
595      I1         1.066049383    2.31872428     0.7238943759   2.271990741    2.97507716     0.149691358    0.2288271605   0.2601977332   
596      I1         1.066049383    2.31872428     0.7238943759   2.271990741    2.99382716     0.148753858    0.2288271605   0.2601977332   
597      I1         1.066049383    2.31872428     0.7238943759   2.271990741    2.99382716     0.149691358    0.2269521605   0.2603010736   
598      I1         1.076674383    2.30809928     0.7238943759   2.271990741    2.99382716     0.149691358    0.2288271605   0.2603008671   
599      I1         1.066049383    2.30809928     0.7300193759   2.271990741    2.99382716     0.149691358    0.2288271605   0.2603833087   
600      I1         1.066049383    2.30809928     0.7238943759   2.271990741    2.99382716     0.149691358    0.2307021605   0.2601692131   
601      I1         1.055424383    2.30809928     0.7238943759   2.271990741    2.99382716     0.149691358    0.2288271605   0.2601672974   
602      I1         1.066049383    2.29747428     0.7238943759   2.271990741    2.99382716     0.149691358    0.2288271605   0.2601257465   
603      I1         1.066049383    2.30809928     0.7177693759   2.271990741    2.99382716     0.149691358    0.2288271605   0.2600714721   
604      I1         1.066049383    2.30809928     0.7238943759   2.210115741    2.99382716     0.149691358    0.2288271605   0.2601236216   
605      I1         1.066049383    2.30809928     0.7238943759   2.271990741    2.97507716     0.149691358    0.2288271605   0.2601494617   
606      I1         1.066049383    2.30809928     0.7238943759   2.271990741    2.99382716     0.148753858    0.2288271605   0.2601494617   
607      I1         1.066049383    2.30809928     0.7238943759   2.271990741    2.99382716     0.149691358    0.2269521605   0.2602628164   
