%eval_id interface log__t_efold_shallow log__t_efold_soil f_exfiltration_shallow PDD_melt_factor log__fdd_threshold baseflow_Q     neg_kge        
1        I1         0.6881199015   1.090187553    0.4488348579   3.121569704    1.791999379    0.2914940838   0.4000275688   
2        I1         1.969316018    1.846727143    0.1690601992   7.173850679    2.496446182    0.1968725252   0.7144290089   
3        I1         1.857817526    1.794869922    0.06656576261  8.669905264    0.3866555909   0.1179143481   0.6563529416   
4        I1         0.973829551    1.880140909    0.3707704154   9.894516746    1.61356125     0.1334627821   0.5151320037   
5        I1         1.361125029    1.772829532    0.01532336792  7.860451058    2.415632858    0.0125918752   1.252595232    
6        I1         0.872472806    1.290716929    0.7685437061   0.2471027414   1.916511212    0.2621619377   0.3841498869   
7        I1         0.5570628343   2.086270055    0.5753347279   8.936535391    1.673022909    0.04084101498  1.220720516    
8        I1         1.144801891    1.189323103    0.9217858182   4.135522521    0.8876398764   0.03600978332  1.089928768    
9        I1         1.269443469    1.51774427     0.7967770558   5.630395924    0.8502429076   0.1003517259   0.5856155606   
10       I1         1.112249205    1.96163696     0.1203424319   3.548803977    2.782937442    0.03263976803  0.8850433754   
11       I1         0.3237088733   2.61158016     0.5647162795   7.956043475    2.891703806    0.2495219492   0.4955233063   
12       I1         1.628908169    1.67081122     0.1741324481   3.725422793    0.5481433382   0.26069846     0.5176214083   
13       I1         1.359382799    2.660330014    0.6496377459   1.36328288     0.8011851785   0.2592199739   0.3302538373   
14       I1         1.326528753    2.629135782    0.518568485    5.551266989    1.927391008    0.2543233006   0.3520577901   
15       I1         0.5744913194   1.475532227    0.6328426929   1.584028923    0.8744843179   0.1220164794   0.7310212043   
16       I1         1.751218561    1.963526746    0.241758991    4.356625167    2.94291818     0.2191489839   0.6138528818   
17       I1         1.990996676    1.394356037    0.7373419219   1.619183891    2.460711664    0.1465130537   0.5180458148   
18       I1         0.9989670997   2.007974284    0.2580693034   4.265448546    0.896028394    0.1801150454   0.3828787362   
19       I1         0.4301140715   2.444789642    0.784607915    3.100769735    1.759022912    0.00900984373  1.926356864    
20       I1         0.8114660747   1.833095461    0.758768983    4.540892924    1.226022722    0.04526808568  1.100278841    
21       I1         1.771193562    1.901955297    0.9609391812   9.290806578    1.128795596    0.136459773    0.4443025034   
22       I1         1.600285292    2.455724537    0.2512428279   0.7145979613   2.79321055     0.2815735903   0.6753212128   
23       I1         1.507471669    1.213851171    0.4704067544   0.9466208609   0.8326234878   0.2506169062   0.3645271448   
24       I1         0.6677877611   1.816862121    0.4092313068   8.284955499    0.1464680883   0.2655143389   0.4179811482   
25       I1         1.614376697    1.511267464    0.3936567825   7.554591966    0.05658206501  0.2707680943   0.4707760482   
26       I1         1.444278275    1.149679854    0.7163051823   8.573507468    0.1198848788   0.04837980556  0.8701925348   
27       I1         0.4859222711   2.382780579    0.1557264435   8.370694267    1.286597887    0.08358146397  0.8743509252   
28       I1         1.583172998    1.448917371    0.8113882099   3.057794173    0.9891293889   0.1219647113   0.4689515245   
29       I1         0.6741398318   1.40414358     0.5808768799   3.987217094    1.936397314    0.1621749119   0.5446393841   
30       I1         0.9821751427   2.381482366    0.9486400733   1.734279805    2.731757449    0.2929566737   0.3509331155   
31       I1         0.3351591749   2.29651723     0.8745626012   1.601523929    0.7094198888   0.06028517103  1.2478907      
32       I1         1.682335925    1.875005895    0.1518104971   0.6924157453   1.173012391    0.05326143292  0.7746550926   
33       I1         1.324356168    2.191445607    0.07309836296  8.749204652    2.42292224     0.2905630386   0.568292998    
34       I1         1.860860465    1.74754868     0.3959173938   6.006115048    2.75126556     0.06580928671  0.6887259982   
35       I1         0.9080263691   1.461686529    0.2724680051   7.228198565    0.4583502626   0.2880275581   0.3762799014   
36       I1         1.186805977    2.635292786    0.4721197333   4.830118738    2.226732022    0.1868758684   0.3182041632   
37       I1         1.381827444    1.400965242    0.358488549    5.302236487    0.3298537564   0.1104831343   0.5314316433   
38       I1         1.799934239    2.126531714    0.680704075    1.81257532     2.270339628    0.2020288247   0.4606216341   
39       I1         0.787877155    2.462764673    0.1643526112   1.014452211    0.644646392    0.1837911998   0.4610795386   
40       I1         1.301021493    2.397986451    0.8467527811   1.929713924    1.382807306    0.2019271186   0.2979199484   
41       I1         0.7724829562   1.07842609     0.6190188693   1.296819446    1.658444886    0.1282237018   0.6431348377   
42       I1         0.7675012623   1.865102614    0.3484845734   2.60429237     2.233358189    0.01125485507  1.469188265    
43       I1         1.683075573    2.347031718    0.9751080515   6.922597836    0.7790108659   0.2636228703   0.4103373597   
44       I1         1.315604476    2.226407977    0.2920256757   9.762333124    2.56211718     0.09915488433  0.5410555809   
45       I1         1.254082153    1.181177565    0.4957952261   0.9118954856   2.29427592     0.1708099144   0.3831974678   
46       I1         1.670202853    2.689725624    0.1937842831   2.916113654    0.1540349276   0.243624943    0.623390515    
47       I1         1.012847891    2.353332986    0.7986998212   3.234673667    0.7856006412   0.295442006    0.3315890292   
48       I1         1.538629173    1.186086906    0.9040988944   9.217650397    1.909385412    0.08626902762  0.6216219128   
49       I1         0.8313026433   2.391765973    0.3915069734   0.5148381013   1.517180085    0.2779878487   0.3914184763   
50       I1         0.5937185563   1.015258679    0.3318330314   9.402470267    2.824209946    0.211031589    0.4392227979   
51       I1         0.5369019975   1.100195685    0.2530511585   8.13697614     0.01034197201  0.2788460005   0.466411359    
52       I1         0.728718011    1.831704451    0.3154184469   1.167673099    0.8117757942   0.05191625367  0.9747916264   
53       I1         1.162721522    2.103964652    0.2433909221   8.89132431     1.595667001    0.1788387284   0.4081314878   
54       I1         0.3285586371   1.605384842    0.04744972561  8.075067109    2.049866595    0.2749921694   0.553552436    
55       I1         0.6609580598   1.231727704    0.9706041785   4.573291518    0.867882787    0.2941560085   0.4790244191   
56       I1         0.4433185135   1.952210491    0.9397456248   1.697965596    0.9272385379   0.187760889    0.6742088198   
57       I1         1.015064302    1.201716412    0.3506061447   2.389648818    2.530288264    0.2530075828   0.3120087853   
58       I1         1.467821931    1.146068176    0.5365189733   6.151271188    1.854066653    0.2611092566   0.359052289    
59       I1         1.892783879    2.364682212    0.101792923    5.805738367    1.68724893     0.1748765178   0.7267719167   
60       I1         1.275950592    1.423331016    0.833652634    3.407560487    0.6788454992   0.2721928601   0.3022115416   
61       I1         1.192182611    1.063528064    0.2787708775   4.979091153    1.725274879    0.2525969756   0.3191319377   
62       I1         1.244751552    1.169199313    0.375585762    6.485592167    1.424605559    0.184108438    0.3573596162   
63       I1         0.6263816946   2.27527896     0.7229155004   8.731854044    2.978657689    0.09277984407  0.7954747092   
64       I1         0.866175135    1.887784017    0.1339379517   3.947583228    0.3116003391   0.002264181597 1.71857065     
65       I1         1.212023774    2.668874854    0.420406943    0.7461396      0.6296357631   0.2856386784   0.3939030469   
66       I1         0.5783994492   2.578719527    0.5309114694   9.262183006    1.29371814     0.01600413116  1.555387484    
67       I1         1.310439953    1.219835666    0.988718817    4.774681279    2.301529781    0.2061751914   0.3004652296   
68       I1         1.850647614    2.133923259    0.09540675286  6.713391891    2.994957194    0.2641953581   0.8161052042   
69       I1         1.901462023    1.029610094    0.1987421265   5.085836127    0.7459824225   0.2996998327   0.6152475051   
70       I1         0.3177406747   1.487285369    0.3676463919   8.788631933    1.461646759    0.1320646703   0.7664285465   
71       I1         1.098367723    1.299671974    0.7543288554   5.219617476    0.4123190324   0.2566400366   0.302737638    
72       I1         1.79550917     2.186006007    0.1263474312   2.279544782    2.369836423    0.2354071449   0.6934816209   
73       I1         1.459552999    1.987294004    0.1820892142   9.336760321    2.934124662    0.2252916831   0.5263158275   
74       I1         1.88843912     1.386281804    0.06935178189  8.476879288    1.666744679    0.06844135726  0.7218793469   
75       I1         0.4737196634   1.576814556    0.4518221431   3.740235331    2.680968676    0.1719654947   0.5173495231   
76       I1         0.5489412889   1.806078942    0.05466877521  6.222284026    2.673501397    0.01025208663  1.457262362    
77       I1         0.9870801418   1.285348205    0.5079141114   4.52138942     0.3004532978   0.1774446812   0.3951703149   
78       I1         0.719191177    2.044425839    0.09433955728  1.070356368    0.370963921    0.01771806423  1.343376713    
79       I1         1.979905971    1.623563135    0.7411603891   2.368790368    1.540588299    0.1418535867   0.5169793299   
80       I1         0.8563423004   2.407301197    0.7657031035   2.756046349    1.963823959    0.1643819406   0.4774812183   
81       I1         1.141522265    2.215010462    0.6889745238   6.644687215    1.817009697    0.03920191389  0.9849174171   
82       I1         0.7461268417   2.470183567    0.7106140872   6.886137169    0.2230199148   0.0207265161   1.436384721    
83       I1         0.9744128914   1.754827795    0.8208800235   1.542269166    1.869897388    0.1631732487   0.4588842774   
84       I1         1.422242053    2.221495105    0.2134344194   7.038546648    0.1061916578   0.1617013795   0.4428811624   
85       I1         1.908649771    2.318754595    0.8615087911   1.252806333    0.3906547974   0.1597288604   0.4645628785   
86       I1         0.551983061    1.720055247    0.8542644272   8.524852709    0.9779642546   0.07488088268  1.042964875    
87       I1         0.7409346075   2.644110444    0.7574143314   5.034623237    2.502247231    0.2441867073   0.4054624703   
88       I1         1.740831827    1.850722746    0.7635570378   6.382399742    0.279512584    0.2391003601   0.4438665161   
89       I1         0.3734655823   2.637878489    0.1129324671   0.4668629691   0.6858646874   0.2808181421   0.5681334453   
90       I1         0.6098356177   1.47684756     0.5148475791   2.652348399    2.456392491    0.2100051206   0.4462755229   
91       I1         0.7805910733   1.162088808    0.246853168    6.17371461     2.838588672    0.09107280868  0.6951855975   
92       I1         0.7579706501   2.600075591    0.5821217126   3.472139862    1.954102839    0.2363411941   0.3695402255   
93       I1         1.382954783    2.590534515    0.3290888779   3.453847976    0.07882753648  0.230826782    0.3976375842   
94       I1         0.8192857502   2.262234132    0.5534769359   7.465140334    0.8422149886   0.282906572    0.3819853386   
95       I1         0.4057035626   1.124789684    0.526658302    0.1769113734   1.629893411    0.02131360897  1.604210092    
96       I1         1.131380639    2.547458364    0.03416342229  3.330466053    0.4462317245   0.02650815191  1.003107008    
97       I1         1.775966423    1.926213285    0.4907157296   4.125893078    2.867388069    0.01946785742  0.9632517327   
98       I1         1.748286095    2.480325566    0.7011329494   4.73291236     0.4679873835   0.03071230386  0.8647994303   
99       I1         0.8936899455   1.580142564    0.4810012562   4.483330246    2.132383706    0.1656833015   0.4231820865   
100      I1         1.365941496    2.512240563    0.415143026    6.543546026    2.629563675    0.04641253486  0.7288740377   
101      I1         1.708819711    2.559012186    0.8099838296   6.461216928    2.903446706    0.1661015932   0.3893060211   
102      I1         1.937686949    1.914040856    0.7347131634   7.759167438    0.9647593495   0.004276918938 1.224560934    
103      I1         0.8971714963   1.502985028    0.9271647848   9.631140682    2.000652321    0.1144369178   0.6808938639   
104      I1         1.076181637    1.648557062    0.816280494    1.66206463     1.478880185    0.1683897966   0.4104780998   
105      I1         1.811396034    2.298393316    0.6141247422   7.425548685    1.327160829    0.01824001612  0.9594639006   
106      I1         0.7482488826   1.629118409    0.1838472716   4.698557647    2.255813986    0.2085900255   0.3963773244   
107      I1         1.230764125    2.282828503    0.7061470519   1.043329762    1.894923206    0.1154936342   0.5201780901   
108      I1         1.518732135    1.265502074    0.05864020858  5.530253552    1.645488423    0.1317346713   0.4958535727   
109      I1         0.8066862593   2.081967787    0.6084472201   7.720914576    2.840746517    0.03706228277  1.054509044    
110      I1         0.3052678245   2.607205399    0.02402960909  0.6298177523   1.774081845    0.1883500078   0.6468869386   
111      I1         0.7957480231   2.049813049    0.545684043    0.6072840908   0.241935056    0.07290587259  0.8557339395   
112      I1         1.257981942    2.267059179    0.6035682808   8.978371301    2.776554718    0.04248659025  0.8502895571   
113      I1         1.101323509    1.487467654    0.3102496721   7.118624855    0.2955522897   0.2279710228   0.3349237472   
114      I1         1.592116285    2.529878567    0.2668311274   8.963357097    2.182156125    0.05628485174  0.6680382826   
115      I1         1.151278613    1.686736869    0.4326552684   7.675855246    2.669505124    0.1769588324   0.365604686    
116      I1         0.5702487049   1.591783969    0.5206531373   3.653321701    1.148177461    0.2076688286   0.4736135037   
117      I1         1.674256652    1.239487442    0.2229116651   5.056203602    1.600889533    0.1163760157   0.5229428009   
118      I1         1.225710618    1.248939516    0.8577942566   5.596082035    0.3640589735   0.00684235601  1.58670574     
119      I1         1.389904313    2.623360368    0.4982970698   2.973687367    2.646602439    0.150666141    0.3597239575   
120      I1         1.406987481    1.563813263    0.4743634524   0.7804949908   0.02932819657  0.06277961079  0.7610137519   
121      I1         0.8352697815   1.643923416    0.01096722084  2.96306762     0.0612992772   0.2873852      0.4284437793   
122      I1         0.3540151082   1.353113064    0.06535929282  7.437018435    2.442730482    0.08916733069  0.8873520887   
123      I1         1.527668383    1.236657754    0.6953625928   1.769414299    2.636825673    0.2570945108   0.3575256528   
124      I1         1.933004722    1.607062876    0.3886177276   1.507344602    1.509554484    0.2045497295   0.5875994548   
125      I1         1.107474017    2.016681234    0.9822357883   5.820875969    0.9556952075   0.2452882764   0.3127399594   
126      I1         1.280854117    2.074017228    0.437946816    4.678081359    1.338677313    0.1921241774   0.3350906008   
127      I1         0.7074897604   1.359935892    0.5854480101   5.407307661    1.051040357    0.1232224166   0.6681511124   
128      I1         0.39845222     2.161198875    0.1717239359   0.3255666208   2.198765904    0.1048114983   0.7557461453   
129      I1         0.869678216    2.201317947    0.148233208    9.03470731     1.800678373    0.1853523621   0.4632224692   
130      I1         1.335763744    1.950323918    0.6623060668   6.74857966     2.164788993    0.08112910144  0.6436381146   
131      I1         1.3490471      1.061946202    0.09140988043  4.404323695    1.277645106    0.04971133729  0.8835715585   
132      I1         0.9241843732   1.022174469    0.9517507719   8.695301592    0.08529497701  0.242293958    0.3834514048   
133      I1         0.5014862514   1.740200609    0.1609239027   6.360435239    0.7580305918   0.08092529093  0.8756554545   
134      I1         1.288003539    1.542045094    0.2965311055   7.501175422    0.03111295437  0.142469947    0.4497816741   
135      I1         1.783188645    1.522818988    0.7479797478   7.93993325     0.535698567    0.05726606654  0.728585118    
136      I1         0.9931211435   1.157178291    0.3211122996   6.810519594    0.5278412174   0.2863166606   0.3543287101   
137      I1         1.171461564    1.303784423    0.3028261628   6.530355773    1.567403702    0.08787482662  0.6640879182   
138      I1         1.876269462    2.619524521    0.9117041212   4.880365191    0.5671088901   0.2247508049   0.4716761774   
139      I1         0.3902345162   1.042055073    0.5722285074   9.943839777    0.6548844624   0.09325462475  0.9763303337   
140      I1         0.5094663364   2.204138346    0.3553098455   2.531383436    1.394412585    0.1601719438   0.5639758508   
141      I1         1.340856682    1.637809805    0.1282105867   7.906744585    1.360168329    0.1525212205   0.4568853581   
142      I1         0.6158441461   1.197083982    0.4264992985   3.782430276    0.1956589186   0.2483840678   0.4223841498   
143      I1         1.72488636     1.1350667      0.8883672173   7.206321713    0.7237228324   0.03565518354  0.8996413371   
144      I1         0.408544849    1.705854979    0.9675446237   1.436661897    1.999537154    0.04478079514  1.379721541    
145      I1         1.868473146    1.693992783    0.5685544666   9.581427455    0.4302592529   0.2797646994   0.5990877506   
146      I1         1.815934321    2.288418569    0.4849303703   9.357582849    0.3410372704   0.02336984371  0.8866041269   
147      I1         1.948251375    2.493927199    0.7293746783   9.558525774    0.2580000113   0.2980413429   0.6588357094   
148      I1         0.9537959759   2.572289077    0.6663352558   8.244461875    1.489402361    0.07564261718  0.7760819347   
149      I1         0.36004142     1.496423881    0.4627937077   1.287616446    2.08415103     0.1578399193   0.6403000358   
150      I1         0.7196277594   1.545416253    0.1177187429   7.634728321    2.026813927    0.1125046341   0.6525062917   
151      I1         0.4360475337   1.509549826    0.1381446722   7.335185488    2.486800229    0.237943692    0.4831670287   
152      I1         0.3485504418   1.173806576    0.4791978633   5.694942135    0.2656470569   0.07025106732  1.095228908    
153      I1         1.564016217    1.892177349    0.7832098883   6.12550125     1.784025813    0.2847394459   0.416225999    
154      I1         0.5303073602   1.266991593    0.9286045323   1.144788363    1.827583849    0.1946378618   0.6073007523   
155      I1         0.9657950803   2.459660638    0.3792242899   2.891925863    1.406017211    0.09705015299  0.6089533048   
156      I1         1.200518864    2.141465459    0.5522626128   9.060572673    1.102110806    0.118777878    0.511873333    
157      I1         0.6558687647   1.930591487    0.5941336885   6.083045783    0.6085494759   0.153415626    0.5777199613   
158      I1         0.3443498047   1.283147972    0.3617229176   4.190495188    0.6648499524   0.1352429296   0.7418335578   
159      I1         1.092924469    2.37031698     0.8293473716   9.197663091    2.328761416    0.297861691    0.3519104324   
160      I1         1.730353726    2.120810807    0.1212022547   1.462707619    2.915158293    0.2176902932   0.7051227979   
161      I1         0.6501714999   2.056057473    0.9640046122   8.344831779    0.5175692027   0.05833989916  1.135650002    
162      I1         0.7603459946   1.985846631    0.1048459823   4.300063791    2.984243154    0.2698876829   0.4372304169   
163      I1         0.7357388406   1.675837711    0.06177781765  8.582183393    1.432667207    0.07823867631  0.8197119792   
164      I1         0.4240566145   2.530528148    0.6257311488   8.178379648    0.4854463637   0.1471628046   0.730368214    
165      I1         1.973053607    1.425525521    0.5998100814   7.373662739    2.398387064    0.2288660339   0.5810820779   
166      I1         1.085592975    1.855932989    0.405330441    2.701212951    0.9966243663   0.2409107881   0.3117865656   
167      I1         0.519434217    1.222511354    0.8066091071   7.577552967    1.095804575    0.266482792    0.5284422865   
168      I1         1.395449208    2.035421557    0.8975694465   9.508499215    1.154613196    0.144978291    0.4229230579   
169      I1         1.177159204    1.346035666    0.5576689306   9.473516053    2.387357021    0.1372994435   0.4739447514   
170      I1         1.531535246    2.030189091    0.200390285    3.237467964    0.04909756784  0.1201000777   0.5147960188   
171      I1         1.574434238    1.790683409    0.9375802072   8.484580848    0.5894404274   0.1080531507   0.523322893    
172      I1         1.645442561    2.436423644    0.2218144169   9.904127015    1.304225711    0.1996634237   0.5632342924   
173      I1         1.117992494    2.594591468    0.346439444    9.124406446    2.715141004    0.1306269226   0.429576289    
174      I1         1.841418893    1.109985789    0.07914671067  4.798964461    1.454839513    0.155159541    0.4990189605   
175      I1         0.9481382881   1.457724002    0.7513061837   6.301441424    2.473098479    0.2139053682   0.3574280648   
176      I1         1.665250111    1.442057733    0.6692030079   0.5442024497   1.712635888    0.1199399624   0.4974644058   
177      I1         0.7999073836   1.328667274    0.9795937024   2.507284945    2.436515761    0.1691724949   0.5452618426   
178      I1         0.4552595495   2.106105563    0.5243620839   9.994476062    0.9332957658   0.2584485906   0.5191673438   
179      I1         0.4479365181   1.664203842    0.6236486632   4.609512709    1.732860913    0.2154686661   0.5502337799   
180      I1         1.542088596    2.664262274    0.5415854781   3.366227821    2.333932804    0.0598009624   0.643479843    
181      I1         1.911398778    2.555003389    0.892462806    6.239655006    0.4019701204   0.2122820228   0.4855614304   
182      I1         1.557081237    1.072841677    0.0410973      5.89654224     2.066662506    0.06116120079  0.7755567107   
183      I1         1.266159008    2.51442489     0.7211783123   0.4439024378   1.268215307    0.2418369112   0.3136850949   
184      I1         1.024984263    2.273852932    0.8757972593   3.167342921    2.819449405    0.1398754242   0.4888131545   
185      I1         0.4304851418   1.749257324    0.3239003841   8.618729449    2.128942869    0.2204837447   0.509876534    
186      I1         0.5212860984   1.374843451    0.8990153957   5.36997952     0.8240291205   0.124782376    0.822552116    
187      I1         1.956310536    1.382261558    0.7784345942   0.269919655    0.4773090148   0.1056264736   0.5694999408   
188      I1         1.046500615    2.091183159    0.4468695913   3.56941665     2.922580032    0.246884217    0.3028728645   
189      I1         1.026046435    1.276145037    0.8905910108   1.35251921     1.586006521    0.1452736487   0.5154828275   
190      I1         0.9059262998   1.558553607    0.8812576073   4.892884515    1.243314246    0.1672257695   0.4833764284   
191      I1         1.962053355    2.488531847    0.02875644145  0.860902123    0.7906248596   0.005316545939 1.113482019    
192      I1         1.069000019    1.941346502    0.7712621563   2.233874507    1.980105264    0.216871945    0.3086642038   
193      I1         1.758476031    1.763486224    0.870526132    7.071226522    2.651009958    0.2967577347   0.509139956    
194      I1         1.446335508    1.802122459    0.641496781    8.398762718    1.114614931    0.1510356688   0.4060466841   
195      I1         1.784835303    1.614103081    0.8843081683   1.887791865    1.69666183     0.0002885718371 1.525344944    
196      I1         1.636678545    2.148702014    0.5488706548   2.852261451    2.806497099    0.07739220284  0.5798940461   
197      I1         1.712625696    1.116056146    0.6588747364   6.414013601    2.110609601    0.1402177016   0.4394787269   
198      I1         1.373481817    2.422904768    0.8647982802   2.715494276    2.851661149    0.06312536895  0.7368626912   
199      I1         1.13489634     1.972364014    0.3182065859   8.830805189    2.213190567    0.2185054212   0.3687166506   
200      I1         1.578140663    2.50296565     0.6295473542   8.850027941    0.6965088724   0.07925340574  0.6045293894   
201      I1         1.428226823    1.618783662    0.2621772818   9.850765605    0.7187808083   0.2931356019   0.4758548843   
202      I1         0.6363943388   2.673454282    0.4556091307   7.290965054    0.5543761623   0.2685000627   0.4461361139   
203      I1         1.216061424    2.232347639    0.2332132392   0.1386105809   0.6118594352   0.1275862566   0.5088857263   
204      I1         0.3131261282   2.680127378    0.08409511252  6.071087486    0.4224178046   0.05089844551  1.14165809     
205      I1         1.998319731    1.105283673    0.1926842945   2.553458432    1.533405608    0.2733758634   0.6513934057   
206      I1         0.937441218    2.254104281    0.6976976822   4.073278636    1.831924024    0.1032210426   0.6352299175   
207      I1         1.126024947    2.432352504    0.4236479843   5.448511551    1.133256051    0.2038714769   0.3278889714   
208      I1         0.9154537974   1.31261729     0.9473977662   2.317182403    2.768128524    0.02597685281  1.337064164    
209      I1         0.4175703839   2.477854227    0.01987104104  9.665746649    1.043637057    0.1723537518   0.7151703243   
210      I1         0.7113794074   1.81166574     0.5696627217   7.597962029    1.888885612    0.2059132162   0.4386020755   
211      I1         0.3107108767   1.57146601     0.3780277471   0.3626207292   2.400930832    0.1026246283   0.8443527423   
212      I1         0.8414926297   2.112643846    0.1093445691   5.722193126    1.342152889    0.1090107223   0.6205217929   
213      I1         1.452181115    1.010688332    0.5611412147   5.673879639    1.556640794    0.2831083725   0.3699242351   
214      I1         0.4976089969   1.024249216    0.651422557    4.031690719    2.551537265    0.03357776212  1.385991585    
215      I1         0.9445149779   2.309147292    0.8684441726   9.452573645    2.200817661    0.2757452028   0.364585744    
216      I1         0.6401521459   1.535255594    0.7147995907   3.367361355    1.410553479    0.09842361992  0.8194671111   
217      I1         1.822802265    1.823230549    0.4367642042   5.495130571    2.249947792    0.1980010656   0.5280683426   
218      I1         1.651440729    1.43332527     0.6151645374   3.615506423    1.189552825    0.1542572691   0.408590382    
219      I1         0.3677524232   2.327072205    0.2035802409   2.249918897    2.345448356    0.1731797325   0.5790438346   
220      I1         1.836356129    2.564005466    0.7259872373   2.197027371    1.076761939    0.08457823901  0.5551145137   
221      I1         1.464084269    2.024418459    0.5948640231   7.818359784    0.9017437801   0.02491815813  1.038837839    
222      I1         1.738002296    1.371707752    0.4146187188   9.154519875    2.596500653    0.1342389208   0.4964998772   
223      I1         0.4921449078   1.90839714     0.2183917883   8.21236354     2.359461855    0.1750631578   0.5522741386   
224      I1         0.7856290043   1.138117183    0.3424440375   5.911272733    2.525514997    0.2896290918   0.3783998993   
225      I1         0.460359321    1.732391951    0.5050246263   4.43687179     0.5771287521   0.2147597979   0.5176630913   
226      I1         1.559430362    1.527044211    0.03702500014  3.870790833    1.355196149    0.1954016678   0.4577761615   
227      I1         1.347496987    1.588301778    0.5030314117   8.435953095    1.255371736    0.06608468757  0.7427899756   
228      I1         1.492923017    1.995419009    0.3355167219   0.5863888467   0.1345321681   0.2519998626   0.4508353183   
229      I1         1.498235502    1.368306792    0.2089578086   7.017982584    2.611051786    0.09549404686  0.60041245     
230      I1         1.550696324    2.653075503    0.2976878525   1.840146175    1.312635631    0.2003047198   0.4633533975   
231      I1         0.4792202012   1.090962769    0.8022584965   5.163356792    2.8858537      0.1256811856   0.7919970453   
232      I1         0.8535962471   1.469167139    0.6842847913   9.796473107    2.603564173    0.02908891529  1.244773956    
233      I1         1.160758497    2.333158098    0.8386562516   7.85114876     2.954409868    0.2557235965   0.2981794295   
234      I1         0.8480205554   2.372407311    0.4440244283   3.806226184    1.447106668    0.07671652038  0.7566064314   
235      I1         1.701964074    1.310918435    0.2884011027   5.943912963    0.766136123    0.007826459706 1.30516025     
236      I1         1.722002096    2.402522684    0.9090711576   4.944730647    2.098060945    0.2220477582   0.389689266    
237      I1         0.9621420747   2.538197415    0.7043578125   5.127866693    2.14706787     0.2387401229   0.3162171362   
238      I1         0.6957140961   2.000874494    0.2100086081   0.3794033731   1.97063944     0.1019835721   0.692795617    
239      I1         0.9177023502   1.767639995    0.8200926539   5.757132868    1.571614128    0.1386626826   0.5472346674   
240      I1         0.3949104709   1.899072277    0.2710913452   0.9593261186   1.529807308    0.05579985483  1.0525778      
241      I1         1.832347989    2.06095185     0.2826624194   3.026589051    1.63138056     0.234008766    0.6317530906   
242      I1         1.479476688    2.175444903    0.4040675495   2.158628529    2.519325676    0.1908977151   0.3800701003   
243      I1         0.3762842491   2.23575481     0.1592680332   9.711192326    1.061894489    0.1581287851   0.6861150045   
244      I1         1.881864559    2.306006852    0.4607081312   6.314711872    0.9103593529   0.03179425899  0.8035700145   
245      I1         0.6729906473   2.208117891    0.9323433641   2.073629794    2.288401825    0.06400457287  1.065126733    
246      I1         1.488799289    2.037781874    0.4643679895   8.262434052    2.702645265    0.1116302786   0.4922764891   
247      I1         1.915915018    1.259956569    0.2759104603   0.1129382584   1.166315637    0.09442110338  0.6431788229   
248      I1         1.69721588     1.867335465    0.08736951318  2.422169915    2.012569475    0.1130821886   0.6006204677   
249      I1         0.8789505393   1.437335597    0.05017522815  1.21687323     0.3371058992   0.07377280649  0.8144431933   
250      I1         1.250014581    2.129963821    0.2846092456   7.989055411    2.582927885    0.05472044675  0.7487950178   
251      I1         0.5625116465   1.780657403    0.9848929533   5.846640824    1.193111923    0.2330095952   0.5626297972   
252      I1         0.9314794921   2.013724513    0.03187726387  6.624434712    0.1262461522   0.02225072453  1.198338266    
253      I1         0.4689079693   2.25008588     0.6701648046   6.769619037    1.014679725    0.04797401925  1.236332604    
254      I1         1.51752088     1.597078326    0.7768227551   8.048874626    0.2861048265   0.09665697972  0.57061577     
255      I1         1.05919981     2.241502952    0.8322045175   6.668392936    2.078406485    0.02850253207  1.176396304    
256      I1         1.82491466     1.550618968    0.8520991582   4.197736747    2.874995535    0.06937720412  0.6530968861   
257      I1         0.6218146609   1.654378836    0.3645190706   0.2099850582   1.375762359    0.2318685694   0.4194455794   
258      I1         1.062583374    1.120258727    0.6441586688   8.093420141    2.547697423    0.2763252996   0.3342704346   
259      I1         1.608771412    1.937680794    0.7887137476   3.510554258    0.7300365684   0.2214498936   0.3575388935   
260      I1         1.622287052    2.324481988    0.09879715739  0.7974237599   1.940269468    0.06798772637  0.6856834551   
261      I1         1.870099175    2.499003633    0.6064335867   7.13699363     2.034785166    0.04115593231  0.7272839627   
262      I1         0.3830346702   2.447268904    0.9180832957   4.629631173    0.5976453927   0.07142410113  1.168714386    
263      I1         1.296228928    1.783104062    0.8265532606   4.385849245    2.748350872    0.0437627133   0.9141441892   
264      I1         1.303370076    1.338449556    0.1775178019   2.838477804    1.081483326    0.1934349709   0.353734596    
265      I1         1.434442838    2.180520308    0.4874378318   2.119467852    1.741507529    0.001162295839 1.527796388    
266      I1         1.921550885    2.419043855    0.7444982186   2.109461332    1.231680124    0.2232011366   0.5434625245   
267      I1         1.052531105    2.165513297    0.959576483    1.104796521    2.1715592      0.03428430264  1.17124583     
268      I1         1.415755904    1.712391478    0.6392585031   9.105357257    0.2125186259   0.008169622294 1.407146484    
269      I1         1.953548078    1.661443372    0.1409515811   4.001165434    2.967697304    0.09062533227  0.6916176408   
270      I1         0.6996487793   1.322749343    0.9571056477   3.171506859    0.635537379    0.003056785033 2.078098173    
271      I1         1.659968719    1.005001595    0.2583550677   2.030509392    2.157323063    0.1079273987   0.5371018805   
272      I1         1.031569625    1.840114       0.01914181588  2.630568476    1.762402845    0.2324995802   0.4169183905   
273      I1         1.23714383     1.034365161    0.2298275059   6.992921713    1.033206369    0.179248387    0.3789923522   
274      I1         1.420646476    2.543200157    0.791639623    5.197905472    2.72272138     0.05289672612  0.776668292    
275      I1         1.040563043    1.41831238     0.1464908311   3.272163128    0.9492456214   0.2713184863   0.3516198181   
276      I1         1.205255055    2.095049203    0.5129094329   2.7769461      2.690126468    0.2268313343   0.3028519738   
277      I1         1.931563387    2.413440626    0.5888620509   6.836530614    1.490032122    0.1484701313   0.5462005732   
278      I1         0.6021373378   1.975972814    0.226241653    9.810060082    1.843426921    0.01367172028  1.494188124    
279      I1         1.690483718    1.206270639    0.53496363     1.879921363    2.051679375    0.01534479042  1.153872161    
280      I1         1.589566797    1.408394001    0.4302310682   2.444885035    2.374013858    0.2291725214   0.3971242184   
281      I1         0.6847636401   2.171886984    0.6901710945   0.3991321436   0.3522060745   0.1825624117   0.5248128314   
282      I1         1.404016156    2.339796042    0.04564759294  1.41121099     1.874416785    0.1911851559   0.5132518081   
283      I1         0.8884118105   1.340093733    0.1361219754   6.960006401    2.100411607    0.08511505259  0.7378940294   
284      I1         0.5420655705   2.522935073    0.400512182    5.011605948    0.004672709655 0.1894672794   0.5286753592   
285      I1         1.80468192     2.35817213     0.3373714494   9.409478913    0.09403201275  0.1568241679   0.5694658808   
286      I1         1.005887567    2.694562258    0.6365670813   7.319118968    1.00437422     0.2099313077   0.3384289462   
287      I1         0.8239859326   1.717746796    0.3106671615   6.009977074    2.31425145     0.03859473957  1.043280567    
288      I1         0.5874682381   1.084743497    0.6759921798   2.004962762    0.2324300246   0.129244494    0.7264409361   
289      I1         1.474533859    2.58541142     0.8413093938   5.43170614     0.1770829749   0.1268531587   0.4499825814   
290      I1         1.764753117    1.727952704    0.8431180264   9.671817098    0.5019758737   0.1064937181   0.5235972044   
291      I1         1.221021649    1.254938783    0.2380694158   5.279880397    1.201190503    0.1973124858   0.3453005444   
292      I1         0.5144262091   1.684763754    0.9061313741   0.8260366477   2.571707726    0.2474231474   0.5288881829   
293      I1         1.64120002     2.066444463    0.6766322016   3.673327095    1.214391102    0.0275915598   0.9529163665   
294      I1         1.618362611    1.702042258    0.0765070186   3.895980756    1.020658605    0.181944132    0.496344955    
295      I1         1.987353195    1.327864414    0.1879873966   3.858926126    0.2057110449   0.08830090945  0.6420702952   
296      I1         1.081726666    2.153882841    0.6564252747   1.96484778     0.1811422234   0.1438350141   0.4442145598   
297      I1         0.600299416    2.6877406      0.9203800255   7.737792291    1.705684945    0.2677388137   0.5083296122   
298      I1         1.182398971    1.919140271    0.3040124925   6.586008373    0.1633207647   0.08296961844  0.6536026107   
299      I1         1.505239601    1.051939886    0.3828402982   4.233359989    0.4977137479   0.1498324586   0.4132683927   
300      I1         0.6296351808   1.046458867    0.9440529674   5.332589335    2.265935323    0.01497535972  1.712366549    
301      I1         1.203635117    1.752057613    0.748696845    5.79691358     2.997942387    0.2405349794   0.283194202    
302      I1         1.23861454     2.698834019    0.8441426612   4.506790123    0.002057613169 0.2553497942   0.2875352805   
303      I1         1.322565158    1.567832647    0.9893278464   4.506790123    0.002057613169 0.2080246914   0.2968733708   
304      I1         1.217626886    2.092524005    0.7715500686   5.538888889    0.002057613169 0.2401234568   0.2893622584   
305      I1         1.215294925    2.132167353    0.7298765432   5.199382716    2.66872428     0.2343621399   0.2877958379   
306      I1         1.210631001    1.001165981    0.7003017833   4.87345679     2.997942387    0.245473251    0.2916979834   
307      I1         1.119684499    1.65877915     0.6761042524   5.22654321     2.997942387    0.2487654321   0.2813814067   
308      I1         1.280589849    1.187722908    0.9893278464   7.182098765    2.997942387    0.2512345679   0.2979250881   
309      I1         1.23861454     1.756721536    0.8804389575   4.493209877    2.997942387    0.2446502058   0.2788072538   
310      I1         1.233950617    1.756721536    0.7715500686   4.045061728    2.002057613    0.237654321    0.283039343    
311      I1         1.20829904     1.756721536    0.8091906722   4.506790123    2.997942387    0.2483539095   0.2785762235   
312      I1         1.140672154    2.698834019    0.664005487    7.806790123    0.002057613169 0.2351851852   0.3112262085   
313      I1         1.327229081    1.628463649    0.9893278464   3.393209877    0.002057613169 0.2524691358   0.2865820322   
314      I1         1.222290809    1.943278464    0.9893278464   5.606790123    2.997942387    0.266872428    0.2993638199   
315      I1         1.233950617    2.132167353    0.8804389575   2.293209877    0.002057613169 0.2722222222   0.2971005667   
316      I1         1.243278464    1.567832647    0.8441426612   4.506790123    2.997942387    0.24218107     0.2798655581   
317      I1         1.212962963    1.728737997    0.8575857339   5.240123457    2.997942387    0.2471193416   0.2819908355   
318      I1         1.243278464    2.698834019    0.8804389575   3.406790123    1.03909465     0.2664609053   0.2922780487   
319      I1         1.362208505    1.001165981    0.9893278464   6.706790123    0.8333333333   0.2277777778   0.2940722397   
320      I1         1.432167353    1.001165981    0.9893278464   9.993209877    2.997942387    0.2240740741   0.3155933039   
321      I1         1.429835391    1.001165981    0.9893278464   7.806790123    0.002057613169 0.2697530864   0.3317668161   
322      I1         1.201303155    2.698834019    0.7715500686   3.393209877    0.3312757202   0.2384773663   0.2809701546   
323      I1         1.366872428    1.001165981    0.9893278464   2.293209877    0.3312757202   0.2199588477   0.2875961333   
324      I1         1.36920439     1.001165981    0.6626611797   9.993209877    0.002057613169 0.2002057613   0.3368470721   
325      I1         1.20829904     2.139163237    0.7715500686   3.393209877    0.3312757202   0.2532921811   0.2864533254   
326      I1         1.231618656    1.001165981    0.6317421125   9.993209877    0.002057613169 0.2425925926   0.3225124876   
327      I1         1.292249657    1.001165981    0.6626611797   3.759876543    0.002057613169 0.2224279835   0.2934632481   
328      I1         1.233950617    1.001165981    0.5900685871   3.406790123    0.002057613169 0.2689300412   0.3059447615   
329      I1         1.201303155    1.001165981    0.3373388203   3.406790123    0.002057613169 0.2372427984   0.3059840313   
330      I1         1.229286694    1.001165981    0.5537722908   4.506790123    0.9979423868   0.2335390947   0.2962820702   
331      I1         1.119684499    1.001165981    0.664005487    9.993209877    2.997942387    0.2434156379   0.3234486203   
332      I1         1.154663923    1.943278464    0.6626611797   4.017901235    1.997942387    0.2512345679   0.2915871311   
333      I1         1.294581619    2.698834019    0.9893278464   9.993209877    1.997942387    0.233127572    0.3095796738   
334      I1         1.219958848    2.698834019    0.7715500686   6.706790123    1.220164609    0.2355967078   0.2949788122   
335      I1         1.315569273    1.537517147    0.9893278464   3.230246914    0.9979423868   0.2261316872   0.2840604576   
336      I1         1.397187929    1.001165981    0.9893278464   9.993209877    1.79218107     0.2335390947   0.3128635653   
337      I1         1.387860082    1.001165981    0.9893278464   4.072222222    1.532921811    0.2277777778   0.2862633955   
338      I1         1.338888889    1.565500686    0.9893278464   4.289506173    1.664609053    0.2203703704   0.2867746492   
339      I1         1.170987654    2.132167353    0.9893278464   9.993209877    0.002057613169 0.2997942387   0.3550959545   
340      I1         1.36920439     1.756721536    0.9893278464   9.993209877    0.002057613169 0.2002057613   0.326521493    
341      I1         1.292249657    1.693758573    0.9893278464   9.993209877    0.002057613169 0.25           0.3123476055   
342      I1         0.9377914952   2.698834019    0.5120987654   9.993209877    2.997942387    0.2442386831   0.3422998636   
343      I1         1.15           1.763717421    0.7715500686   9.993209877    1.03909465     0.2372427984   0.3182400232   
344      I1         1.432167353    1.001165981    0.9893278464   3.393209877    0.7798353909   0.2002057613   0.3036262213   
345      I1         1.411179698    1.001165981    0.9893278464   3.121604938    0.002057613169 0.2388888889   0.2894569022   
346      I1         1.25260631     1.446570645    0.8118792867   1.193209877    0.002057613169 0.2220164609   0.2960466371   
347      I1         1.350548697    2.698834019    0.9664746228   2.048765432    0.002057613169 0.2397119342   0.2832390158   
348      I1         1.36920439     2.698834019    0.8844718793   2.67345679     0.002057613169 0.2113168724   0.2900626247   
349      I1         1.350548697    2.698834019    0.9893278464   0.1067901235   0.3312757202   0.2997942387   0.3707923345   
350      I1         1.201303155    1.462894376    0.6626611797   3.77345679     0.002057613169 0.2997942387   0.3369334846   
351      I1         1.219958848    1.504869684    0.6626611797   4.262345679    0.002057613169 0.2495884774   0.2915674131   
352      I1         0.8911522634   2.698834019    0.01067215364  9.993209877    0.002057613169 0.2388888889   0.5738273957   
353      I1         1.166323731    1.945610425    0.6626611797   6.706790123    0.002057613169 0.2775720165   0.327321044    
354      I1         1.147668038    1.376611797    0.5537722908   4.506790123    2.997942387    0.2425925926   0.2873877546   
355      I1         1.327229081    2.132167353    0.9893278464   2.306790123    2.997942387    0.233127572    0.2818088045   
356      I1         1.236282579    1.922290809    0.9893278464   1.193209877    2.997942387    0.2602880658   0.2956890755   
357      I1         1.210631001    1.001165981    0.5537722908   2.727777778    1.841563786    0.2380658436   0.2944519062   
358      I1         1.343552812    1.754389575    0.918079561    2.293209877    0.002057613169 0.2335390947   0.2828418465   
359      I1         1.334224966    2.698834019    0.9893278464   3.352469136    2.997942387    0.254526749    0.2876313202   
360      I1         1.259602195    2.132167353    0.8817832647   3.257407407    0.9979423868   0.2347736626   0.2794862283   
361      I1         1.247942387    1.567832647    0.9543758573   2.293209877    0.002057613169 0.2364197531   0.2848766795   
362      I1         1.180315501    2.008573388    0.7715500686   3.393209877    2.997942387    0.2462962963   0.2729180615   
363      I1         1.285253772    1.001165981    0.9893278464   3.977160494    1.002057613    0.2442386831   0.2833080923   
364      I1         1.056721536    1.945610425    0.6828257888   1.559876543    2.997942387    0.2615226337   0.2789594736   
365      I1         1.16399177     2.132167353    0.7715500686   2.293209877    2.997942387    0.2479423868   0.2713467354   
366      I1         1.352880658    1.001165981    0.9893278464   9.993209877    1.33127572     0.2997942387   0.3640489927   
367      I1         1.024074074    1.001165981    0.3373388203   9.993209877    1.627572016    0.262345679    0.3562519339   
368      I1         1.182647462    2.006241427    0.7849931413   1.559876543    2.997942387    0.2442386831   0.2719494674   
369      I1         1.203635117    2.129835391    0.7957475995   1.92654321     2.997942387    0.2450617284   0.2721714387   
370      I1         1.156995885    2.071536351    0.7782716049   2.14382716     2.997942387    0.2442386831   0.2696571245   
371      I1         1.138340192    2.698834019    0.5537722908   9.993209877    0.9979423868   0.254526749    0.3492032684   
372      I1         1.432167353    1.001165981    0.9893278464   9.993209877    1.409465021    0.2002057613   0.3263946992   
373      I1         1.25260631     1.001165981    0.8804389575   3.583333333    1.002057613    0.2269547325   0.288000009    
374      I1         1.322565158    1.001165981    0.9893278464   3.406790123    1.965020576    0.2997942387   0.3340507402   
375      I1         1.432167353    1.001165981    0.9893278464   4.968518519    1.726337449    0.2639917695   0.3142636017   
376      I1         1.140672154    1.001165981    0.664005487    7.222839506    1.825102881    0.2405349794   0.311446275    
377      I1         1.170987654    1.001165981    0.01067215364  9.993209877    0.002057613169 0.2775720165   0.3886302207   
378      I1         1.182647462    2.698834019    0.8817832647   1.193209877    2.997942387    0.2294238683   0.2801568996   
379      I1         0.8678326475   2.008573388    0.5537722908   9.993209877    2.997942387    0.2997942387   0.3656422967   
380      I1         0.8678326475   1.693758573    0.4233744856   9.463580247    2.997942387    0.2598765432   0.3245150416   
381      I1         1.432167353    1.001165981    0.01067215364  9.993209877    0.002057613169 0.2224279835   0.3828328287   
382      I1         1.040397805    1.001165981    0.01067215364  6.706790123    0.002057613169 0.2532921811   0.3591542734   
383      I1         1.44382716     2.698834019    0.9893278464   9.993209877    2.997942387    0.2615226337   0.3372912084   
384      I1         1.089368999    1.943278464    0.5053772291   6.978395062    0.9814814815   0.25           0.3251653262   
385      I1         1.299245542    2.698834019    0.7715500686   2.293209877    0.002057613169 0.233127572    0.2846740542   
386      I1         1.282921811    2.698834019    0.6626611797   4.493209877    0.002057613169 0.1965020576   0.3077788375   
387      I1         1.240946502    2.50994513     0.8871604938   2.293209877    2.66872428     0.2355967078   0.2771889968   
388      I1         1.143004115    2.680178326    0.9893278464   0.1067901235   2.997942387    0.2450617284   0.3454828276   
389      I1         1.056721536    2.698834019    0.1182167353   4.751234568    2.997942387    0.1561728395   0.5227708227   
390      I1         1.36920439     2.698834019    0.9893278464   9.993209877    0.002057613169 0.2277777778   0.3106187977   
391      I1         1.156995885    2.698834019    0.8320438957   2.170987654    0.002057613169 0.2664609053   0.2928792494   
392      I1         0.8351851852   2.698834019    0.06578875171  0.1067901235   0.002057613169 0.245473251    0.5022332583   
393      I1         1.329561043    2.698834019    0.9893278464   3.393209877    1.997942387    0.2997942387   0.3352028936   
394      I1         1.623388203    2.698834019    0.9893278464   1.193209877    2.997942387    0.1664609053   0.3658827196   
395      I1         1.434499314    2.698834019    0.9893278464   3.393209877    1.997942387    0.1886831276   0.3167345973   
396      I1         1.245610425    2.134499314    0.8817832647   0.8401234568   1.664609053    0.2997942387   0.3400480825   
397      I1         1.434499314    2.698834019    0.6626611797   0.1067901235   0.002057613169 0.1812757202   0.3713293197   
398      I1         1.352880658    2.185802469    0.9893278464   2.945061728    1.66872428     0.2504115226   0.2872125859   
399      I1         1.432167353    2.134499314    0.9893278464   0.1067901235   0.002057613169 0.2002057613   0.3515790139   
400      I1         1.998834019    2.698834019    0.9893278464   0.1067901235   2.997942387    0.1063786008   0.567567156    
%eval_id interface log__t_efold_shallow log__t_efold_soil f_exfiltration_shallow PDD_melt_factor log__fdd_threshold baseflow_Q     neg_kge        
401      I1         1.156995885    2.071536351    0.7782716049   2.14382716     2.997942387    0.2442386831   0.2696571245   
402      I1         1.326995885    2.071536351    0.7782716049   2.14382716     2.997942387    0.2442386831   0.2922098962   
403      I1         1.156995885    2.241536351    0.7782716049   2.14382716     2.997942387    0.2442386831   0.269282035    
404      I1         1.156995885    2.071536351    0.8762716049   2.14382716     2.997942387    0.2442386831   0.2763766092   
405      I1         1.156995885    2.071536351    0.7782716049   3.13382716     2.997942387    0.2442386831   0.2699248245   
406      I1         1.156995885    2.071536351    0.7782716049   2.14382716     2.997942387    0.2742386831   0.2928033849   
407      I1         0.9869958848   2.071536351    0.7782716049   2.14382716     2.997942387    0.2442386831   0.2859547081   
408      I1         1.156995885    1.901536351    0.7782716049   2.14382716     2.997942387    0.2442386831   0.2706289651   
409      I1         1.156995885    2.071536351    0.6802716049   2.14382716     2.997942387    0.2442386831   0.2741162752   
410      I1         1.156995885    2.071536351    0.7782716049   1.15382716     2.997942387    0.2442386831   0.2742348976   
411      I1         1.156995885    2.071536351    0.7782716049   2.14382716     2.697942387    0.2442386831   0.278524937    
412      I1         1.156995885    2.071536351    0.7782716049   2.14382716     2.997942387    0.2142386831   0.2748851879   
413      I1         1.241995885    2.071536351    0.7782716049   2.14382716     2.997942387    0.2442386831   0.2765455862   
414      I1         1.156995885    2.156536351    0.7782716049   2.14382716     2.997942387    0.2442386831   0.2695351294   
415      I1         1.156995885    2.071536351    0.8272716049   2.14382716     2.997942387    0.2442386831   0.2715224394   
416      I1         1.156995885    2.071536351    0.7782716049   2.63882716     2.997942387    0.2442386831   0.2693941427   
417      I1         1.156995885    2.071536351    0.7782716049   2.14382716     2.997942387    0.2592386831   0.2784734736   
418      I1         1.071995885    2.071536351    0.7782716049   2.14382716     2.997942387    0.2442386831   0.2726556147   
419      I1         1.156995885    1.986536351    0.7782716049   2.14382716     2.997942387    0.2442386831   0.2700746154   
420      I1         1.156995885    2.071536351    0.7292716049   2.14382716     2.997942387    0.2442386831   0.2705598782   
421      I1         1.156995885    2.071536351    0.7782716049   1.64882716     2.997942387    0.2442386831   0.2705786067   
422      I1         1.156995885    2.071536351    0.7782716049   2.14382716     2.847942387    0.2442386831   0.2710571167   
423      I1         1.156995885    2.071536351    0.7782716049   2.14382716     2.997942387    0.2292386831   0.2680808262   
424      I1         1.199495885    2.071536351    0.7782716049   2.14382716     2.997942387    0.2442386831   0.2718700847   
425      I1         1.156995885    2.114036351    0.7782716049   2.14382716     2.997942387    0.2442386831   0.2695683769   
426      I1         1.156995885    2.071536351    0.8027716049   2.14382716     2.997942387    0.2442386831   0.2702918089   
427      I1         1.156995885    2.071536351    0.7782716049   2.39132716     2.997942387    0.2442386831   0.2694431836   
428      I1         1.156995885    2.071536351    0.7782716049   2.14382716     2.997942387    0.2517386831   0.2732628393   
429      I1         1.114495885    2.071536351    0.7782716049   2.14382716     2.997942387    0.2442386831   0.2697162022   
430      I1         1.156995885    2.029036351    0.7782716049   2.14382716     2.997942387    0.2442386831   0.2698498614   
431      I1         1.156995885    2.071536351    0.7537716049   2.14382716     2.997942387    0.2442386831   0.269861724    
432      I1         1.156995885    2.071536351    0.7782716049   1.89632716     2.997942387    0.2442386831   0.2698621904   
433      I1         1.156995885    2.071536351    0.7782716049   2.14382716     2.922942387    0.2442386831   0.2702612707   
434      I1         1.156995885    2.071536351    0.7782716049   2.14382716     2.997942387    0.2367386831   0.2678709636   
435      I1         1.199495885    2.071536351    0.7782716049   2.14382716     2.997942387    0.2367386831   0.2692047537   
436      I1         1.156995885    2.114036351    0.7782716049   2.14382716     2.997942387    0.2367386831   0.2676863097   
437      I1         1.156995885    2.071536351    0.8027716049   2.14382716     2.997942387    0.2367386831   0.2690579388   
438      I1         1.156995885    2.071536351    0.7782716049   2.39132716     2.997942387    0.2367386831   0.2675777569   
439      I1         1.114495885    2.071536351    0.7782716049   2.14382716     2.997942387    0.2367386831   0.2688068968   
440      I1         1.156995885    2.029036351    0.7782716049   2.14382716     2.997942387    0.2367386831   0.2681584139   
441      I1         1.156995885    2.071536351    0.7537716049   2.14382716     2.997942387    0.2367386831   0.2675082685   
442      I1         1.156995885    2.071536351    0.7782716049   1.89632716     2.997942387    0.2367386831   0.268137412    
443      I1         1.156995885    2.071536351    0.7782716049   2.14382716     2.922942387    0.2367386831   0.2686422125   
444      I1         1.156995885    2.071536351    0.7782716049   2.14382716     2.997942387    0.2292386831   0.2680808262   
445      I1         1.178245885    2.071536351    0.7782716049   2.14382716     2.997942387    0.2367386831   0.2682725228   
446      I1         1.156995885    2.092786351    0.7782716049   2.14382716     2.997942387    0.2367386831   0.2677679938   
447      I1         1.156995885    2.071536351    0.7905216049   2.14382716     2.997942387    0.2367386831   0.2683957934   
448      I1         1.156995885    2.071536351    0.7782716049   2.26757716     2.997942387    0.2367386831   0.2674659639   
449      I1         1.156995885    2.071536351    0.7782716049   2.14382716     2.997942387    0.2404886831   0.2685243881   
450      I1         1.135745885    2.071536351    0.7782716049   2.14382716     2.997942387    0.2367386831   0.268137476    
451      I1         1.156995885    2.050286351    0.7782716049   2.14382716     2.997942387    0.2367386831   0.2680039501   
452      I1         1.156995885    2.071536351    0.7660216049   2.14382716     2.997942387    0.2367386831   0.2675959713   
453      I1         1.156995885    2.071536351    0.7782716049   2.02007716     2.997942387    0.2367386831   0.2679368045   
454      I1         1.156995885    2.071536351    0.7782716049   2.14382716     2.960442387    0.2367386831   0.2677534159   
455      I1         1.156995885    2.071536351    0.7782716049   2.14382716     2.997942387    0.2329886831   0.2677175006   
456      I1         1.178245885    2.071536351    0.7782716049   2.26757716     2.997942387    0.2367386831   0.2679312197   
457      I1         1.156995885    2.092786351    0.7782716049   2.26757716     2.997942387    0.2367386831   0.2673656832   
458      I1         1.156995885    2.071536351    0.7905216049   2.26757716     2.997942387    0.2367386831   0.2679694365   
459      I1         1.156995885    2.071536351    0.7782716049   2.39132716     2.997942387    0.2367386831   0.2675777569   
460      I1         1.156995885    2.071536351    0.7782716049   2.26757716     2.997942387    0.2404886831   0.268148188    
461      I1         1.135745885    2.071536351    0.7782716049   2.26757716     2.997942387    0.2367386831   0.2676734729   
462      I1         1.156995885    2.050286351    0.7782716049   2.26757716     2.997942387    0.2367386831   0.2675884878   
463      I1         1.156995885    2.071536351    0.7660216049   2.26757716     2.997942387    0.2367386831   0.2672155588   
464      I1         1.156995885    2.071536351    0.7782716049   2.26757716     2.960442387    0.2367386831   0.2675626664   
465      I1         1.156995885    2.071536351    0.7782716049   2.26757716     2.997942387    0.2329886831   0.2672818221   
466      I1         1.178245885    2.071536351    0.7660216049   2.26757716     2.997942387    0.2367386831   0.2679048126   
467      I1         1.156995885    2.092786351    0.7660216049   2.26757716     2.997942387    0.2367386831   0.2671484867   
468      I1         1.156995885    2.071536351    0.7660216049   2.39132716     2.997942387    0.2367386831   0.267333126    
469      I1         1.156995885    2.071536351    0.7660216049   2.26757716     2.997942387    0.2404886831   0.2680425812   
470      I1         1.135745885    2.071536351    0.7660216049   2.26757716     2.997942387    0.2367386831   0.2670499757   
471      I1         1.156995885    2.050286351    0.7660216049   2.26757716     2.997942387    0.2367386831   0.267288041    
472      I1         1.156995885    2.071536351    0.7537716049   2.26757716     2.997942387    0.2367386831   0.2671228822   
473      I1         1.156995885    2.071536351    0.7660216049   2.26757716     2.960442387    0.2367386831   0.2671890385   
474      I1         1.156995885    2.071536351    0.7660216049   2.26757716     2.997942387    0.2329886831   0.2668825882   
475      I1         1.178245885    2.071536351    0.7660216049   2.26757716     2.997942387    0.2329886831   0.2673422656   
476      I1         1.156995885    2.092786351    0.7660216049   2.26757716     2.997942387    0.2329886831   0.2667885166   
477      I1         1.156995885    2.071536351    0.7660216049   2.39132716     2.997942387    0.2329886831   0.2669855627   
478      I1         1.135745885    2.071536351    0.7660216049   2.26757716     2.997942387    0.2329886831   0.2669477436   
479      I1         1.156995885    2.050286351    0.7660216049   2.26757716     2.997942387    0.2329886831   0.2669830162   
480      I1         1.156995885    2.071536351    0.7537716049   2.26757716     2.997942387    0.2329886831   0.2666403593   
481      I1         1.156995885    2.071536351    0.7660216049   2.14382716     2.997942387    0.2329886831   0.2672935881   
482      I1         1.156995885    2.071536351    0.7660216049   2.26757716     2.960442387    0.2329886831   0.2669174159   
483      I1         1.156995885    2.071536351    0.7660216049   2.26757716     2.997942387    0.2292386831   0.2670622132   
484      I1         1.178245885    2.071536351    0.7537716049   2.26757716     2.997942387    0.2329886831   0.2673284743   
485      I1         1.156995885    2.092786351    0.7537716049   2.26757716     2.997942387    0.2329886831   0.2665105856   
486      I1         1.156995885    2.071536351    0.7537716049   2.39132716     2.997942387    0.2329886831   0.2667604905   
487      I1         1.135745885    2.071536351    0.7537716049   2.26757716     2.997942387    0.2329886831   0.2664165922   
488      I1         1.156995885    2.050286351    0.7537716049   2.26757716     2.997942387    0.2329886831   0.2667501494   
489      I1         1.156995885    2.071536351    0.7415216049   2.26757716     2.997942387    0.2329886831   0.2664944463   
490      I1         1.156995885    2.071536351    0.7537716049   2.14382716     2.997942387    0.2329886831   0.2670570354   
491      I1         1.156995885    2.071536351    0.7537716049   2.26757716     2.960442387    0.2329886831   0.2665952526   
492      I1         1.156995885    2.071536351    0.7537716049   2.26757716     2.997942387    0.2292386831   0.266667257    
493      I1         1.135745885    2.114036351    0.7537716049   2.26757716     2.997942387    0.2329886831   0.2662034235   
494      I1         1.135745885    2.071536351    0.7782716049   2.26757716     2.997942387    0.2329886831   0.2677226088   
495      I1         1.135745885    2.071536351    0.7537716049   2.51507716     2.997942387    0.2329886831   0.2664223254   
496      I1         1.135745885    2.071536351    0.7537716049   2.26757716     2.997942387    0.2404886831   0.2674188508   
497      I1         1.093245885    2.071536351    0.7537716049   2.26757716     2.997942387    0.2329886831   0.2678700687   
498      I1         1.135745885    2.029036351    0.7537716049   2.26757716     2.997942387    0.2329886831   0.266658307    
499      I1         1.135745885    2.071536351    0.7292716049   2.26757716     2.997942387    0.2329886831   0.2658189608   
500      I1         1.135745885    2.071536351    0.7537716049   2.02007716     2.997942387    0.2329886831   0.2669495241   
501      I1         1.135745885    2.071536351    0.7537716049   2.26757716     2.922942387    0.2329886831   0.2676020705   
502      I1         1.135745885    2.071536351    0.7537716049   2.26757716     2.997942387    0.2254886831   0.2674630754   
503      I1         1.135745885    2.092786351    0.7537716049   2.26757716     2.997942387    0.2329886831   0.2663169125   
504      I1         1.135745885    2.071536351    0.7537716049   2.39132716     2.997942387    0.2329886831   0.2665224566   
505      I1         1.135745885    2.071536351    0.7537716049   2.26757716     2.997942387    0.2367386831   0.2666699551   
506      I1         1.114495885    2.071536351    0.7537716049   2.26757716     2.997942387    0.2329886831   0.2668241508   
507      I1         1.135745885    2.050286351    0.7537716049   2.26757716     2.997942387    0.2329886831   0.2665226183   
508      I1         1.135745885    2.071536351    0.7415216049   2.26757716     2.997942387    0.2329886831   0.2660706178   
509      I1         1.135745885    2.071536351    0.7537716049   2.14382716     2.997942387    0.2329886831   0.2668857026   
510      I1         1.135745885    2.071536351    0.7537716049   2.26757716     2.960442387    0.2329886831   0.2665902521   
511      I1         1.135745885    2.071536351    0.7537716049   2.26757716     2.997942387    0.2292386831   0.2666764552   
512      I1         1.135745885    2.092786351    0.7415216049   2.26757716     2.997942387    0.2329886831   0.2659505316   
513      I1         1.135745885    2.071536351    0.7415216049   2.39132716     2.997942387    0.2329886831   0.2661903723   
514      I1         1.135745885    2.071536351    0.7415216049   2.26757716     2.997942387    0.2367386831   0.2664735165   
515      I1         1.114495885    2.071536351    0.7415216049   2.26757716     2.997942387    0.2329886831   0.266161695    
516      I1         1.135745885    2.050286351    0.7415216049   2.26757716     2.997942387    0.2329886831   0.266174781    
517      I1         1.135745885    2.071536351    0.7415216049   2.14382716     2.997942387    0.2329886831   0.2665274987   
518      I1         1.135745885    2.071536351    0.7415216049   2.26757716     2.960442387    0.2329886831   0.2661450244   
519      I1         1.135745885    2.071536351    0.7415216049   2.26757716     2.997942387    0.2292386831   0.266178127    
520      I1         1.156995885    2.071536351    0.7292716049   2.26757716     2.997942387    0.2329886831   0.2665367176   
521      I1         1.135745885    2.092786351    0.7292716049   2.26757716     2.997942387    0.2329886831   0.2657041109   
522      I1         1.135745885    2.071536351    0.7292716049   2.39132716     2.997942387    0.2329886831   0.2659526677   
523      I1         1.135745885    2.071536351    0.7292716049   2.26757716     2.997942387    0.2367386831   0.2663728861   
524      I1         1.114495885    2.071536351    0.7292716049   2.26757716     2.997942387    0.2329886831   0.2656856703   
525      I1         1.135745885    2.050286351    0.7292716049   2.26757716     2.997942387    0.2329886831   0.2659408672   
526      I1         1.135745885    2.071536351    0.7170216049   2.26757716     2.997942387    0.2329886831   0.2657765235   
527      I1         1.135745885    2.071536351    0.7292716049   2.14382716     2.997942387    0.2329886831   0.2662863389   
528      I1         1.135745885    2.071536351    0.7292716049   2.26757716     2.960442387    0.2329886831   0.265899503    
529      I1         1.135745885    2.071536351    0.7292716049   2.26757716     2.997942387    0.2292386831   0.265772143    
530      I1         1.146370885    2.071536351    0.7292716049   2.26757716     2.997942387    0.2329886831   0.2661067955   
531      I1         1.135745885    2.082161351    0.7292716049   2.26757716     2.997942387    0.2329886831   0.2657613038   
532      I1         1.135745885    2.071536351    0.7353966049   2.26757716     2.997942387    0.2329886831   0.2659289971   
533      I1         1.135745885    2.071536351    0.7292716049   2.32945216     2.997942387    0.2329886831   0.2658926215   
534      I1         1.135745885    2.071536351    0.7292716049   2.26757716     2.997942387    0.2348636831   0.2660337371   
535      I1         1.125120885    2.071536351    0.7292716049   2.26757716     2.997942387    0.2329886831   0.2657047777   
536      I1         1.135745885    2.060911351    0.7292716049   2.26757716     2.997942387    0.2329886831   0.2658791127   
537      I1         1.135745885    2.071536351    0.7231466049   2.26757716     2.997942387    0.2329886831   0.2657701771   
538      I1         1.135745885    2.071536351    0.7292716049   2.20570216     2.997942387    0.2329886831   0.2660204633   
539      I1         1.135745885    2.071536351    0.7292716049   2.26757716     2.979192387    0.2329886831   0.2674369061   
540      I1         1.135745885    2.071536351    0.7292716049   2.26757716     2.997942387    0.2311136831   0.2657310234   
541      I1         1.125120885    2.082161351    0.7292716049   2.26757716     2.997942387    0.2329886831   0.2656417682   
542      I1         1.125120885    2.071536351    0.7353966049   2.26757716     2.997942387    0.2329886831   0.2658585285   
543      I1         1.125120885    2.071536351    0.7292716049   2.32945216     2.997942387    0.2329886831   0.2657679586   
544      I1         1.125120885    2.071536351    0.7292716049   2.26757716     2.997942387    0.2348636831   0.2658625603   
545      I1         1.114495885    2.071536351    0.7292716049   2.26757716     2.997942387    0.2329886831   0.2656856703   
546      I1         1.125120885    2.060911351    0.7292716049   2.26757716     2.997942387    0.2329886831   0.2657640381   
547      I1         1.125120885    2.071536351    0.7231466049   2.26757716     2.997942387    0.2329886831   0.2655702102   
548      I1         1.125120885    2.071536351    0.7292716049   2.20570216     2.997942387    0.2329886831   0.265891044    
549      I1         1.125120885    2.071536351    0.7292716049   2.26757716     2.979192387    0.2329886831   0.2673036143   
550      I1         1.125120885    2.071536351    0.7292716049   2.26757716     2.997942387    0.2311136831   0.2656743622   
551      I1         1.125120885    2.082161351    0.7231466049   2.26757716     2.997942387    0.2329886831   0.2655072451   
552      I1         1.125120885    2.071536351    0.7231466049   2.32945216     2.997942387    0.2329886831   0.2656446492   
553      I1         1.125120885    2.071536351    0.7231466049   2.26757716     2.997942387    0.2348636831   0.2657663644   
554      I1         1.114495885    2.071536351    0.7231466049   2.26757716     2.997942387    0.2329886831   0.2655062733   
555      I1         1.125120885    2.060911351    0.7231466049   2.26757716     2.997942387    0.2329886831   0.2656331299   
556      I1         1.125120885    2.071536351    0.7170216049   2.26757716     2.997942387    0.2329886831   0.2654920907   
557      I1         1.125120885    2.071536351    0.7231466049   2.20570216     2.997942387    0.2329886831   0.2657788588   
558      I1         1.125120885    2.071536351    0.7231466049   2.26757716     2.979192387    0.2329886831   0.2672327429   
559      I1         1.125120885    2.071536351    0.7231466049   2.26757716     2.997942387    0.2311136831   0.2655010093   
560      I1         1.135745885    2.071536351    0.7170216049   2.26757716     2.997942387    0.2329886831   0.2657765235   
561      I1         1.125120885    2.082161351    0.7170216049   2.26757716     2.997942387    0.2329886831   0.2654332262   
562      I1         1.125120885    2.071536351    0.7170216049   2.32945216     2.997942387    0.2329886831   0.2655792695   
563      I1         1.125120885    2.071536351    0.7170216049   2.26757716     2.997942387    0.2348636831   0.2657258523   
564      I1         1.114495885    2.071536351    0.7170216049   2.26757716     2.997942387    0.2329886831   0.2653659763   
565      I1         1.125120885    2.060911351    0.7170216049   2.26757716     2.997942387    0.2329886831   0.2655516688   
566      I1         1.125120885    2.071536351    0.7108966049   2.26757716     2.997942387    0.2329886831   0.2654786072   
567      I1         1.125120885    2.071536351    0.7170216049   2.20570216     2.997942387    0.2329886831   0.2656991495   
568      I1         1.125120885    2.071536351    0.7170216049   2.26757716     2.979192387    0.2329886831   0.2672343651   
569      I1         1.125120885    2.071536351    0.7170216049   2.26757716     2.997942387    0.2311136831   0.2653848286   
570      I1         1.114495885    2.082161351    0.7170216049   2.26757716     2.997942387    0.2329886831   0.2653011073   
571      I1         1.114495885    2.071536351    0.7170216049   2.32945216     2.997942387    0.2329886831   0.265437027    
572      I1         1.114495885    2.071536351    0.7170216049   2.26757716     2.997942387    0.2348636831   0.2655443776   
573      I1         1.103870885    2.071536351    0.7170216049   2.26757716     2.997942387    0.2329886831   0.2653498719   
574      I1         1.114495885    2.060911351    0.7170216049   2.26757716     2.997942387    0.2329886831   0.2654281334   
575      I1         1.114495885    2.071536351    0.7108966049   2.26757716     2.997942387    0.2329886831   0.2652622511   
576      I1         1.114495885    2.071536351    0.7170216049   2.20570216     2.997942387    0.2329886831   0.2655687583   
577      I1         1.114495885    2.071536351    0.7170216049   2.26757716     2.979192387    0.2329886831   0.2670720628   
578      I1         1.114495885    2.071536351    0.7170216049   2.26757716     2.997942387    0.2311136831   0.2653146197   
579      I1         1.135745885    2.071536351    0.7108966049   2.26757716     2.997942387    0.2329886831   0.2658114223   
580      I1         1.114495885    2.092786351    0.7108966049   2.26757716     2.997942387    0.2329886831   0.2651426501   
581      I1         1.114495885    2.071536351    0.7231466049   2.26757716     2.997942387    0.2329886831   0.2655062733   
582      I1         1.114495885    2.071536351    0.7108966049   2.39132716     2.997942387    0.2329886831   0.2654080336   
583      I1         1.114495885    2.071536351    0.7108966049   2.26757716     2.997942387    0.2367386831   0.2658189934   
584      I1         1.093245885    2.071536351    0.7108966049   2.26757716     2.997942387    0.2329886831   0.2652508993   
585      I1         1.114495885    2.050286351    0.7108966049   2.26757716     2.997942387    0.2329886831   0.2653812695   
586      I1         1.114495885    2.071536351    0.6986466049   2.26757716     2.997942387    0.2329886831   0.2652243649   
587      I1         1.114495885    2.071536351    0.7108966049   2.14382716     2.997942387    0.2329886831   0.2657755092   
588      I1         1.114495885    2.071536351    0.7108966049   2.26757716     2.960442387    0.2329886831   0.2654537275   
589      I1         1.114495885    2.071536351    0.7108966049   2.26757716     2.997942387    0.2292386831   0.2652116883   
590      I1         1.114495885    2.082161351    0.7108966049   2.26757716     2.997942387    0.2329886831   0.2652002066   
591      I1         1.114495885    2.071536351    0.7108966049   2.32945216     2.997942387    0.2329886831   0.2653446962   
592      I1         1.114495885    2.071536351    0.7108966049   2.26757716     2.997942387    0.2348636831   0.2654785493   
593      I1         1.103870885    2.071536351    0.7108966049   2.26757716     2.997942387    0.2329886831   0.2651918704   
594      I1         1.114495885    2.060911351    0.7108966049   2.26757716     2.997942387    0.2329886831   0.2653210755   
595      I1         1.114495885    2.071536351    0.7047716049   2.26757716     2.997942387    0.2329886831   0.2652306483   
596      I1         1.114495885    2.071536351    0.7108966049   2.20570216     2.997942387    0.2329886831   0.2654899869   
597      I1         1.114495885    2.071536351    0.7108966049   2.26757716     2.979192387    0.2329886831   0.26704957     
598      I1         1.114495885    2.071536351    0.7108966049   2.26757716     2.997942387    0.2311136831   0.2651725593   
599      I1         1.125120885    2.071536351    0.7108966049   2.26757716     2.997942387    0.2311136831   0.2653366458   
600      I1         1.114495885    2.082161351    0.7108966049   2.26757716     2.997942387    0.2311136831   0.2651021848   
601      I1         1.114495885    2.071536351    0.7108966049   2.32945216     2.997942387    0.2311136831   0.2652516257   
602      I1         1.103870885    2.071536351    0.7108966049   2.26757716     2.997942387    0.2311136831   0.2651570734   
603      I1         1.114495885    2.060911351    0.7108966049   2.26757716     2.997942387    0.2311136831   0.2652398042   
604      I1         1.114495885    2.071536351    0.7047716049   2.26757716     2.997942387    0.2311136831   0.2651060664   
605      I1         1.114495885    2.071536351    0.7108966049   2.20570216     2.997942387    0.2311136831   0.2654095628   
606      I1         1.114495885    2.071536351    0.7108966049   2.26757716     2.979192387    0.2311136831   0.2669852527   
607      I1         1.114495885    2.071536351    0.7108966049   2.26757716     2.997942387    0.2292386831   0.2652116883   
