%eval_id interface log__t_efold_shallow log__t_efold_soil f_exfiltration_shallow PDD_melt_factor neg_kge        
1        I1         1.492923017    2.419043855    0.09540675286  9.124406446    1.038204937    
2        I1         0.9154537974   2.660330014    0.7147995907   1.507344602    1.828706449    
3        I1         0.9744128914   2.470183567    0.8615087911   1.81257532     1.975514859    
4        I1         1.559430362    2.148702014    0.2530511585   1.929713924    1.180212295    
5        I1         0.5744913194   1.914040856    0.9286045323   7.634728321    2.311535101    
6        I1         1.420646476    2.27527896     0.545684043    4.830118738    1.415582886    
7        I1         1.296228928    2.629135782    0.1381446722   0.8260366477   0.939859761    
8        I1         0.7409346075   1.654378836    0.2724680051   5.302236487    1.71742546     
9        I1         0.973829551    1.919140271    0.1129324671   0.7145979613   1.445579696    
10       I1         1.250014581    1.157178291    0.08736951318  3.947583228    1.810914859    
11       I1         1.340856682    1.794869922    0.2976878525   8.524852709    1.547917561    
12       I1         1.012847891    1.802122459    0.3106671615   1.619183891    1.597812943    
13       I1         0.787877155    2.436423644    0.1282105867   0.4439024378   1.02082681     
14       I1         0.6957140961   2.262234132    0.9117041212   9.105357257    2.224506042    
15       I1         1.192182611    1.637809805    0.7574143314   0.7974237599   1.83916278     
16       I1         0.869678216    2.61158016     0.2229116651   5.596082035    1.021388341    
17       I1         1.382954783    1.763486224    0.5998100814   8.435953095    1.645108286    
18       I1         1.80468192     2.204138346    0.2134344194   9.402470267    1.128089771    
19       I1         0.7603459946   2.590534515    0.1592680332   0.9466208609   0.9698930419   
20       I1         1.186805977    1.322749343    0.2920256757   3.234673667    1.781628181    
21       I1         1.574434238    2.007974284    0.7347131634   3.237467964    1.547042345    
22       I1         1.507471669    1.437335597    0.8293473716   8.788631933    1.723147607    
23       I1         1.335763744    2.572289077    0.959576483    3.806226184    1.82879249     
24       I1         0.408544849    1.767639995    0.4518221431   2.444885035    1.886035608    
25       I1         0.4792202012   1.643923416    0.3484845734   7.206321713    1.830736182    
26       I1         1.931563387    1.987294004    0.5243620839   8.244461875    1.230115488    
27       I1         0.8192857502   1.950323918    0.226241653    6.382399742    1.519530692    
28       I1         1.144801891    2.673454282    0.8647982802   7.860451058    1.864836488    
29       I1         1.636678545    1.236657754    0.641496781    4.001165434    1.633231424    
30       I1         0.5420655705   1.664203842    0.4627937077   9.850765605    1.899546346    
31       I1         1.474533859    1.963526746    0.3028261628   9.508499215    1.399174791    
32       I1         1.026046435    1.400965242    0.7768227551   0.2099850582   2.002280982    
33       I1         1.269443469    2.288418569    0.9486400733   1.887791865    1.870814563    
34       I1         0.9931211435   1.254938783    0.8757972593   9.473516053    2.039481207    
35       I1         1.860860465    1.926213285    0.02875644145  6.071087486    1.2721188      
36       I1         1.160758497    1.806078942    0.7479797478   4.678081359    1.812852483    
37       I1         1.266159008    1.607062876    0.3828402982   6.624434712    1.668748222    
38       I1         1.015064302    1.276145037    0.346439444    8.978371301    1.865576062    
39       I1         0.3237088733   1.149679854    0.8843081683   4.233359989    2.434202726    
40       I1         0.3830346702   1.648557062    0.7211783123   3.725422793    2.220356492    
41       I1         1.518732135    2.402522684    0.892462806    2.701212951    1.645474551    
42       I1         0.7675012623   1.283147972    0.7712621563   0.5148381013   2.135499276    
43       I1         1.479476688    1.846727143    0.6151645374   8.669905264    1.58929277     
44       I1         0.3540151082   1.124789684    0.5079141114   6.960006401    2.171685447    
45       I1         1.303370076    1.892177349    0.375585762    4.300063791    1.527359014    
46       I1         0.7579706501   1.90839714     0.4302310682   0.3991321436   1.696761345    
47       I1         0.872472806    1.328667274    0.8386562516   9.357582849    2.088580792    
48       I1         1.452181115    2.161198875    0.758768983    0.2471027414   1.599863016    
49       I1         0.6677877611   1.675837711    0.5534769359   5.43170614     1.915631552    
50       I1         0.3677524232   1.290716929    0.1775178019   3.870790833    1.912679043    
51       I1         1.892783879    2.407301197    0.6441586688   0.5863888467   1.139250174    
52       I1         1.182398971    1.266991593    0.7513061837   4.698557647    1.888943388    
53       I1         0.6263816946   2.353332986    0.988718817    8.093420141    2.332111055    
54       I1         1.948251375    1.346035666    0.3915069734   2.197027371    1.393685087    
55       I1         0.6729906473   2.372407311    0.6141247422   2.109461332    1.846852426    
56       I1         1.64120002     2.559012186    0.4040675495   9.796473107    1.033974536    
57       I1         0.5144262091   1.985846631    0.6701648046   6.222284026    2.064756533    
58       I1         0.3949104709   1.353113064    0.420406943    4.197736747    2.006846683    
59       I1         1.979905971    2.594591468    0.03187726387  9.558525774    1.061986553    
60       I1         0.7999073836   1.975972814    0.07309836296  6.17371461     1.396352263    
61       I1         1.841418893    1.487467654    0.9090711576   3.653321701    1.514646156    
62       I1         1.738002296    2.680127378    0.5611412147   5.197905472    1.069234644    
63       I1         0.7357388406   1.231727704    0.8684441726   7.437018435    2.189450351    
64       I1         1.589566797    1.522818988    0.6759921798   0.6298177523   1.622928437    
65       I1         0.6501714999   1.120258727    0.5696627217   1.879921363    2.11044407     
66       I1         1.361125029    2.221495105    0.7229155004   3.472139862    1.593202366    
67       I1         1.542088596    1.705854979    0.415143026    5.085836127    1.554262689    
68       I1         0.6363943388   1.502985028    0.6663352558   5.89654224     2.06761517     
69       I1         0.9989670997   2.653075503    0.06656576261  5.943912963    0.929503028    
70       I1         1.990996676    1.299671974    0.8905910108   7.335185488    1.371417214    
71       I1         0.4737196634   1.213851171    0.7293746783   0.7461396      2.248882752    
72       I1         1.101323509    2.024418459    0.405330441    7.071226522    1.531761666    
73       I1         0.8971714963   1.880140909    0.1212022547   5.820875969    1.50342175     
74       I1         1.3490471      2.208117891    0.6953625928   2.279544782    1.576170809    
75       I1         0.8936899455   2.413440626    0.9271647848   2.249918897    2.106001954    
76       I1         1.850647614    1.941346502    0.4468695913   8.89132431     1.279109812    
77       I1         1.389904313    2.273852932    0.9517507719   2.233874507    1.789908725    
78       I1         0.600299416    1.201716412    0.04564759294  0.7804949908   1.944288617    
79       I1         0.8563423004   1.310918435    0.1339379517   7.017982584    1.840284306    
80       I1         0.9314794921   1.702042258    0.7373419219   7.956043475    1.939867895    
81       I1         1.212023774    2.254104281    0.518568485    5.127866693    1.478096296    
82       I1         1.775966423    1.219835666    0.5685544666   1.769414299    1.553107457    
83       I1         1.092924469    2.619524521    0.1690601992   8.075067109    0.9410107614   
84       I1         1.275950592    1.015258679    0.09879715739  4.190495188    1.837253129    
85       I1         1.221021649    1.867335465    0.4367642042   4.73291236     1.580515529    
86       I1         1.359382799    1.303784423    0.9061313741   2.507284945    1.832575948    
87       I1         1.701964074    1.442057733    0.3676463919   5.219617476    1.564065972    
88       I1         0.8239859326   2.298393316    0.2846092456   5.673879639    1.344533082    
89       I1         1.51752088     1.285348205    0.9473977662   8.178379648    1.742410047    
90       I1         0.3177406747   2.106105563    0.680704075    8.582183393    2.19058458     
91       I1         1.031569625    2.644110444    0.2332132392   6.151271188    0.9838644079   
92       I1         1.538629173    2.447268904    0.6692030079   5.495130571    1.401733528    
93       I1         1.310439953    2.000874494    0.6901710945   1.601523929    1.649360333    
94       I1         1.758476031    1.840114       0.4236479843   8.695301592    1.390819996    
95       I1         0.3902345162   1.005001595    0.870526132    2.119467852    2.39657902     
96       I1         1.783188645    2.013724513    0.4092313068   4.356625167    1.257737885    
97       I1         1.062583374    2.493927199    0.200390285    0.860902123    1.015004546    
98       I1         0.6741398318   2.153882841    0.6976976822   4.031690719    1.975701487    
99       I1         1.171461564    2.191445607    0.1263474312   3.026589051    1.161422361    
100      I1         0.8789505393   1.197083982    0.5821217126   7.818359784    1.990013696    
101      I1         1.836356129    2.215010462    0.07914671067  6.992921713    1.141418197    
102      I1         0.3107108767   1.684763754    0.7887137476   6.668392936    2.329182387    
103      I1         1.751218561    1.022174469    0.7685437061   9.810060082    1.589645596    
104      I1         0.9537959759   1.116056146    0.1987421265   9.665746649    1.919064768    
105      I1         1.822802265    2.267059179    0.3373714494   8.284955499    1.107169971    
106      I1         1.225710618    1.576814556    0.6889745238   2.756046349    1.796753091    
107      I1         1.618362611    1.816862121    0.8413093938   7.720914576    1.612423252    
108      I1         1.69721588     2.180520308    0.8265532606   0.4668629691   1.511465277    
109      I1         1.876269462    1.545416253    0.1820892142   3.782430276    1.420270781    
110      I1         0.8884118105   1.090962769    0.6588747364   2.630568476    2.042655109    
111      I1         0.6098356177   2.06095185     0.1838472716   8.484580848    1.449513118    
112      I1         0.866175135    1.74754868     0.4849303703   8.21236354     1.788419111    
113      I1         0.9870801418   1.855932989    0.3506061447   2.531383436    1.596753783    
114      I1         1.557081237    1.359935892    0.2100086081   4.404323695    1.639114935    
115      I1         0.5625116465   1.469167139    0.6496377459   2.7769461      2.097163892    
116      I1         0.5212860984   2.664262274    0.3424440375   1.66206463     1.359457847    
117      I1         0.4301140715   2.037781874    0.5206531373   6.009977074    1.8956273      
118      I1         0.8066862593   1.542045094    0.4643679895   9.943839777    1.865330993    
119      I1         1.987353195    2.529878567    0.3553098455   6.083045783    0.9972049213   
120      I1         1.13489634     2.58541142     0.09140988043  2.973687367    0.955194977    
121      I1         0.4360475337   2.50296565     0.3617229176   4.265448546    1.51505632     
122      I1         1.085592975    1.371707752    0.4810012562   7.501175422    1.840764409    
123      I1         1.131380639    1.138117183    0.2826624194   7.13699363     1.864307804    
124      I1         1.301021493    1.43332527     0.7967770558   1.296819446    1.827662161    
125      I1         0.937441218    1.580142564    0.3318330314   5.011605948    1.740517509    
126      I1         1.564016217    1.41831238     0.5522626128   5.279880397    1.639474379    
127      I1         1.722002096    2.035421557    0.7043578125   9.197663091    1.45679197     
128      I1         1.868473146    1.720055247    0.2668311274   1.104796521    1.342994152    
129      I1         0.4976089969   2.232347639    0.09433955728  4.798964461    1.170696088    
130      I1         0.719191177    2.049813049    0.2218144169   3.167342921    1.454850181    
131      I1         1.708819711    1.408394001    0.3355167219   4.073278636    1.566291938    
132      I1         1.740831827    1.661443372    0.7832098883   5.630395924    1.545938902    
133      I1         1.811396034    1.394356037    0.358488549    9.03470731     1.517499982    
134      I1         0.8114660747   2.112643846    0.8975694465   1.167673099    2.136928047    
135      I1         1.628908169    1.901955297    0.4326552684   9.409478913    1.433622244    
136      I1         0.7196277594   1.754827795    0.6035682808   9.581427455    1.930702151    
137      I1         0.4057035626   2.459660638    0.1926842945   1.014452211    1.162578207    
138      I1         1.614376697    2.668874854    0.4607081312   5.034623237    1.030817076    
139      I1         1.712625696    1.109985789    0.4874378318   6.769619037    1.603693848    
140      I1         1.973053607    1.327864414    0.8066091071   7.425548685    1.383389813    
141      I1         0.7482488826   1.448917371    0.06935178189  1.35251921     1.767460319    
142      I1         1.230764125    1.833095461    0.1879873966   9.060572673    1.517682847    
143      I1         0.4304851418   1.487285369    0.2035802409   5.846640824    1.819336733    
144      I1         1.141522265    2.044425839    0.03702500014  9.671817098    1.277195002    
145      I1         1.748286095    1.727952704    0.6236486632   3.100769735    1.492948997    
146      I1         1.200518864    2.555003389    0.4704067544   1.840146175    1.30210656     
147      I1         0.5874682381   1.189323103    0.4743634524   4.629631173    2.052679013    
148      I1         1.126024947    2.103964652    0.7061470519   8.850027941    1.759500834    
149      I1         0.9059262998   1.57146601     0.3182065859   7.989055411    1.75395449     
150      I1         1.112249205    1.029610094    0.5576689306   9.336760321    1.929434261    
151      I1         1.583172998    1.186086906    0.01914181588  5.722193126    1.678666681    
152      I1         1.326528753    1.952210491    0.816280494    7.465140334    1.75106949     
153      I1         1.578140663    1.206270639    0.6328426929   8.13697614     1.681995364    
154      I1         1.784835303    2.186006007    0.9571056477   5.757132868    1.537975428    
155      I1         0.728718011    2.016681234    0.9795937024   4.483330246    2.250142084    
156      I1         1.659968719    1.046458867    0.400512182    6.414013601    1.636614461    
157      I1         0.5369019975   2.635292786    0.3154184469   8.573507468    1.336460042    
158      I1         0.7113794074   2.318754595    0.3211122996   6.314711872    1.431748658    
159      I1         0.3485504418   2.547458364    0.05017522815  6.644687215    0.9645586927   
160      I1         0.8480205554   2.364682212    0.7259872373   3.895980756    1.898707417    
161      I1         1.257981942    2.327072205    0.5309114694   5.911272733    1.453014204    
162      I1         0.5570628343   2.564005466    0.2580693034   9.262183006    1.230837148    
163      I1         1.422242053    1.597078326    0.8542644272   7.038546648    1.755652193    
164      I1         0.3131261282   2.339796042    0.9706041785   3.987217094    2.514395436    
165      I1         1.670202853    2.51442489     0.3707704154   8.048874626    1.021886218    
166      I1         0.5014862514   2.081967787    0.2621772818   4.540892924    1.515428093    
167      I1         1.117992494    1.623563135    0.1203424319   3.740235331    1.628558204    
168      I1         0.9821751427   1.340093733    0.03416342229  4.880365191    1.790901152    
169      I1         1.651440729    1.937680794    0.9751080515   6.886137169    1.641073319    
170      I1         1.406987481    1.475532227    0.148233208    1.96484778     1.65011866     
171      I1         1.415755904    2.309147292    0.2884011027   4.125893078    1.1347165      
172      I1         1.622287052    1.563813263    0.7986998212   2.891925863    1.618831308    
173      I1         1.052531105    1.81166574     0.2183917883   8.830805189    1.564858494    
174      I1         1.107474017    1.930591487    0.437946816    2.715494276    1.579847903    
175      I1         1.908649771    1.875005895    0.7635570378   4.892884515    1.371729085    
176      I1         1.815934321    1.084743497    0.3886177276   0.5442024497   1.541973701    
177      I1         0.4689079693   1.614103081    0.5722285074   6.810519594    2.034901232    
178      I1         1.683075573    2.35817213     0.06177781765  4.52138942     1.094199545    
179      I1         0.7461268417   2.499003633    0.8322045175   9.154519875    2.110743349    
180      I1         0.4240566145   1.712391478    0.4488348579   1.043329762    1.900908261    
181      I1         1.645442561    1.457724002    0.5488706548   0.9593261186   1.595689469    
182      I1         1.674256652    1.831704451    0.2512428279   7.373662739    1.397973934    
183      I1         0.6158441461   1.248939516    0.4791978633   6.543546026    2.022305227    
184      I1         1.459552999    1.740200609    0.3959173938   7.173850679    1.564872504    
185      I1         0.7856290043   1.887784017    0.04744972561  4.385849245    1.474062633    
186      I1         1.162721522    2.306006852    0.2433909221   6.922597836    1.163935421    
187      I1         1.956310536    1.100195685    0.4146187188   1.436661897    1.402162943    
188      I1         1.23714383     2.6877406      0.3239003841   7.906744585    1.015034462    
189      I1         1.428226823    2.25008588     0.7543288554   7.85114876     1.587641216    
190      I1         0.5303073602   1.146068176    0.5415854781   2.389648818    2.126451155    
191      I1         0.9241843732   2.37031698     0.8812576073   5.530253552    2.030310785    
192      I1         0.460359321    1.40414358     0.791639623    3.858926126    2.268627461    
193      I1         1.921550885    2.133923259    0.784607915    7.675855246    1.319937089    
194      I1         1.488799289    1.790683409    0.1464908311   1.21687323     1.464161467    
195      I1         0.4175703839   1.042055073    0.2965311055   3.673327095    2.086664795    
196      I1         0.7074897604   1.051939886    0.9822357883   3.367361355    2.269621002    
197      I1         0.6609580598   1.972364014    0.8990153957   1.287616446    2.229847752    
198      I1         1.857817526    1.1350667      0.5030314117   7.290965054    1.506593014    
199      I1         0.8313026433   2.382780579    0.0765070186   2.652348399    1.027764619    
200      I1         1.531535246    2.175444903    0.5808768799   1.252806333    1.422644754    
201      I1         1.05919981     2.056057473    0.7657031035   7.118624855    1.848379647    
202      I1         1.665250111    2.074017228    0.8467527811   6.006115048    1.552297199    
203      I1         1.498235502    1.51774427     0.9217858182   3.171506859    1.733166366    
204      I1         0.8535962471   2.530528148    0.8022584965   8.936535391    1.988950904    
205      I1         0.9621420747   1.780657403    0.6084472201   2.368790368    1.816252725    
206      I1         1.381827444    1.07842609     0.7011329494   4.43687179     1.797965768    
207      I1         0.6881199015   1.259956569    0.5948640231   6.586008373    2.055804978    
208      I1         1.608771412    1.588301778    0.526658302    0.1386105809   1.592799065    
209      I1         0.3443498047   2.397986451    0.9640046122   3.548803977    2.48444204     
210      I1         0.5094663364   1.823230549    0.01096722084  6.12550125     1.531686965    
211      I1         1.024984263    2.282828503    0.6064335867   9.711192326    1.663422705    
212      I1         1.216061424    1.865102614    0.53496363     3.121569704    1.632861335    
213      I1         0.8414926297   2.141465459    0.5050246263   6.74857966     1.66158041     
214      I1         1.254082153    1.072841677    0.2787708775   3.057794173    1.837047521    
215      I1         0.3285586371   1.591783969    0.6564252747   4.573291518    2.188533079    
216      I1         0.5702487049   1.034365161    0.3040124925   6.360435239    2.059335658    
217      I1         0.6218146609   1.693992783    0.4721197333   3.56941665     1.856482558    
218      I1         0.7957480231   2.333158098    0.1093445691   6.301441424    1.088617059    
219      I1         1.962053355    1.425525521    0.4556091307   0.3255666208   1.370780495    
220      I1         0.4479365181   2.324481988    0.9323433641   9.631140682    2.40223609     
221      I1         0.3762842491   1.265502074    0.1609239027   9.217650397    1.927069003    
222      I1         1.005887567    1.67081122     0.5148475791   5.694942135    1.781348629    
223      I1         1.690483718    1.558553607    0.1361219754   5.163356792    1.534762306    
224      I1         1.72488636     1.850722746    0.1741324481   4.979091153    1.34838631     
225      I1         1.324356168    1.535255594    0.1557264435   8.731854044    1.649031202    
226      I1         1.069000019    2.607205399    0.9848929533   6.713391891    2.024973394    
227      I1         0.3052678245   2.030189091    0.8208800235   4.774681279    2.359876326    
228      I1         0.7805910733   1.749257324    0.246853168    2.838477804    1.640325852    
229      I1         1.444278275    1.090187553    0.2583550677   5.36997952     1.753676195    
230      I1         1.527668383    1.061946202    0.8745626012   2.422169915    1.726816264    
231      I1         1.832347989    1.010688332    0.1177187429   1.462707619    1.541631597    
232      I1         1.076181637    2.226407977    0.5647162795   5.805738367    1.586608025    
233      I1         1.467821931    1.899072277    0.2089578086   6.461216928    1.40780632     
234      I1         0.9445149779   1.222511354    0.833652634    1.542269166    2.066182162    
235      I1         1.911398778    2.165513297    0.9675446237   2.158628529    1.429195399    
236      I1         0.9177023502   1.239487442    0.9609391812   9.904127015    2.128481424    
237      I1         1.046500615    1.496423881    0.3290888779   7.228198565    1.756773177    
238      I1         1.600285292    1.024249216    0.9440529674   2.073629794    1.682480146    
239      I1         0.551983061    2.129963821    0.101792923    0.6924157453   1.283155362    
240      I1         1.464084269    2.066444463    0.1518104971   7.759167438    1.243076414    
241      I1         1.730353726    2.126531714    0.7411603891   3.615506423    1.4376146      
242      I1         1.592116285    1.783104062    0.9375802072   8.344831779    1.675903324    
243      I1         1.682335925    1.386281804    0.08409511252  7.93993325     1.594383762    
244      I1         1.280854117    2.578719527    0.8200926539   3.407560487    1.709979761    
245      I1         1.79550917     1.181177565    0.2380694158   2.004962762    1.552873273    
246      I1         1.901462023    1.374843451    0.1048459823   1.697965596    1.443495537    
247      I1         1.998319731    1.772829532    0.4264992985   6.530355773    1.251997909    
248      I1         1.969316018    1.511267464    0.6365670813   3.453847976    1.364933878    
249      I1         1.365941496    2.432352504    0.5365189733   0.3626207292   1.351512179    
250      I1         0.5783994492   2.381482366    0.6257311488   7.554591966    1.927760617    
251      I1         1.395449208    2.488531847    0.3780277471   2.916113654    1.107768457    
252      I1         1.081726666    2.600075591    0.651422557    0.1129382584   1.621638847    
253      I1         1.933004722    2.538197415    0.2298275059   5.407307661    1.008484864    
254      I1         1.446335508    1.717746796    0.1643526112   3.366227821    1.538972485    
255      I1         1.505239601    2.241502952    0.5941336885   8.398762718    1.432845339    
256      I1         1.881864559    1.423331016    0.6623060668   1.584028923    1.453773257    
257      I1         0.3351591749   2.23575481     0.06535929282  8.963357097    1.161289366    
258      I1         0.6558687647   2.201317947    0.7163051823   1.734279805    2.014861938    
259      I1         0.6401521459   1.47684756     0.8520991582   2.030509392    2.21675165     
260      I1         0.5937185563   1.31261729     0.3792242899   1.144788363    1.964942935    
261      I1         0.39845222     2.347031718    0.4957952261   2.60429237     1.801708826    
262      I1         1.288003539    2.522935073    0.05864020858  7.737792291    1.006332264    
263      I1         0.4433185135   1.995419009    0.8113882099   8.262434052    2.281883002    
264      I1         0.9080263691   1.732391951    0.2759104603   1.41121099     1.641328535    
265      I1         0.6296351808   2.543200157    0.3645190706   0.6072840908   1.421081039    
266      I1         0.4552595495   2.477854227    0.0410973      5.056203602    0.9867723712   
267      I1         1.373481817    2.120810807    0.3936567825   6.836530614    1.386272695    
268      I1         1.799934239    1.550618968    0.1409515811   5.332589335    1.476787396    
269      I1         0.5489412889   1.162088808    0.02402960909  6.485592167    1.93864992     
270      I1         0.3734655823   1.169199313    0.7444982186   2.96306762     2.299678485    
271      I1         1.151278613    1.105283673    0.8883672173   9.994476062    1.957439119    
272      I1         1.244751552    1.96163696     0.5854480101   1.070356368    1.613793798    
273      I1         1.771193562    2.422904768    0.6190188693   2.553458432    1.180543401    
274      I1         1.953548078    2.512240563    0.9040988944   4.609512709    1.307557888    
275      I1         1.550696324    2.637878489    0.9397456248   3.272163128    1.662903967    
276      I1         0.6021373378   2.444789642    0.1937842831   9.452573645    1.157802288    
277      I1         0.6847636401   2.689725624    0.9203800255   2.852261451    2.23420695     
278      I1         0.7724829562   1.509549826    0.6392585031   7.577552967    1.982497416    
279      I1         0.6996487793   1.173806576    0.3102496721   8.370694267    1.965299098    
280      I1         1.88843912     2.462764673    0.6295473542   3.330466053    1.123553068    
281      I1         1.205255055    1.338449556    0.01987104104  0.9118954856   1.774113752    
282      I1         0.4859222711   2.171886984    0.4907157296   0.3794033731   1.78608957     
283      I1         1.434442838    1.618783662    0.4440244283   2.317182403    1.616695321    
284      I1         0.8352697815   1.368306792    0.2710913452   9.290806578    1.852820795    
285      I1         0.9481382881   1.461686529    0.5888620509   4.135522521    1.891310616    
286      I1         1.347496987    2.623360368    0.8099838296   8.749204652    1.656869909    
287      I1         1.040563043    2.091183159    0.05466877521  8.476879288    1.240465246    
288      I1         1.937686949    2.086270055    0.7106140872   7.597962029    1.257602767    
289      I1         1.915915018    1.629118409    0.9180832957   5.448511551    1.437520697    
290      I1         1.315604476    1.686736869    0.1717239359   8.618729449    1.582100054    
291      I1         0.9657950803   1.063528064    0.6766322016   3.510554258    2.010917164    
292      I1         1.177159204    2.29651723     0.01532336792  0.269919655    1.113550387    
293      I1         1.764753117    2.694562258    0.5753347279   4.944730647    1.0652886      
294      I1         0.519434217    2.455724537    0.8577942566   1.36328288     2.283481216    
295      I1         1.404016156    2.480325566    0.7784345942   6.239655006    1.585439697    
296      I1         1.82491466     2.095049203    0.6842847913   5.551266989    1.348296451    
297      I1         0.4921449078   1.527044211    0.5129094329   0.1769113734   2.019702988    
298      I1         1.870099175    1.382261558    0.241758991    7.319118968    1.472255701    
299      I1         0.36004142     2.391765973    0.4982970698   9.762333124    1.85098709     
300      I1         1.098367723    1.605384842    0.8431180264   9.894516746    1.933364508    
301      I1         1.629174923    2.699956816    0.2546390286   0.8330818473   0.9208694647   
302      I1         1.433376518    2.699956816    0.2036051415   3.399748514    0.9045917707   
303      I1         1.496339481    2.699956816    0.167259056    3.399748514    0.9104090066   
304      I1         1.496253112    2.699956816    0.2156541178   3.399748514    0.9070688741   
305      I1         1.999956816    2.699956816    0.3366417721   0.1002514861   0.9575818813   
306      I1         1.496339481    2.699956816    0.1995722197   0.1002514861   0.9247450849   
307      I1         1.433376518    2.678969161    0.1917055327   3.399748514    0.9133401698   
308      I1         1.999956816    2.322265407    0.3003952649   0.1002514861   1.077626348    
309      I1         1.999956816    2.699956816    0.01002489458  0.1002514861   1.062315402    
310      I1         1.999956816    2.699956816    0.1914565869   1.199748514    0.9387332435   
311      I1         1.79845806     2.699956816    0.1914565869   1.199748514    0.9282811771   
312      I1         1.999956816    2.178202002    0.01002489458  0.1002514861   1.200003962    
313      I1         1.433376518    2.699956816    0.01002489458  1.199748514    0.9908553847   
314      I1         1.999956816    2.616006198    0.1315602296   0.1002514861   1.017382433    
315      I1         1.783170756    2.699956816    0.3366417721   1.199748514    0.9319509205   
316      I1         1.748104964    2.699956816    0.2259106843   9.999748514    0.926624079    
317      I1         1.433376518    2.699956816    0.1188639943   9.999748514    0.9183772423   
318      I1         1.622265407    2.699956816    0.01002489458  9.999748514    1.001341068    
319      I1         1.803294721    2.579126658    0.3366417721   0.1002514861   0.9901440435   
320      I1         1.682032719    2.699956816    0.0785347762   0.1002514861   0.9640889417   
%eval_id interface log__t_efold_shallow log__t_efold_soil f_exfiltration_shallow PDD_melt_factor neg_kge        
321      I1         1.433376518    2.699956816    0.2036051415   3.399748514    0.9045917707   
322      I1         1.603376518    2.699956816    0.2036051415   3.399748514    0.9141033479   
323      I1         1.433376518    2.699956816    0.3016051415   3.399748514    0.9335458954   
324      I1         1.433376518    2.699956816    0.2036051415   4.389748514    0.9047161681   
325      I1         1.263376518    2.699956816    0.2036051415   3.399748514    0.9109451026   
326      I1         1.433376518    2.529956816    0.2036051415   3.399748514    0.9727374845   
327      I1         1.433376518    2.699956816    0.1056051415   3.399748514    0.9137125692   
328      I1         1.433376518    2.699956816    0.2036051415   2.409748514    0.9042892617   
329      I1         1.518376518    2.699956816    0.2036051415   3.399748514    0.9082917642   
330      I1         1.433376518    2.699956816    0.2526051415   3.399748514    0.9168931888   
331      I1         1.433376518    2.699956816    0.2036051415   3.894748514    0.9047087735   
332      I1         1.348376518    2.699956816    0.2036051415   3.399748514    0.9054351929   
333      I1         1.433376518    2.614956816    0.2036051415   3.399748514    0.9401071695   
334      I1         1.433376518    2.699956816    0.1546051415   3.399748514    0.9079230797   
335      I1         1.433376518    2.699956816    0.2036051415   2.904748514    0.9044594589   
336      I1         1.475876518    2.699956816    0.2036051415   3.399748514    0.9063493497   
337      I1         1.433376518    2.699956816    0.2281051415   3.399748514    0.9099770501   
338      I1         1.433376518    2.699956816    0.2036051415   3.647248514    0.9046503435   
339      I1         1.390876518    2.699956816    0.2036051415   3.399748514    0.9040478542   
340      I1         1.433376518    2.657456816    0.2036051415   3.399748514    0.9271096384   
341      I1         1.433376518    2.699956816    0.1791051415   3.399748514    0.9047196503   
342      I1         1.433376518    2.699956816    0.2036051415   3.152248514    0.9045646512   
343      I1         1.454626518    2.699956816    0.2036051415   3.399748514    0.9053294744   
344      I1         1.433376518    2.699956816    0.2158551415   3.399748514    0.9061135486   
345      I1         1.433376518    2.699956816    0.2036051415   3.523498514    0.9046136576   
346      I1         1.412126518    2.699956816    0.2036051415   3.399748514    0.9041247029   
347      I1         1.433376518    2.678706816    0.2036051415   3.399748514    0.9151759734   
348      I1         1.433376518    2.699956816    0.1913551415   3.399748514    0.9047994351   
349      I1         1.433376518    2.699956816    0.2036051415   3.275998514    0.9045726832   
350      I1         1.412126518    2.699956816    0.2158551415   3.399748514    0.906819288    
351      I1         1.412126518    2.699956816    0.2036051415   3.523498514    0.9041637244   
352      I1         1.412126518    2.678706816    0.2036051415   3.399748514    0.915290701    
353      I1         1.412126518    2.699956816    0.1913551415   3.399748514    0.9038223536   
354      I1         1.412126518    2.699956816    0.2036051415   3.275998514    0.9040885321   
355      I1         1.412126518    2.699956816    0.1913551415   3.523498514    0.9038348932   
356      I1         1.390876518    2.699956816    0.1913551415   3.399748514    0.9029916138   
357      I1         1.412126518    2.678706816    0.1913551415   3.399748514    0.9129617842   
358      I1         1.412126518    2.699956816    0.1791051415   3.399748514    0.9037877842   
359      I1         1.412126518    2.699956816    0.1913551415   3.275998514    0.9038159928   
360      I1         1.390876518    2.699956816    0.1913551415   3.523498514    0.9030235527   
361      I1         1.369626518    2.699956816    0.1913551415   3.399748514    0.9024116444   
362      I1         1.390876518    2.678706816    0.1913551415   3.399748514    0.9130425721   
363      I1         1.390876518    2.699956816    0.1791051415   3.399748514    0.9031007124   
364      I1         1.390876518    2.699956816    0.1913551415   3.275998514    0.902966252    
365      I1         1.369626518    2.699956816    0.2036051415   3.399748514    0.9044967251   
366      I1         1.369626518    2.699956816    0.1913551415   3.523498514    0.902445116    
367      I1         1.348376518    2.699956816    0.1913551415   3.399748514    0.9020915418   
368      I1         1.369626518    2.678706816    0.1913551415   3.399748514    0.9133145472   
369      I1         1.369626518    2.699956816    0.1791051415   3.399748514    0.9025202917   
370      I1         1.369626518    2.699956816    0.1913551415   3.275998514    0.902384291    
371      I1         1.348376518    2.699956816    0.2158551415   3.399748514    0.9104385227   
372      I1         1.348376518    2.699956816    0.1913551415   3.647248514    0.9022262904   
373      I1         1.305876518    2.699956816    0.1913551415   3.399748514    0.9028258949   
374      I1         1.348376518    2.657456816    0.1913551415   3.399748514    0.9249947166   
375      I1         1.348376518    2.699956816    0.1668551415   3.399748514    0.901595413    
376      I1         1.348376518    2.699956816    0.1913551415   3.152248514    0.9020070118   
377      I1         1.348376518    2.699956816    0.1913551415   3.523498514    0.9021453082   
378      I1         1.327126518    2.699956816    0.1913551415   3.399748514    0.9021899192   
379      I1         1.348376518    2.678706816    0.1913551415   3.399748514    0.9135522897   
380      I1         1.348376518    2.699956816    0.1791051415   3.399748514    0.901604717    
381      I1         1.348376518    2.699956816    0.1913551415   3.275998514    0.9020434872   
382      I1         1.348376518    2.699956816    0.1791051415   3.523498514    0.9016267512   
383      I1         1.327126518    2.699956816    0.1791051415   3.399748514    0.9008950069   
384      I1         1.348376518    2.678706816    0.1791051415   3.399748514    0.9109296595   
385      I1         1.348376518    2.699956816    0.1668551415   3.399748514    0.901595413    
386      I1         1.348376518    2.699956816    0.1791051415   3.275998514    0.9015887815   
387      I1         1.327126518    2.699956816    0.1791051415   3.523498514    0.9009457059   
388      I1         1.305876518    2.699956816    0.1791051415   3.399748514    0.9004139067   
389      I1         1.327126518    2.678706816    0.1791051415   3.399748514    0.9111287036   
390      I1         1.327126518    2.699956816    0.1668551415   3.399748514    0.9009867444   
391      I1         1.327126518    2.699956816    0.1791051415   3.275998514    0.9008613153   
392      I1         1.305876518    2.699956816    0.1791051415   3.523498514    0.9004731972   
393      I1         1.284626518    2.699956816    0.1791051415   3.399748514    0.9002600429   
394      I1         1.305876518    2.678706816    0.1791051415   3.399748514    0.9113695585   
395      I1         1.305876518    2.699956816    0.1668551415   3.399748514    0.9004774147   
396      I1         1.305876518    2.699956816    0.1791051415   3.275998514    0.9003606404   
397      I1         1.316501518    2.699956816    0.1791051415   3.399748514    0.9006246701   
398      I1         1.305876518    2.699956816    0.1852301415   3.399748514    0.9011740749   
399      I1         1.305876518    2.699956816    0.1791051415   3.461623514    0.9004424376   
400      I1         1.295251518    2.699956816    0.1791051415   3.399748514    0.900281934    
401      I1         1.305876518    2.689331816    0.1791051415   3.399748514    0.9054082281   
402      I1         1.305876518    2.699956816    0.1729801415   3.399748514    0.9002488108   
403      I1         1.305876518    2.699956816    0.1791051415   3.337873514    0.9003885792   
404      I1         1.316501518    2.699956816    0.1729801415   3.399748514    0.900597278    
405      I1         1.305876518    2.699956816    0.1729801415   3.461623514    0.9002734182   
406      I1         1.295251518    2.699956816    0.1729801415   3.399748514    0.8999842192   
407      I1         1.305876518    2.689331816    0.1729801415   3.399748514    0.9046574012   
408      I1         1.305876518    2.699956816    0.1668551415   3.399748514    0.9004774147   
409      I1         1.305876518    2.699956816    0.1729801415   3.337873514    0.9002274031   
410      I1         1.295251518    2.699956816    0.1729801415   3.461623514    0.9000093685   
411      I1         1.284626518    2.699956816    0.1729801415   3.399748514    0.8997252647   
412      I1         1.295251518    2.689331816    0.1729801415   3.399748514    0.9045101581   
413      I1         1.295251518    2.699956816    0.1668551415   3.399748514    0.900111536    
414      I1         1.295251518    2.699956816    0.1729801415   3.337873514    0.8999620682   
415      I1         1.284626518    2.699956816    0.1791051415   3.399748514    0.9002600429   
416      I1         1.284626518    2.699956816    0.1729801415   3.461623514    0.8997529649   
417      I1         1.274001518    2.699956816    0.1729801415   3.399748514    0.899521984    
418      I1         1.284626518    2.689331816    0.1729801415   3.399748514    0.9044401497   
419      I1         1.284626518    2.699956816    0.1668551415   3.399748514    0.8997186559   
420      I1         1.284626518    2.699956816    0.1729801415   3.337873514    0.8997007491   
421      I1         1.274001518    2.699956816    0.1791051415   3.399748514    0.9002874722   
422      I1         1.274001518    2.699956816    0.1729801415   3.461623514    0.8995521937   
423      I1         1.263376518    2.699956816    0.1729801415   3.399748514    0.8993828155   
424      I1         1.274001518    2.689331816    0.1729801415   3.399748514    0.9045030802   
425      I1         1.274001518    2.699956816    0.1668551415   3.399748514    0.8993889825   
426      I1         1.274001518    2.699956816    0.1729801415   3.337873514    0.899494977    
427      I1         1.284626518    2.699956816    0.1729801415   3.399748514    0.8997252647   
428      I1         1.263376518    2.699956816    0.1852301415   3.399748514    0.9025068485   
429      I1         1.263376518    2.699956816    0.1729801415   3.523498514    0.8994578678   
430      I1         1.242126518    2.699956816    0.1729801415   3.399748514    0.8993486081   
431      I1         1.263376518    2.678706816    0.1729801415   3.399748514    0.910539625    
432      I1         1.263376518    2.699956816    0.1607301415   3.399748514    0.8992676958   
433      I1         1.263376518    2.699956816    0.1729801415   3.275998514    0.899314666    
434      I1         1.263376518    2.699956816    0.1791051415   3.399748514    0.9004413216   
435      I1         1.263376518    2.699956816    0.1729801415   3.461623514    0.899419381    
436      I1         1.252751518    2.699956816    0.1729801415   3.399748514    0.8993365369   
437      I1         1.263376518    2.689331816    0.1729801415   3.399748514    0.9046865525   
438      I1         1.263376518    2.699956816    0.1668551415   3.399748514    0.8991040861   
439      I1         1.263376518    2.699956816    0.1729801415   3.337873514    0.8993499619   
440      I1         1.263376518    2.699956816    0.1668551415   3.461623514    0.8991306423   
441      I1         1.252751518    2.699956816    0.1668551415   3.399748514    0.8988271238   
442      I1         1.263376518    2.689331816    0.1668551415   3.399748514    0.9035821683   
443      I1         1.263376518    2.699956816    0.1607301415   3.399748514    0.8992676958   
444      I1         1.263376518    2.699956816    0.1668551415   3.337873514    0.899081106    
445      I1         1.252751518    2.699956816    0.1668551415   3.461623514    0.8988562325   
446      I1         1.242126518    2.699956816    0.1668551415   3.399748514    0.8986163662   
447      I1         1.252751518    2.689331816    0.1668551415   3.399748514    0.903495423    
448      I1         1.252751518    2.699956816    0.1607301415   3.399748514    0.8988804661   
449      I1         1.252751518    2.699956816    0.1668551415   3.337873514    0.8988011249   
450      I1         1.242126518    2.699956816    0.1729801415   3.399748514    0.8993486081   
451      I1         1.242126518    2.699956816    0.1668551415   3.461623514    0.8986501813   
452      I1         1.231501518    2.699956816    0.1668551415   3.399748514    0.8984712697   
453      I1         1.242126518    2.689331816    0.1668551415   3.399748514    0.9035457785   
454      I1         1.242126518    2.699956816    0.1607301415   3.399748514    0.8985288233   
455      I1         1.242126518    2.699956816    0.1668551415   3.337873514    0.898585652    
456      I1         1.231501518    2.699956816    0.1729801415   3.399748514    0.89949317     
457      I1         1.231501518    2.699956816    0.1668551415   3.461623514    0.8985093952   
458      I1         1.220876518    2.699956816    0.1668551415   3.399748514    0.8984250571   
459      I1         1.231501518    2.689331816    0.1668551415   3.399748514    0.9037033697   
460      I1         1.231501518    2.699956816    0.1607301415   3.399748514    0.8982343426   
461      I1         1.231501518    2.699956816    0.1668551415   3.337873514    0.8984362882   
462      I1         1.252751518    2.699956816    0.1607301415   3.399748514    0.8988804661   
463      I1         1.231501518    2.699956816    0.1729801415   3.399748514    0.89949317     
464      I1         1.231501518    2.699956816    0.1607301415   3.523498514    0.8982952867   
465      I1         1.210251518    2.699956816    0.1607301415   3.399748514    0.8977812228   
466      I1         1.231501518    2.678706816    0.1607301415   3.399748514    0.9082467643   
467      I1         1.231501518    2.699956816    0.1484801415   3.399748514    0.8980972424   
468      I1         1.231501518    2.699956816    0.1607301415   3.275998514    0.898178118    
469      I1         1.210251518    2.699956816    0.1729801415   3.399748514    0.9001090629   
470      I1         1.210251518    2.699956816    0.1607301415   3.523498514    0.8978532169   
471      I1         1.189001518    2.699956816    0.1607301415   3.399748514    0.8975764866   
472      I1         1.210251518    2.678706816    0.1607301415   3.399748514    0.9085535483   
473      I1         1.210251518    2.699956816    0.1484801415   3.399748514    0.8977429394   
474      I1         1.210251518    2.699956816    0.1607301415   3.275998514    0.8977142627   
475      I1         1.189001518    2.699956816    0.1729801415   3.399748514    0.9011004486   
476      I1         1.189001518    2.699956816    0.1607301415   3.523498514    0.8976622171   
477      I1         1.167751518    2.699956816    0.1607301415   3.399748514    0.8976426313   
478      I1         1.189001518    2.678706816    0.1607301415   3.399748514    0.9087549735   
479      I1         1.189001518    2.699956816    0.1484801415   3.399748514    0.8973996244   
480      I1         1.189001518    2.699956816    0.1607301415   3.275998514    0.8974959883   
481      I1         1.189001518    2.699956816    0.1484801415   3.523498514    0.897460528    
482      I1         1.167751518    2.699956816    0.1484801415   3.399748514    0.8967967108   
483      I1         1.189001518    2.678706816    0.1484801415   3.399748514    0.9061936599   
484      I1         1.189001518    2.699956816    0.1362301415   3.399748514    0.8970754911   
485      I1         1.189001518    2.699956816    0.1484801415   3.275998514    0.8973371985   
486      I1         1.167751518    2.699956816    0.1484801415   3.523498514    0.89686449     
487      I1         1.146501518    2.699956816    0.1484801415   3.399748514    0.8962541681   
488      I1         1.167751518    2.678706816    0.1484801415   3.399748514    0.9062640113   
489      I1         1.167751518    2.699956816    0.1362301415   3.399748514    0.8965117824   
490      I1         1.167751518    2.699956816    0.1484801415   3.275998514    0.8967340552   
491      I1         1.146501518    2.699956816    0.1729801415   3.399748514    0.9031135826   
492      I1         1.146501518    2.699956816    0.1484801415   3.647248514    0.8964211278   
493      I1         1.104001518    2.699956816    0.1484801415   3.399748514    0.8957701764   
494      I1         1.146501518    2.657456816    0.1484801415   3.399748514    0.9189563403   
495      I1         1.146501518    2.699956816    0.1239801415   3.399748514    0.896883938    
496      I1         1.146501518    2.699956816    0.1484801415   3.152248514    0.8961232399   
497      I1         1.146501518    2.699956816    0.1607301415   3.399748514    0.8980790213   
498      I1         1.146501518    2.699956816    0.1484801415   3.523498514    0.8963318014   
499      I1         1.125251518    2.699956816    0.1484801415   3.399748514    0.8959159247   
500      I1         1.146501518    2.678706816    0.1484801415   3.399748514    0.9066678766   
501      I1         1.146501518    2.699956816    0.1362301415   3.399748514    0.8959616767   
502      I1         1.146501518    2.699956816    0.1484801415   3.275998514    0.8961830481   
503      I1         1.125251518    2.699956816    0.1607301415   3.399748514    0.898881529    
504      I1         1.125251518    2.699956816    0.1484801415   3.523498514    0.8960081075   
505      I1         1.125251518    2.678706816    0.1484801415   3.399748514    0.9067715679   
506      I1         1.125251518    2.699956816    0.1362301415   3.399748514    0.8956414571   
507      I1         1.125251518    2.699956816    0.1484801415   3.275998514    0.8958311897   
508      I1         1.125251518    2.699956816    0.1362301415   3.523498514    0.8957530774   
509      I1         1.104001518    2.699956816    0.1362301415   3.399748514    0.8955169147   
510      I1         1.125251518    2.678706816    0.1362301415   3.399748514    0.9044810283   
511      I1         1.125251518    2.699956816    0.1239801415   3.399748514    0.8959206328   
512      I1         1.125251518    2.699956816    0.1362301415   3.275998514    0.895535206    
513      I1         1.135876518    2.699956816    0.1362301415   3.399748514    0.895786099    
514      I1         1.125251518    2.699956816    0.1423551415   3.399748514    0.8958232908   
515      I1         1.125251518    2.699956816    0.1362301415   3.461623514    0.8956964093   
516      I1         1.114626518    2.699956816    0.1362301415   3.399748514    0.8955320906   
517      I1         1.125251518    2.689331816    0.1362301415   3.399748514    0.9001318847   
518      I1         1.125251518    2.699956816    0.1301051415   3.399748514    0.8954611356   
519      I1         1.125251518    2.699956816    0.1362301415   3.337873514    0.8955893605   
520      I1         1.135876518    2.699956816    0.1301051415   3.399748514    0.8957248127   
521      I1         1.125251518    2.699956816    0.1301051415   3.461623514    0.8955020645   
522      I1         1.114626518    2.699956816    0.1301051415   3.399748514    0.8951712852   
523      I1         1.125251518    2.689331816    0.1301051415   3.399748514    0.9003561511   
524      I1         1.125251518    2.699956816    0.1301051415   3.337873514    0.8954236647   
