%eval_id interface log__t_efold_shallow log__t_efold_soil log__t_efold_karst f_exfiltration_shallow f_exfiltration_soil PDD_melt_factor log__H0_pdm_shallow log__H0_pdm_soil neg_kge        
1        I1         1.031569625    1.972364014    3.91705676     0.08187029442  0.1117894441   0.9572361427   2.287974566    2.645675003    0.4090536498   
2        I1         1.738002296    2.153882841    3.606658393    0.7426416074   0.7193760053   3.697353834    1.056579247    1.195233659    2.327811963    
3        I1         1.583172998    1.327864414    2.778552717    0.4832078674   0.0890321183   4.331382158    1.132762913    1.342279879    2.269033739    
4        I1         1.973053607    1.712391478    3.287586518    0.3240121076   0.04916239375  5.190489881    1.237292771    3.492610805    2.271073784    
5        I1         1.177159204    1.702042258    3.024145158    0.2578996488   0.4326145925   4.286154237    3.190779325    2.763348196    1.103982259    
6        I1         1.389904313    2.030189091    2.555153062    0.6602045533   0.2052308283   5.08417707     2.598481492    1.789755191    1.562233843    
7        I1         1.446335508    1.919140271    3.164319841    0.368880236    0.9170078746   0.4714102173   1.305595537    1.833699221    2.149266309    
8        I1         0.9481382881   1.975972814    2.895061716    0.7300191398   0.4387943063   9.121403494    3.17842612     1.889093046    1.89839621     
9        I1         1.459552999    1.899072277    3.742895652    0.3745234011   0.9751072237   0.1747179927   3.28839053     2.469416308    1.493320354    
10       I1         0.3237088733   2.081967787    3.401677843    0.3637232882   0.4543216541   5.656863288    2.755057012    1.361768094    2.126031782    
11       I1         1.160758497    1.914040856    3.056453917    0.3820957175   0.03786302582  7.990311883    3.232414968    1.321232215    1.595626041    
12       I1         1.901462023    1.887784017    3.809025626    0.2137834302   0.4023888976   3.831712223    2.254161223    2.205163991    0.9006148951   
13       I1         1.081726666    1.084743497    3.156802105    0.8439753187   0.4692989556   5.581352577    3.428614514    2.063953377    1.928282779    
14       I1         1.64120002     2.241502952    3.938366512    0.5788593947   0.5611679837   1.177112345    2.622931498    2.630120508    1.277375239    
15       I1         1.359382799    1.149679854    3.681351124    0.2997027545   0.6515158266   4.894030408    2.33548061     2.262460035    1.563898137    
16       I1         1.775966423    2.623360368    2.872825091    0.5035474146   0.172586491    8.935380853    2.581542838    3.268006597    1.013744909    
17       I1         0.6363943388   1.374843451    4.244486286    0.4257638904   0.2717204916   3.215896412    2.677983351    2.950141632    1.637763037    
18       I1         1.712625696    2.262234132    3.563084631    0.8888690782   0.136307493    8.49266892     3.451758046    2.732824588    1.48218354     
19       I1         0.6996487793   1.469167139    3.847275111    0.941346387    0.3801969768   9.496401716    1.252182926    1.821997138    2.408735183    
20       I1         0.5212860984   2.339796042    4.324691621    0.02682032949  0.5056121611   9.435916875    2.498154856    2.080113807    0.6581815261   
21       I1         1.527668383    1.254938783    2.651214515    0.8644663599   0.5565208168   2.858188311    2.194981328    2.667509214    1.750499508    
22       I1         1.012847891    1.901955297    3.474362922    0.6558531331   0.7898699603   6.165109595    2.451002017    3.078306968    1.809590168    
23       I1         1.531535246    1.042055073    3.236266154    0.5837991308   0.3475140804   5.071982654    1.499940044    1.332235892    2.012110601    
24       I1         1.404016156    2.29651723     3.647405117    0.5574533339   0.367962828    0.7839750314   3.169229962    3.024064407    1.195219909    
25       I1         1.771193562    2.382780579    3.014647514    0.9014394052   0.3128979224   8.449250233    1.286243391    2.411801312    2.209964721    
26       I1         1.365941496    2.016681234    3.251077035    0.2887668062   0.8329797208   8.13962312     1.890272128    1.037282727    1.801512571    
27       I1         1.244751552    2.470183567    3.721320857    0.4961993767   0.9466801024   6.903781316    2.473955203    1.893607026    1.571761542    
28       I1         1.832347989    1.618783662    4.432868669    0.333323562    0.10346091     2.715362389    1.624863909    1.123376182    1.883096976    
29       I1         1.420646476    1.840114       3.674383694    0.9485655461   0.8178788364   2.171727156    2.375909093    1.616562279    1.821229319    
30       I1         1.005887567    1.1350667      2.965447787    0.5167904168   0.1289259313   3.661604156    3.397554594    2.91860866     1.482054985    
31       I1         1.062583374    2.037781874    3.112754433    0.7000810092   0.3045696348   7.652579117    2.724764023    2.030857783    1.781254197    
32       I1         0.5369019975   2.056057473    3.087118066    0.128473036    0.2484786123   1.502057478    2.406973527    2.982523479    0.8315720793   
33       I1         0.7482488826   2.432352504    3.941439147    0.3703465277   0.1479898162   6.48335404     2.301125446    1.694393547    1.856073038    
34       I1         0.551983061    1.005001595    2.925289364    0.4583877322   0.6121861275   3.372111183    2.795801305    2.242980294    1.991619363    
35       I1         0.6021373378   1.57146601     3.424068791    0.08532162429  0.9546232434   7.331916469    1.687508881    2.352832246    1.790457307    
36       I1         0.5625116465   2.024418459    3.839459706    0.2053694139   0.1081480773   5.385674145    1.230063572    2.45213507     1.783417271    
37       I1         1.79550917     2.444789642    2.885188013    0.7262102806   0.5927817656   3.347979457    1.741723812    1.496207623    1.82720238     
38       I1         1.51752088     2.572289077    3.735029668    0.6478459703   0.537096675    1.323055332    3.28075897     3.372664795    1.248311629    
39       I1         0.8239859326   2.180520308    4.328839539    0.9664733799   0.7618330616   9.391928479    1.951766702    2.544833167    2.231062992    
40       I1         0.4360475337   2.27527896     3.703694044    0.8487916483   0.7449829453   5.451772094    1.97242533     1.743068374    2.370970232    
41       I1         1.395449208    1.290716929    3.229890596    0.1985720714   0.6802152624   4.217818408    2.273167593    1.004215911    1.679662769    
42       I1         1.141522265    1.930591487    2.797400905    0.4094759667   0.2271843178   4.529884387    1.642919153    3.316869924    1.684599647    
43       I1         1.361125029    2.035421557    2.681218689    0.307045893    0.8689908005   4.126543821    1.14470054     1.45518191     2.229547372    
44       I1         1.326528753    2.559012186    2.863239585    0.1603838599   0.9087467498   7.21046598     3.341203918    3.295816011    0.9169004917   
45       I1         0.9080263691   2.007974284    3.042674409    0.3091048798   0.4753711493   9.36699869     3.210067409    3.053054538    1.219146389    
46       I1         1.892783879    1.607062876    2.915172285    0.6177638289   0.4273640679   4.45813412     2.314827831    2.508765513    1.387444134    
47       I1         1.381827444    2.309147292    4.177968403    0.1752551528   0.3073840553   5.484717207    3.028973259    1.390489932    1.421774633    
48       I1         1.444278275    1.090187553    3.306796818    0.6465402684   0.8537564426   1.683142635    1.553425089    2.60168121     2.045772649    
49       I1         1.953548078    2.594591468    3.526345781    0.2366521052   0.2751800928   5.618450393    3.305645983    1.862549122    0.7914339191   
50       I1         0.4057035626   1.248939516    4.153250314    0.07083899011  0.4360470655   5.939641469    1.636511103    1.215646383    2.081105288    
51       I1         0.9657950803   1.213851171    3.992164059    0.4496035419   0.3509214385   6.61131203     1.563766349    2.271710607    1.932688971    
52       I1         1.221021649    1.855932989    2.752934595    0.1339867501   0.9023741      7.427576021    3.047077183    1.585006259    1.602119345    
53       I1         1.205255055    2.186006007    2.725188637    0.4528106755   0.9224487796   2.908796736    2.017939144    2.097689552    1.649067133    
54       I1         1.628908169    2.306006852    2.510864016    0.1911231965   0.06784710513  8.264963864    1.988513382    2.935104045    1.209865957    
55       I1         1.026046435    2.074017228    4.053596237    0.7827888579   0.6270359666   7.952141837    1.021002136    3.278161532    2.350661126    
56       I1         0.8313026433   2.493927199    3.27268924     0.6948103972   0.4617170534   7.105306752    1.101469934    3.418092523    2.333664385    
57       I1         1.488799289    2.318754595    2.955537223    0.07903790755  0.871363053    4.60317251     2.812952815    3.179087037    0.9567795834   
58       I1         0.6558687647   2.364682212    3.223508307    0.06864317479  0.8469582789   0.3582731703   2.728328268    2.581485745    1.063043901    
59       I1         0.6881199015   1.637809805    3.920708269    0.01128075689  0.01152641849  2.212150905    1.833273034    1.759287404    0.9435737501   
60       I1         1.915915018    2.381482366    3.771107536    0.1241161824   0.3850713039   9.583711601    2.940504265    3.433414177    0.6243331898   
61       I1         1.216061424    2.204138346    3.571354347    0.7782062663   0.6953665752   9.218734886    2.233781363    3.48587076     1.807640679    
62       I1         1.505239601    1.846727143    3.27858566     0.3534372038   0.04468927487  2.631645173    3.448515501    2.086015148    0.809932461    
63       I1         0.5144262091   2.689725624    2.741246095    0.9575132077   0.8629435835   9.006293536    1.403687279    2.378034994    2.469906571    
64       I1         1.88843912     1.47684756     3.282973026    0.4844471541   0.8928641198   6.124559585    3.160608938    1.225224278    1.417953705    
65       I1         0.6158441461   2.6877406      3.979006456    0.6890713407   0.2176088771   2.571069128    1.599352301    3.343770872    2.191358088    
66       I1         0.39845222     2.673454282    3.217801873    0.594645732    0.3027026087   2.389447736    1.546078346    3.396018735    2.159370703    
67       I1         1.324356168    2.282828503    3.140613029    0.9105767505   0.6084285145   1.905774743    3.311063793    2.769704454    1.796685892    
68       I1         1.112249205    2.232347639    3.711363838    0.1423160262   0.7943040718   3.161734854    3.010601391    2.778143438    0.989258394    
69       I1         0.7856290043   2.095049203    2.996022772    0.1397966434   0.807958624    3.506294406    3.205029226    2.591336595    1.260439044    
70       I1         1.13489634     1.201716412    4.266933182    0.152770079    0.3787398946   5.308717337    1.090770128    1.9561265      2.19864415     
71       I1         0.4552595495   2.664262274    4.382333396    0.5950280336   0.964709477    0.5941868708   1.814968118    2.423435512    2.095476394    
72       I1         1.622287052    1.794869922    4.222988627    0.7390744977   0.941542642    2.28079469     1.90589796     2.359493885    1.773896574    
73       I1         1.937686949    1.684763754    3.075562603    0.7968582963   0.220584488    3.465457878    3.345000024    2.895857416    1.168711939    
74       I1         1.618362611    1.222511354    2.719834169    0.3027917464   0.9527122088   1.57776624     2.509368311    2.752908861    1.628494963    
75       I1         1.406987481    1.328667274    4.460416691    0.588488354    0.4302886432   1.28832285     2.804740768    1.582097928    1.584891799    
76       I1         1.921550885    2.462764673    4.311366217    0.5112211774   0.2819903394   9.082364385    1.441605389    2.442475446    2.06948377     
77       I1         1.931563387    2.61158016     3.64216882     0.1060554789   0.4123488404   6.850141074    1.914951077    2.635278735    1.392090576    
78       I1         1.024984263    1.772829532    4.191135207    0.9125552918   0.8350015658   4.166339747    1.897459978    1.129239927    2.096664379    
79       I1         0.8789505393   2.103964652    2.824612651    0.5617577824   0.08285317218  5.436145523    2.917057999    3.039884572    1.60675034     
80       I1         1.764753117    1.754827795    3.516151248    0.4342557839   0.7707287291   4.956372551    2.60466547     3.049013371    1.317388785    
81       I1         0.9059262998   1.950323918    4.04804838     0.5475402506   0.813832477    7.899259404    2.099260682    2.136034172    1.840556314    
82       I1         1.740831827    2.499003633    4.415591986    0.3617429562   0.1739787854   7.534625544    1.222673888    1.663844808    2.241210617    
83       I1         0.3351591749   1.705854979    3.45754666     0.3297835083   0.4827215116   0.1383557627   2.898298667    3.234941015    1.56355194     
84       I1         0.6677877611   2.436423644    4.068233866    0.03599679946  0.6720925495   5.044471134    2.65257171     1.881122969    1.504599006    
85       I1         0.4240566145   1.605384842    3.667595332    0.5353698492   0.2087928288   8.799554718    1.959406696    1.090845919    2.26685224     
86       I1         1.962053355    2.653075503    2.789409178    0.6853682706   0.5312512202   2.089410644    3.153146854    1.133351342    1.254590673    
87       I1         1.182398971    1.661443372    2.621126085    0.9308505921   0.6208331469   7.256774185    1.111029395    3.061432593    2.316457739    
88       I1         0.7957480231   1.173806576    2.972977533    0.127562032    0.9584592573   3.251303546    2.154174786    3.478063229    1.890762978    
89       I1         0.5702487049   1.675837711    4.446948188    0.8096779854   0.653742217    6.983470842    1.868636931    2.69185039     2.269096809    
90       I1         1.162721522    1.475532227    3.496524632    0.2011009297   0.8435021733   4.715888998    1.065052584    1.856161031    2.234085106    
91       I1         1.040563043    1.81166574     3.537894867    0.4895793974   0.07391524674  2.653942694    3.024165153    3.094863092    1.27941325     
92       I1         0.600299416    2.171886984    4.006081118    0.8583340564   0.4484366104   9.174741589    3.128904574    2.309204157    2.252932829    
93       I1         0.6401521459   2.480325566    4.125732872    0.4085227492   0.7289337692   3.614292698    1.930685724    2.114067419    1.819072071    
94       I1         1.645442561    1.386281804    4.489577456    0.03765811168  0.2464161253   6.634035164    2.768950355    2.217505176    0.5121486673   
95       I1         1.107474017    1.563813263    4.278076749    0.3136359659   0.2935083771   5.275197541    2.903199835    3.194220867    0.4178886978   
96       I1         1.670202853    2.50296565     3.968111588    0.5377850523   0.827400762    2.183137175    2.207458896    1.633826458    1.512456099    
97       I1         0.4304851418   2.668874854    4.012869763    0.7660642874   0.1214055083   7.187073331    3.359789056    1.142390552    2.35569598     
98       I1         1.126024947    2.564005466    4.43791119     0.8608480364   0.1505513559   4.727184153    1.04606843     1.252843642    2.350060087    
99       I1         0.6098356177   2.455724537    2.888551602    0.0903694521   0.5788924596   5.774861325    1.097642455    2.014075479    1.999761595    
100      I1         1.690483718    1.522818988    3.481052509    0.9169635703   0.685109752    1.059934205    2.02915257     2.196103292    1.769830702    
101      I1         1.266159008    1.535255594    3.178457219    0.7643935641   0.7841465648   0.6063780837   1.340808712    2.426668627    2.203394211    
102      I1         1.578140663    1.783104062    3.54214926     0.8392264346   0.7054546704   6.710055755    1.474446234    1.105445557    2.0808181      
103      I1         0.4737196634   1.740200609    4.340212492    0.6817590328   0.633732568    9.767570232    2.562418642    1.515243163    2.206897181    
104      I1         1.382954783    1.029610094    2.628772169    0.2944660222   0.09677803858  3.289680331    2.145568572    1.080440081    1.470700531    
105      I1         0.8352697815   2.215010462    3.764382356    0.3908718751   0.5857182627   7.772486148    3.470998266    2.827554259    1.411758612    
106      I1         0.9621420747   2.538197415    3.349998568    0.3579996258   0.2375262317   5.736727176    2.944974689    1.522777782    1.738867385    
107      I1         1.225710618    1.963526746    3.59973603     0.989453186    0.607010724    8.654259139    3.381077879    1.971433464    1.930068863    
108      I1         0.4976089969   1.987294004    4.20024087     0.07396129374  0.3931840479   6.409110143    3.081848135    2.43486567     0.3783841489   
109      I1         1.422242053    1.259956569    3.530301182    0.2099069187   0.7659888071   2.999869278    1.607700684    1.419699664    1.911877089    
110      I1         1.72488636     1.576814556    3.357614425    0.9358103204   0.4473012554   9.548449799    2.749416291    2.401883743    1.592538735    
111      I1         1.564016217    2.129963821    4.284302384    0.5279734897   0.6156617733   7.662693208    2.065274884    1.724899099    1.586719689    
112      I1         0.7113794074   1.850722746    2.693563229    0.3832702037   0.9310201391   1.957400108    3.40027001     1.245559558    1.992110094    
113      I1         1.600285292    1.995419009    3.859167714    0.3334357705   0.9190928976   3.991173488    3.050855004    2.49836251     1.300721922    
114      I1         0.3830346702   1.116056146    4.374703127    0.7772854328   0.836560833    2.946877912    2.636583707    2.035187039    2.330659513    
115      I1         0.9445149779   1.299671974    2.549313107    0.1094647061   0.9267890524   7.751662791    3.479283269    2.322506905    1.78051662     
116      I1         1.701964074    1.303784423    2.737443737    0.9197970148   0.9713532722   8.751343945    1.512162257    1.926072213    2.064098988    
117      I1         1.230764125    1.643923416    4.077979364    0.06021600091  0.9379771955   7.15887715     3.102060641    2.860353168    1.525892182    
118      I1         0.3177406747   1.717746796    3.21120112     0.03961106068  0.739563675    0.4383188587   2.971264849    2.684188337    1.34051911     
119      I1         1.665250111    2.013724513    3.33756519     0.1350522446   0.8969460614   7.407846489    1.392631896    2.990559283    1.997826774    
120      I1         0.4792202012   2.51442489     4.08083248     0.7502022129   0.03575032858  2.505893795    2.859344672    3.247583164    2.221245379    
121      I1         0.408544849    1.96163696     2.518656767    0.09506460568  0.6674393617   5.133200276    1.857987569    3.203180992    1.308040381    
122      I1         0.4175703839   1.382261558    4.413056666    0.9711978667   0.7807575394   6.440097854    2.982602896    3.219664226    2.454756156    
123      I1         1.269443469    1.457724002    2.57275019     0.768180211    0.3251547208   3.013930012    3.440100491    3.119847745    1.70889894     
124      I1         1.098367723    2.680127378    2.906036344    0.1861942359   0.08592714136  4.884283603    3.388996575    2.251663395    1.024993648    
125      I1         0.9931211435   2.600075591    3.998975956    0.4563962076   0.7065786773   8.569121207    2.988478439    2.841516475    1.412380608    
126      I1         0.9821751427   1.588301778    3.13492306     0.2345873294   0.5424318474   6.296109337    3.006983899    1.96069881     1.448067077    
127      I1         1.990996676    1.41831238     4.353231216    0.5638427568   0.5132588444   3.177402617    2.782450497    2.372001712    1.089079093    
128      I1         1.682335925    1.823230549    3.068165516    0.02456168552  0.7113755041   4.019669975    2.431475731    2.868630388    1.092940574    
129      I1         1.82491466     1.591783969    3.860473881    0.9063060078   0.3380955784   4.999514334    1.182338469    3.340906641    2.269825174    
130      I1         1.518732135    1.629118409    2.538278452    0.8532681676   0.1685791455   9.526076387    2.418465654    2.651543135    1.671802266    
131      I1         0.973829551    1.550618968    3.325752487    0.8179985224   0.6889461185   5.682692331    1.204817825    1.204925547    2.29498973     
132      I1         1.708819711    1.239487442    4.028099965    0.7218329044   0.2536875913   1.149210547    3.273656866    1.183673362    1.376631392    
133      I1         0.4433185135   1.43332527     2.641115736    0.8351751549   0.02848347457  9.990094479    2.613947314    1.740149438    2.346103487    
134      I1         1.200518864    2.35817213     2.599265732    0.8496504772   0.01337837752  2.891081887    1.658034061    2.024156873    2.045446474    
135      I1         1.841418893    2.333158098    4.01903848     0.2863724592   0.9622850424   3.486612735    2.258941039    2.238241584    1.299615812    
136      I1         1.722002096    2.161198875    3.609136604    0.1448942896   0.3148766168   7.310678901    3.423253803    2.558012703    0.5993119117   
137      I1         1.751218561    2.555003389    2.804628639    0.4033144509   0.5846141512   4.801508251    1.037207481    1.381929179    2.355437958    
138      I1         1.868473146    1.952210491    4.300944502    0.2528676024   0.714725534    5.787673809    1.001621239    1.274803476    2.382774798    
139      I1         1.589566797    1.423331016    3.898699169    0.668142229    0.509737054    1.696533584    1.718019718    3.225887387    1.866763819    
140      I1         1.948251375    1.880140909    4.454172702    0.5748104646   0.05394717492  1.857627286    2.627786828    2.559837649    0.3656651739   
141      I1         1.542088596    2.201317947    2.976308004    0.1681824529   0.5109124987   8.296674237    2.583368745    1.912816022    1.127979712    
142      I1         0.3131261282   1.231727704    3.18661111     0.6238800601   0.3414620436   3.812652926    1.759161241    1.545250241    2.291081618    
143      I1         1.979905971    1.806078942    2.605669016    0.7246198575   0.4707808031   9.688580275    1.671585959    2.331733285    1.897541051    
144      I1         1.310439953    1.487285369    2.757391787    0.4149177055   0.6568343862   6.895136135    1.702350809    3.448161694    1.79728259     
145      I1         1.608771412    2.226407977    3.34417956     0.6010773471   0.1250539843   0.8712048423   2.857879381    2.107063431    1.194784508    
146      I1         1.340856682    1.236657754    4.478762658    0.4782339761   0.8500911906   2.073431759    2.390442615    1.733278122    1.750637124    
147      I1         1.998319731    1.816862121    3.584868323    0.1569038732   0.5220185425   6.104156355    1.47547493     3.408527915    2.023158693    
148      I1         0.8535962471   1.780657403    2.672121545    0.05814758281  0.6994658029   3.558779445    1.53496941     3.466391752    1.539335506    
149      I1         0.7603459946   1.51774427     2.808007965    0.09380691351  0.1597277525   6.688892982    2.847176678    1.688532865    1.317654604    
150      I1         0.7805910733   2.324481988    3.951384311    0.05397155562  0.2666295428   1.544169539    2.410876968    2.292174524    0.453673833    
151      I1         0.787877155    1.072841677    2.875069965    0.179527658    0.459415704    5.877084206    1.737073229    1.989544108    1.718142092    
152      I1         0.5570628343   1.034365161    2.581990262    0.4984778558   0.8223547415   4.675868525    1.279143474    1.351512375    2.304773885    
153      I1         0.9154537974   1.31261729     3.314757769    0.5249688643   0.7282635288   9.807148281    1.193195169    3.285560582    2.216085234    
154      I1         0.8066862593   2.327072205    4.497385341    0.2749906241   0.2025505396   1.20806615     2.673313704    2.045882765    0.8171593971   
155      I1         1.479476688    1.394356037    3.20471397     0.4360845678   0.8820383405   6.266903658    2.218883641    2.28910495     1.673686985    
156      I1         1.144801891    2.635292786    2.983373812    0.8055794563   0.03002443055  7.03016898     3.233827472    1.631609265    1.848257902    
157      I1         1.151278613    1.614103081    4.292586158    0.9378834073   0.02603853883  1.393663158    2.824598703    1.669988901    1.943631657    
158      I1         0.719191177    1.749257324    3.253518959    0.9315443773   0.9684807231   2.271706462    2.229634502    2.276303189    2.244780767    
159      I1         1.574434238    2.590534515    3.006847077    0.7909367982   0.06335144982  4.247479126    2.525981301    2.96108724     1.510187038    
160      I1         0.3107108767   1.124789684    4.105667461    0.1822568941   0.3355639597   3.302655049    1.490517732    1.596049626    1.960476404    
161      I1         1.428226823    1.648557062    2.941309496    0.8202279181   0.1177522271   0.5511667692   1.317125486    2.614833702    2.212717684    
162      I1         0.3902345162   2.530528148    3.151201792    0.2482968935   0.2999623596   1.040583558    3.07356733     3.174512681    1.082638718    
163      I1         0.9241843732   2.607205399    3.447680515    0.3374150785   0.279182846    6.763594913    1.026485822    1.848369524    2.278650923    
164      I1         0.5744913194   2.644110444    2.702744019    0.4156345467   0.3741075441   0.9747690129   1.354347043    2.160588461    2.076785458    
165      I1         0.5303073602   2.000874494    3.260898568    0.6350235686   0.6425564559   0.6281363281   1.184937914    3.165056853    2.291697413    
166      I1         1.507471669    1.40414358     4.371764867    0.9033250825   0.3221937678   1.941395209    1.576151478    3.208521763    2.046795236    
167      I1         0.6609580598   2.372407311    4.037871506    0.282446083    0.7329755853   1.989780196    1.500558745    2.599396139    1.727241765    
168      I1         0.9537959759   2.165513297    3.491418829    0.6318941159   0.949165208    0.3973248431   2.689356423    1.399156411    1.946037887    
169      I1         1.811396034    1.051939886    3.084757358    0.4631838113   0.1013074441   6.01519677     2.088695206    1.937153458    1.353921457    
170      I1         1.674256652    1.545416253    4.406230546    0.4686115266   0.5031211313   3.105402687    1.882513269    3.384256645    1.627906775    
171      I1         0.7357388406   2.133923259    3.326822502    0.5540566055   0.5185026592   7.585434032    3.090544016    1.308054637    2.003549702    
172      I1         1.254082153    1.686736869    3.123302953    0.8847277457   0.5671904152   5.955674479    2.279363941    3.252977327    1.876180676    
173      I1         1.80468192     1.181177565    2.666142613    0.2228202545   0.2877460165   8.334224322    2.878425189    1.094410435    1.150248339    
174      I1         0.6729906473   1.442057733    3.097604414    0.6022610977   0.2602711335   8.24717916     2.664880824    1.010142733    2.113967699    
175      I1         0.866175135    2.353332986    4.13262006     0.9795582233   0.2098740821   1.010521473    2.55694486     1.236715447    2.183202924    
176      I1         0.3052678245   2.578719527    3.100025495    0.6297198519   0.7516442785   9.199591692    2.0700329      1.173553491    2.35219306     
177      I1         1.101323509    1.511267464    3.391570594    0.1134234945   0.15576903     8.703049179    2.131953858    2.530530063    0.7377211648   
178      I1         1.870099175    2.637878489    3.128993032    0.2729217598   0.4931008605   3.745943433    2.009567014    2.533601941    1.343080575    
179      I1         1.452181115    2.477854227    2.85479035     0.8944457742   0.2340491312   7.283779674    3.223977752    1.060414952    1.729131652    
180      I1         0.4689079693   1.767639995    4.314317134    0.100521532    0.5760678983   7.027733153    1.615097097    1.645028268    1.859660841    
181      I1         1.301021493    1.322749343    4.042251232    0.5146411477   0.2448017307   2.34359497     3.322483215    2.907393981    1.251529747    
182      I1         0.3540151082   2.288418569    3.885662293    0.507708016    0.1849948652   1.231381987    3.297357431    1.155328901    2.284706953    
183      I1         1.860860465    1.693992783    3.910475407    0.03232881701  0.4874712745   5.814931171    1.752894144    1.776115201    1.699757713    
184      I1         1.467821931    1.105283673    4.393020831    0.4223373309   0.3997498947   6.315550258    1.134577945    2.812112862    2.24593975     
185      I1         1.69721588     1.368306792    3.03283948     0.01761344909  0.2317561964   9.33223508     3.357357405    2.784557048    0.7434636184   
186      I1         0.872472806    2.447268904    3.113606452    0.7047729654   0.1628758786   3.090635965    1.626046344    1.901372925    2.11540932     
187      I1         0.8114660747   2.660330014    2.948627563    0.6702249147   0.9142553178   0.9222992184   2.574820401    2.52179607     1.899485336    
188      I1         1.492923017    2.694562258    3.693600047    0.2506824008   0.6796230876   8.62880349     2.446361673    1.175135339    1.580895615    
189      I1         0.937441218    2.25008588     2.563463878    0.1033801179   0.5735897937   9.053510048    3.243481794    1.752707267    1.48915418     
190      I1         0.7724829562   1.623563135    4.334839097    0.7994510876   0.9325752491   9.442576294    2.047124486    2.476331397    2.140267182    
191      I1         1.557081237    1.875005895    3.788768941    0.4439054183   0.8604976298   0.3257977483   1.457105575    2.052800766    2.038478629    
192      I1         1.347496987    1.146068176    4.095182904    0.676848485    0.2576233267   3.876418288    1.368960192    1.218294135    2.134477676    
193      I1         1.052531105    1.448917371    4.237773043    0.6064637601   0.3632845532   2.456995337    2.18375314     1.565052783    1.838318606    
194      I1         1.969316018    1.425525521    4.166435226    0.04631572826  0.06917312631  0.803349096    3.147121145    1.918856538    0.6850064377   
195      I1         1.335763744    1.338449556    3.984371269    0.4393065005   0.5642428646   3.940408519    1.155739705    1.531041733    2.229305594    
196      I1         0.6218146609   2.112643846    3.549718539    0.8661838949   0.5233939486   8.584118857    1.460551876    1.502462384    2.359950845    
197      I1         0.519434217    1.022174469    3.439605621    0.9243459712   0.6635464248   0.6846961195   2.374188924    2.119979409    2.364841195    
198      I1         1.908649771    1.542045094    3.246093392    0.5763089343   0.9883526835   2.837997409    1.445860462    2.847355335    2.094502458    
199      I1         1.015064302    2.044425839    3.831236871    0.9698528934   0.1790726062   5.318249909    2.434446248    1.709532016    2.072046295    
200      I1         0.869678216    2.407301197    2.591160766    0.2212320219   0.8581902132   2.418285222    2.484000237    3.030054494    1.169278092    
201      I1         1.748286095    1.597078326    3.006263884    0.2089163743   0.3909964414   4.365068302    1.982777018    1.281118921    1.537748883    
202      I1         1.373481817    2.267059179    3.639907075    0.5665403297   0.8994223175   0.5155318816   1.529097193    1.676098353    2.01315947     
203      I1         1.614376697    2.106105563    4.440692207    0.2257529178   0.5982216018   7.789316642    1.591318896    3.359483351    1.749880908    
204      I1         1.850647614    1.276145037    3.060427032    0.5227558373   0.6290082472   4.058018758    3.327272653    2.87656138     1.218865687    
205      I1         1.836356129    1.90839714     4.145470396    0.2605007178   0.6908226698   9.893005244    2.87143989     2.661461078    0.8372085442   
206      I1         0.3443498047   2.066444463    4.135486143    0.2398713653   0.8255057529   7.064042437    3.111064988    1.445902362    2.018012175    
207      I1         1.171461564    1.720055247    4.180923743    0.1717771929   0.3434151444   6.216627951    2.759534361    2.341144695    0.417095971    
208      I1         1.131380639    1.408394001    3.961198443    0.3991976672   0.1985287257   2.025216672    1.120290672    2.742180263    2.22906839     
209      I1         0.7999073836   1.206270639    4.360787384    0.7740396554   0.1376139005   6.352420219    3.255199615    3.139612559    2.031208028    
210      I1         0.6741398318   1.162088808    2.767248125    0.3205776368   0.4067010932   5.162715657    1.259489469    1.792332947    2.083490668    
211      I1         0.5783994492   1.138117183    3.903464658    0.0138220575   0.1952555708   3.91128993     1.272784412    2.929783932    1.244596021    
212      I1         1.434442838    1.283147972    4.116854075    0.7860742005   0.1890601572   1.593846828    1.865408501    2.392343823    1.839094707    
213      I1         0.728718011    2.148702014    4.23019236     0.2674938073   0.4780046208   1.276621057    2.057926537    2.701188449    1.299037776    
214      I1         0.8192857502   1.340093733    3.419812513    0.3947952275   0.07719894133  6.766951214    1.780841718    3.473491156    1.600702498    
215      I1         1.815934321    1.461686529    4.251926883    0.3438077843   0.5544699285   8.960502068    3.065255811    1.485167692    1.157346001    
216      I1         0.7074897604   2.049813049    3.304219489    0.6421091236   0.1201212604   5.524604038    1.946876391    1.335024105    2.130036454    
217      I1         0.7675012623   1.400965242    3.574528517    0.7599331456   0.8887746462   1.373626406    2.648130001    3.309157224    2.098400075    
218      I1         0.6296351808   2.208117891    2.83496418     0.6520493137   0.5953864639   7.375963574    2.134421948    1.619660636    2.109912261    
219      I1         0.7196277594   1.169199313    2.841873065    0.2689075142   0.2156810159   4.447244152    1.428436597    2.996596436    1.75696565     
220      I1         1.876269462    1.937680794    4.421940351    0.3857637516   0.6961344583   2.777260348    2.518181823    3.186761642    1.118582284    
221      I1         1.559430362    2.543200157    2.687332496    0.3961759723   0.805928482    1.447753494    1.666097965    2.463793211    1.73719786     
222      I1         1.783188645    2.06095185     3.373360849    0.1205591682   0.5475262182   0.241138325    2.161512037    2.504812524    1.1168616      
223      I1         1.911398778    1.285348205    3.784201027    0.6646589952   0.1659209448   2.596206367    1.326716649    3.265437414    2.183488167    
224      I1         1.659968719    1.371707752    4.207658737    0.07736213041  0.1446908839   8.415995466    3.120410618    2.572149963    0.6881114977   
225      I1         0.5094663364   2.120810807    2.992332302    0.8314936832   0.3331156004   7.868435783    2.076376343    3.143017965    2.3117618      
226      I1         0.8884118105   2.37031698     3.443101497    0.7102397642   0.5517586627   0.1095228706   1.409865042    1.41230151     2.266546991    
227      I1         1.498235502    1.763486224    3.756594181    0.8700867974   0.356885533    7.465637508    2.332507761    3.156081998    1.712312048    
228      I1         0.4921449078   1.010688332    3.554404698    0.5006140939   0.3617422335   9.273599008    3.411552897    3.35714094     1.948249208    
229      I1         1.117992494    2.488531847    3.954929593    0.1156888522   0.7594634673   4.630881637    2.709937443    1.042648812    1.78288979     
230      I1         0.3677524232   1.189323103    3.868783827    0.1646286199   0.2417438303   6.175578454    2.54342476     1.874189532    1.158112244    
231      I1         1.250014581    2.529878567    2.93227432     0.1586357021   0.4105007558   3.411606954    1.349083296    1.434243829    2.062509875    
232      I1         1.069000019    1.926213285    2.851202478    0.6251937004   0.1065470813   4.504271809    2.005978744    3.325646255    1.73420546     
233      I1         0.8480205554   2.298393316    3.03564899     0.465210757    0.622309483    1.63161365     2.890978104    1.53743792     1.850087379    
234      I1         1.987353195    2.391765973    2.674299496    0.4751500174   0.812421547    6.827758737    2.393861539    1.114278104    1.425844973    
235      I1         1.474533859    2.273852932    3.195114581    0.3419970723   0.9848527638   9.849586199    2.034118778    1.804392924    1.578530394    
236      I1         1.092924469    2.347031718    3.461227053    0.8802523054   0.979447786    6.399624598    2.96616941     1.943476169    1.926415671    
237      I1         1.758476031    1.941346502    3.63207404     0.7362907138   0.3533398499   8.893932136    1.995923004    2.389286753    1.645363264    
238      I1         0.8414926297   2.422904768    2.528631855    0.2421199327   0.2956648772   7.978424054    1.360166142    2.621275583    1.790609727    
239      I1         1.315604476    2.522935073    2.815005329    0.3768789556   0.6483402606   0.275446016    2.342573154    1.315299118    1.691758177    
240      I1         1.257981942    1.197083982    3.469245654    0.876164382    0.7373991272   5.220264853    3.462024267    1.428491502    1.864406125    
241      I1         1.280854117    2.619524521    4.08921173     0.2294786622   0.2851235629   2.534502614    1.014254631    3.084076775    2.298490327    
242      I1         0.5014862514   1.346035666    2.934513602    0.9805095429   0.06031807634  9.035347113    2.354394372    1.705191541    2.424895138    
243      I1         1.881864559    1.090962769    3.752344211    0.5699990112   0.8014879318   8.08061807     2.123644312    2.151304808    1.620200941    
244      I1         0.9870801418   2.58541142     4.264413472    0.9569122946   0.757544596    6.59679333     3.368082352    1.811590931    2.063935733    
245      I1         0.7409346075   1.061946202    3.692109568    0.2626567102   0.7761797963   8.158161341    3.093389063    3.074190922    1.864560433    
246      I1         1.799934239    2.091183159    3.805383155    0.1869733362   0.5280954635   9.935364316    1.712747488    1.767285865    1.738485486    
247      I1         1.933004722    1.046458867    3.409406389    0.8261550649   0.603556501    8.435700196    2.787656451    3.014004926    1.411389328    
248      I1         0.5874682381   1.727952704    3.296963637    0.5316747404   0.02016356509  4.310346469    2.929888882    2.186886715    1.851511561    
249      I1         0.7461268417   1.109985789    3.593232741    0.8162194583   0.9077946181   5.870925088    2.477539512    2.914440764    2.176456366    
250      I1         0.5937185563   2.23575481     3.876091411    0.8873828238   0.2682707875   3.042521913    1.519098458    3.402387101    2.368926365    
251      I1         0.6501714999   1.502985028    4.196549783    0.7156196559   0.4967438265   4.563016676    1.77103213     1.825856824    2.19464723     
252      I1         1.296228928    1.867335465    4.218569711    0.2810816412   0.8759965862   4.78116836     3.037056762    2.211916722    1.466290187    
253      I1         1.464084269    1.865102614    3.778708329    0.4727462276   0.6360603293   7.623043751    2.243003414    3.113128373    1.441588501    
254      I1         1.857817526    2.175444903    3.819235255    0.9752273023   0.6746964876   7.717283805    2.2945428      1.980553407    1.617307773    
255      I1         1.822802265    1.833095461    2.830048849    0.5394486182   0.6438213597   1.113506027    1.847829181    2.343669545    1.715564971    
256      I1         1.3490471      1.654378836    2.908180833    0.7558619954   0.182428131    2.118319626    2.108004096    2.797410481    1.731643317    
257      I1         1.550696324    1.558553607    4.297124512    0.4191608878   0.3700228634   1.845591962    3.489893899    1.997363397    0.545552628    
258      I1         0.8563423004   1.487467654    2.544647477    0.9614109575   0.05124040972  0.701920532    1.313900634    2.307406288    2.346571887    
259      I1         0.8936899455   1.359935892    4.397440051    0.05106478175  0.8857831008   9.929435802    1.73296427     1.602324691    1.907210259    
260      I1         1.415755904    2.126531714    3.824234156    0.4313628953   0.320086903    8.095700615    1.921338824    1.073844788    1.76503923     
261      I1         0.5489412889   1.266991593    2.520144982    0.7479293057   0.07942275114  8.370357904    1.17345003     3.430714476    2.379416621    
262      I1         1.076181637    2.402522684    2.50197392     0.1493129      0.6631821369   4.124835472    1.693124574    1.481663572    1.823011075    
263      I1         1.212023774    1.186086906    2.576428011    0.06244660579  0.8745567966   6.043796498    2.503245116    2.229120089    1.712560097    
264      I1         1.288003539    1.120258727    3.190784844    0.9534866534   0.9830281785   1.458145766    1.819137968    1.372612875    2.034620179    
265      I1         1.636678545    1.310918435    2.726943377    0.4476728921   0.1311815475   6.001678038    1.834735672    1.027055018    1.691143457    
266      I1         1.23714383     2.419043855    4.25617578     0.3476104215   0.191096213    6.52304944     1.422243749    1.024926943    2.100856862    
267      I1         1.05919981     1.353113064    3.506186554    0.7351553244   0.3294683232   2.681876318    1.212281635    2.172766012    2.266087339    
268      I1         0.5420655705   1.985846631    4.064944398    0.04404286758  0.6396143959   6.953071345    1.390362506    2.069432619    1.702648304    
269      I1         0.36004142     1.790683409    3.929824668    0.8012678524   0.8833437898   8.861973182    2.360791691    3.006776598    2.332715694    
270      I1         1.651440729    1.527044211    3.653744343    0.9844407052   0.7502055389   4.846555464    2.910332854    3.456802693    1.656883862    
271      I1         0.4301140715   1.802122459    3.845312261    0.3203010297   0.3871736439   5.567548951    2.319904806    3.105729302    1.491401688    
272      I1         0.3734655823   1.831704451    3.427281611    0.02088740981  0.05784624219  8.818446818    1.160345849    2.131057701    1.551079441    
273      I1         1.538629173    1.07842609     3.395581343    0.6923296241   0.465508111    4.063302564    2.465765395    1.163120034    1.620354427    
274      I1         0.6957140961   2.459660638    4.172137493    0.7522225039   0.04071712417  0.8342739093   3.138695567    2.682615667    2.08019446     
275      I1         0.3285586371   1.157178291    3.732907637    0.5852573008   0.1413102393   1.779648702    2.536759611    2.489953605    2.094597808    
276      I1         1.683075573    2.397986451    2.782108588    0.8130420474   0.5694610568   9.773474863    1.379363737    3.129949977    2.125030047    
277      I1         0.9989670997   1.100195685    3.048511995    0.2934147745   0.9372722994   2.35856479     3.498405599    2.850472546    1.884910361    
278      I1         1.730353726    1.219835666    3.370947356    0.3513967573   0.09428000369  7.822289279    1.067733821    2.804449675    2.338326676    
279      I1         1.192182611    2.086270055    4.357918419    0.78766895     0.842247825    8.538878684    3.193581599    1.572091987    1.829286526    
280      I1         0.460359321    1.664203842    3.717211402    0.6396962211   0.7934731076   3.585673627    1.939175983    2.00085292     2.170950496    
281      I1         0.3949104709   2.254104281    3.362561772    0.6090147236   0.2644768829   1.813236371    2.16818102     2.719632103    2.081126953    
282      I1         0.8971714963   2.547458364    3.617691695    0.5440634302   0.3985872561   3.665753972    2.18230542     1.405590614    1.948294169    
283      I1         0.7579706501   1.732391951    2.615440332    0.7065912886   0.5895334026   4.934930773    2.110244726    1.053804211    2.135408169    
284      I1         1.046500615    1.015258679    2.710066259    0.6160442773   0.4965381045   0.7424392947   1.079653216    1.468210805    2.324590501    
285      I1         0.6847636401   2.191445607    3.510254339    0.8742615238   0.5329572475   8.194513123    2.837037025    1.46611595     2.221623345    
286      I1         1.275950592    1.496423881    2.635728609    0.6112363957   0.5429176497   1.740474131    2.706674091    2.945032852    1.631341016    
287      I1         1.592116285    2.512240563    2.612978149    0.8399888113   0.2239289244   0.3695975357   2.826130043    1.298031831    1.619773139    
288      I1         0.4859222711   2.413440626    4.48415467     0.4929807404   0.4852475744   8.050056009    1.570159858    2.971593543    1.999355894    
289      I1         0.9744128914   2.141465459    4.02533537     0.1946010934   0.4526974088   9.65776003     1.297965078    2.824418855    1.838356367    
290      I1         0.9314794921   1.509549826    3.624777989    0.9462985109   0.7228376675   2.770534601    2.956226925    2.711427414    2.10563914     
291      I1         0.4479365181   2.629135782    3.168104999    0.9264071911   0.7991067335   9.719304767    1.249022616    2.890309826    2.505611672    
292      I1         1.784835303    1.063528064    4.109591472    0.5496203686   0.01958054421  4.410688445    2.992670836    1.289431211    0.4393382457   
293      I1         1.303370076    1.265502074    3.888104274    0.7134540686   0.7468992355   8.716605469    2.214667896    1.262906097    1.841597547    
294      I1         1.085592975    1.437335597    4.154857191    0.8970061838   0.4435392042   5.371052394    1.80008991     3.382472829    2.079494332    
295      I1         1.186805977    1.580142564    3.385764139    0.8287151901   0.4161493205   6.548255037    3.265983532    2.148916167    1.83552661     
296      I1         0.6263816946   2.221495105    3.794201365    0.6968460319   0.7171644045   9.604909417    2.696259644    3.300972205    2.029379352    
297      I1         1.956310536    1.67081122     4.469608268    0.6742736568   0.4242836668   3.783799195    1.675449878    1.55805025     1.883048132    
298      I1         0.9177023502   1.892177349    2.657896966    0.3140481537   0.4200881004   0.2008739061   1.794064947    2.177712024    1.679233094    
299      I1         0.3762842491   1.024249216    2.761519739    0.2175845276   0.7724180491   9.301918015    2.740645832    1.652233814    2.058748178    
300      I1         0.3485504418   1.74754868     3.665054857    0.6578579263   0.7855111937   7.516776562    1.787865248    2.735927215    2.229089611    
301      I1         1.170987654    2.332716049    4.495884774    0.1894650206   0.2580246914   3.37962963     3.001028807    3.052469136    0.4882591781   
302      I1         0.8701646091   1.563168724    4.495884774    0.02814814815  0.2338271605   6.638888889    2.6718107      2.682098765    0.5193395517   
303      I1         1.807613169    1.829012346    4.495884774    0.3346502058   0.1249382716   4.072222222    3.114197531    2.208847737    0.4826812561   
304      I1         1.436831276    1.570164609    4.462962963    0.2055967078   0.2338271605   5.172222222    3.021604938    3.402263374    0.5288954274   
305      I1         1.968518519    1.563168724    3.829218107    0.3064197531   0.3185185185   0.1203703704   3.206790123    2.6718107      0.5929163988   
306      I1         1.170987654    1.759053498    4.495884774    0.2136625514   0.2217283951   1.138888889    2.651234568    2.784979424    0.3706470913   
307      I1         0.5133744856   2.290740741    4.364197531    0.06444444444  0.3346502058   9.97962963     2.74382716     2.6718107      0.3928803962   
308      I1         1.401851852    1.563168724    4.438271605    0.2701234568   0.3185185185   8.92037037     2.887860082    3.001028807    0.4039774297   
309      I1         0.9890946502   1.829012346    4.273662551    0.1854320988   0.286255144    4.561111111    2.877572016    2.712962963    0.3713116068   
310      I1         1.233950617    1.766049383    4.273662551    0.1894650206   0.2822222222   4.561111111    2.661522634    2.723251029    0.3802440638   
311      I1         1.233950617    1.563168724    4.495884774    0.2257613169   0.2943209877   0.1611111111   2.939300412    2.558641975    0.4143442415   
312      I1         1.066049383    1.563168724    4.495884774    0.1572016461   0.2257613169   3.338888889    2.682098765    2.404320988    0.346445188    
313      I1         1.436831276    2.136831276    3.829218107    0.2902880658   0.1975308642   3.338888889    2.805555556    3.391975309    0.4362129885   
314      I1         1.436831276    1.975925926    4.438271605    0.1854320988   0.2459259259   3.37962963     2.949588477    2.383744856    0.4198350311   
315      I1         1.436831276    1.563168724    4.265432099    0.116872428    0.08864197531  0.1203703704   2.49691358     2.342592593    0.4504611169   
316      I1         1.059053498    1.563168724    4.240740741    0.1249382716   0.1612345679   1.22037037     2.6718107      2.435185185    0.3997838692   
317      I1         1.059053498    2.136831276    4.495884774    0.08057613169  0.1854320988   0.1611111111   2.527777778    2.435185185    0.3782792175   
318      I1         1.422839506    2.542592593    3.83744856     0.01201646091  0.01201646091  0.1203703704   2.49691358     2.527777778    0.4329391423   
319      I1         1.00308642     2.514609053    4.240740741    0.09267489712  0.01201646091  0.1203703704   2.435185185    2.435185185    0.3344836635   
320      I1         1.996502058    1.577160494    4.495884774    0.5483950617   0.01201646091  6.72037037     3.237654321    2.064814815    0.4916277989   
321      I1         1.996502058    2.269753086    4.495884774    0.08057613169  0.4879012346   8.961111111    3.319958848    2.774691358    0.6953493789   
322      I1         1.087037037    1.563168724    4.495884774    0.1733333333   0.3185185185   6.72037037     2.91872428     2.49691358     0.3681404927   
323      I1         0.562345679    2.136831276    4.462962963    0.04024691358  0.2983539095   6.67962963     2.74382716     2.270576132    0.2544580707   
324      I1         0.6462962963   2.15781893     4.495884774    0.06444444444  0.2620576132   9.97962963     2.712962963    2.280864198    0.3003769987   
325      I1         1.359876543    2.136831276    4.495884774    0.330617284    0.116872428    6.761111111    2.661522634    3.422839506    0.3921508009   
326      I1         0.4853909465   2.514609053    4.495884774    0.06444444444  0.2701234568   3.37962963     2.805555556    2.404320988    0.3128552673   
327      I1         0.6812757202   2.353703704    4.216049383    0.01201646091  0.2701234568   6.67962963     2.682098765    2.394032922    0.3282866936   
328      I1         1.212962963    2.164814815    4.273662551    0.2176954733   0.01604938272  8.92037037     2.62037037     2.6718107      0.4135262299   
329      I1         0.9820987654   2.136831276    4.240740741    0.2217283951   0.01201646091  4.683333333    2.661522634    3.494855967    0.472892772    
330      I1         0.8981481481   2.521604938    4.430041152    0.01201646091  0.01201646091  4.561111111    2.12654321     2.6718107      0.3488211201   
331      I1         1.170987654    2.696502058    3.83744856     0.01201646091  0.01201646091  3.827777778    2.280864198    3.484567901    0.5557038371   
332      I1         1.191975309    2.689506173    4.495884774    0.1249382716   0.01201646091  3.461111111    2.301440329    2.6718107      0.3034387683   
333      I1         1.366872428    1.010493827    4.495884774    0.2983539095   0.02814814815  4.927777778    2.661522634    3.361111111    0.4300602431   
334      I1         1.212962963    2.136831276    4.495884774    0.1249382716   0.01201646091  4.561111111    2.311728395    2.949588477    0.4312193019   
335      I1         1.996502058    2.696502058    2.512345679    0.01201646091  0.01201646091  5.172222222    3.237654321    3.484567901    0.8411044312   
336      I1         1.045061728    2.696502058    4.067901235    0.1209053498   0.01201646091  3.461111111    2.394032922    2.774691358    0.35196932     
337      I1         1.045061728    1.010493827    3.829218107    0.2257613169   0.116872428    6.883333333    2.836419753    3.494855967    0.4433062261   
338      I1         1.108024691    2.696502058    3.170781893    0.01201646091  0.3346502058   6.761111111    2.805555556    3.484567901    0.7103919865   
339      I1         1.996502058    2.689506173    2.709876543    0.01201646091  0.3346502058   6.761111111    3.083333333    2.6718107      0.7142643547   
340      I1         1.996502058    2.689506173    3.154320988    0.3346502058   0.01201646091  6.761111111    3.494855967    3.484567901    0.6811201116   
341      I1         1.996502058    2.696502058    3.16255144     0.2943209877   0.01201646091  6.761111111    2.990740741    2.682098765    0.6077503091   
342      I1         1.15           2.136831276    3.829218107    0.2822222222   0.01201646091  7.861111111    3.268518519    3.494855967    0.503779782    
343      I1         1.996502058    2.696502058    3.541152263    0.1612345679   0.6088888889   5.416666667    3.391975309    3.494855967    0.7220998792   
344      I1         1.821604938    2.689506173    4.495884774    0.3346502058   0.4475720165   3.37962963     3.361111111    2.404320988    0.4710690698   
345      I1         1.996502058    1.003497942    3.83744856     0.01201646091  0.3669135802   5.172222222    3.083333333    2.280864198    0.5956650024   
346      I1         1.996502058    2.696502058    3.83744856     0.1612345679   0.5524279835   3.216666667    3.114197531    2.435185185    0.5210567352   
347      I1         1.996502058    2.521604938    4.495884774    0.5            0.01201646091  6.72037037     2.805555556    2.867283951    0.4092659434   
348      I1         1.996502058    2.696502058    3.16255144     0.4274074074   0.4032098765   7.861111111    3.494855967    2.219135802    0.8359110287   
349      I1         1.436831276    2.689506173    4.438271605    0.3185185185   0.4475720165   3.37962963     3.052469136    3.494855967    0.4506381624   
350      I1         1.436831276    2.696502058    3.62345679     0.01201646091  0.5241975309   6.72037037     3.114197531    2.805555556    0.5673300096   
351      I1         1.436831276    2.689506173    3.829218107    0.3064197531   0.3386831276   9.938888889    3.145061728    3.494855967    0.4979214516   
352      I1         1.92654321     1.199382716    4.487654321    0.3346502058   0.3386831276   5.661111111    3.494855967    2.116255144    0.5374779872   
353      I1         1.996502058    1.010493827    2.504115226    0.01201646091  0.01201646091  5.05           2.898148148    2.12654321     0.9336239944   
354      I1         1.996502058    2.696502058    4.487654321    0.3346502058   0.3427160494   3.37962963     3.083333333    3.175925926    0.5509118637   
355      I1         1.44382716     2.689506173    4.495884774    0.3185185185   0.3386831276   3.37962963     2.939300412    2.712962963    0.3847288113   
356      I1         1.177983539    2.696502058    4.487654321    0.01604938272  0.01201646091  5.661111111    2.208847737    2.37345679     0.2510013142   
357      I1         1.436831276    2.696502058    4.495884774    0.2096296296   0.4758024691   3.338888889    2.867283951    2.6718107      0.3999041127   
358      I1         1.436831276    2.696502058    3.820987654    0.1733333333   0.5483950617   3.37962963     2.805555556    3.494855967    0.51124435     
359      I1         1.716666667    2.696502058    3.829218107    0.2338271605   0.5            3.37962963     2.990740741    2.970164609    0.4986388659   
360      I1         1.996502058    1.178395062    4.495884774    0.01201646091  0.5362962963   3.338888889    2.805555556    3.494855967    0.4482454101   
361      I1         1.996502058    1.010493827    4.495884774    0.1934979424   0.5            3.338888889    2.898148148    3.494855967    0.4389221768   
362      I1         1.436831276    2.696502058    2.512345679    0.2338271605   0.01201646091  3.338888889    3.052469136    3.494855967    0.8222157042   
363      I1         1.611728395    2.696502058    4.495884774    0.2983539095   0.01201646091  0.1611111111   2.712962963    2.805555556    0.4224375969   
364      I1         1.996502058    1.003497942    3.845679012    0.01201646091  0.4637037037   2.238888889    3.145061728    3.494855967    0.5803000792   
365      I1         1.436831276    1.010493827    4.487654321    0.2257613169   0.4475720165   3.338888889    2.74382716     3.494855967    0.473134995    
366      I1         1.996502058    1.003497942    4.495884774    0.1007407407   0.4717695473   2.238888889    2.712962963    2.836419753    0.3963472845   
367      I1         1.996502058    1.010493827    4.495884774    0.2217283951   0.4516049383   2.238888889    2.949588477    2.6718107      0.4519484985   
368      I1         1.996502058    1.563168724    4.495884774    0.1128395062   0.5967901235   0.1203703704   2.836419753    3.206790123    0.5202424649   
369      I1         1.632716049    1.010493827    4.273662551    0.3346502058   0.3386831276   5.538888889    2.959876543    3.494855967    0.425242351    
370      I1         1.996502058    1.003497942    3.895061728    0.1249382716   0.4758024691   5.905555556    2.784979424    3.227366255    0.4966391902   
371      I1         1.996502058    1.003497942    4.495884774    0.1007407407   0.4879012346   3.37962963     2.774691358    2.280864198    0.4105776296   
372      I1         1.44382716     1.010493827    4.495884774    0.01201646091  0.4112757202   2.238888889    3.494855967    2.12654321     0.4698989203   
373      I1         1.024074074    2.689506173    4.273662551    0.2257613169   0.330617284    6.761111111    2.661522634    3.494855967    0.4345376458   
374      I1         1.052057613    2.696502058    4.495884774    0.05234567901  0.01201646091  4.561111111    2.188271605    2.37345679     0.2321957965   
375      I1         1.695679012    1.003497942    4.495884774    0.1652674897   0.4879012346   2.238888889    3.494855967    2.12654321     0.4687638637   
376      I1         1.436831276    1.954938272    4.495884774    0.01201646091  0.4758024691   2.972222222    2.949588477    2.37345679     0.4427784545   
377      I1         1.996502058    2.122839506    4.495884774    0.01201646091  0.5            1.138888889    3.494855967    1.941358025    0.5853628386   
378      I1         1.807613169    2.080864198    4.495884774    0.1612345679   0.4516049383   0.1203703704   2.949588477    2.280864198    0.4986951905   
379      I1         1.996502058    1.010493827    3.829218107    0.3346502058   0.01201646091  3.461111111    2.774691358    2.589506173    0.4651170676   
380      I1         1.996502058    1.010493827    3.179012346    0.2217283951   0.01201646091  4.438888889    3.494855967    2.661522634    0.7422140433   
381      I1         1.800617284    1.003497942    3.829218107    0.3346502058   0.1612345679   5.661111111    2.990740741    2.116255144    0.4653120748   
382      I1         1.996502058    1.010493827    2.512345679    0.3346502058   0.01201646091  3.338888889    3.175925926    1.838477366    0.9472621499   
383      I1         1.996502058    1.003497942    3.606995885    0.1612345679   0.1612345679   4.683333333    2.682098765    2.661522634    0.4827408022   
384      I1         1.751646091    1.003497942    3.829218107    0.1854320988   0.3185185185   2.727777778    3.217078189    2.12654321     0.5033802673   
385      I1         1.996502058    1.003497942    3.154320988    0.2338271605   0.01201646091  6.394444444    2.959876543    3.494855967    0.6267105324   
386      I1         1.996502058    1.010493827    2.504115226    0.2297942387   0.2943209877   6.027777778    3.175925926    3.494855967    0.9863173763   
387      I1         1.996502058    1.003497942    2.504115226    0.2096296296   0.2983539095   6.761111111    2.805555556    2.25           1.004146868    
388      I1         1.436831276    2.696502058    4.388888889    0.2257613169   0.4516049383   6.761111111    3.494855967    2.280864198    0.4153353188   
389      I1         1.800617284    1.003497942    4.495884774    0.01201646091  0.5524279835   9.694444444    3.206790123    2.12654321     0.4906841367   
390      I1         1.800617284    1.003497942    4.495884774    0.3185185185   0.5241975309   6.761111111    3.494855967    3.494855967    0.5071977501   
391      I1         1.996502058    2.689506173    3.820987654    0.01201646091  0.01201646091  3.338888889    2.6718107      3.484567901    0.5623215069   
392      I1         1.492798354    1.003497942    4.495884774    0.1249382716   0.5483950617   6.761111111    3.422839506    3.494855967    0.5019125045   
393      I1         1.996502058    1.003497942    4.495884774    0.01604938272  0.6572839506   8.961111111    3.206790123    3.494855967    0.5251617428   
394      I1         1.77962963     1.003497942    4.495884774    0.1612345679   0.5524279835   9.938888889    3.052469136    3.494855967    0.4707144926   
395      I1         1.44382716     1.003497942    4.495884774    0.01201646091  0.5362962963   6.761111111    3.494855967    2.62037037     0.473767617    
396      I1         1.989506173    1.003497942    4.495884774    0.01201646091  0.6088888889   0.2833333333   3.237654321    2.6718107      0.5706771796   
397      I1         1.632716049    1.003497942    4.495884774    0.2257613169   0.5120987654   3.338888889    3.494855967    2.959876543    0.4812420575   
398      I1         1.436831276    1.808024691    4.495884774    0.2983539095   0.3427160494   6.761111111    3.494855967    2.280864198    0.4078036096   
399      I1         1.716666667    1.954938272    4.043209877    0.2741563786   0.4919341564   6.72037037     3.494855967    2.25           0.517599523    
400      I1         0.8631687243   1.010493827    4.495884774    0.2257613169   0.3064197531   5.538888889    3.268518519    3.494855967    0.4468266294   
%eval_id interface log__t_efold_shallow log__t_efold_soil log__t_efold_karst f_exfiltration_shallow f_exfiltration_soil PDD_melt_factor log__H0_pdm_shallow log__H0_pdm_soil neg_kge        
401      I1         1.052057613    2.696502058    4.495884774    0.05234567901  0.01201646091  4.561111111    2.188271605    2.37345679     0.2321957965   
402      I1         1.222057613    2.696502058    4.495884774    0.05234567901  0.01201646091  4.561111111    2.188271605    2.37345679     0.2349612118   
403      I1         1.052057613    2.696502058    4.495884774    0.150345679    0.01201646091  4.561111111    2.188271605    2.37345679     0.2626102952   
404      I1         1.052057613    2.696502058    4.495884774    0.05234567901  0.1100164609   4.561111111    2.188271605    2.37345679     0.2411655466   
405      I1         1.052057613    2.696502058    4.495884774    0.05234567901  0.01201646091  5.551111111    2.188271605    2.37345679     0.2402829718   
406      I1         1.052057613    2.696502058    4.495884774    0.05234567901  0.01201646091  4.561111111    2.438271605    2.37345679     0.2594247286   
407      I1         1.052057613    2.696502058    4.495884774    0.05234567901  0.01201646091  4.561111111    2.188271605    2.62345679     0.2959918691   
408      I1         0.8820576132   2.696502058    4.495884774    0.05234567901  0.01201646091  4.561111111    2.188271605    2.37345679     0.2408349696   
409      I1         1.052057613    2.526502058    4.495884774    0.05234567901  0.01201646091  4.561111111    2.188271605    2.37345679     0.2428101011   
410      I1         1.052057613    2.696502058    4.295884774    0.05234567901  0.01201646091  4.561111111    2.188271605    2.37345679     0.2318041897   
411      I1         1.052057613    2.696502058    4.495884774    0.05234567901  0.01201646091  3.571111111    2.188271605    2.37345679     0.2267792983   
412      I1         1.052057613    2.696502058    4.495884774    0.05234567901  0.01201646091  4.561111111    1.938271605    2.37345679     0.2857276388   
413      I1         1.052057613    2.696502058    4.495884774    0.05234567901  0.01201646091  4.561111111    2.188271605    2.12345679     0.2420522158   
414      I1         1.137057613    2.696502058    4.495884774    0.05234567901  0.01201646091  4.561111111    2.188271605    2.37345679     0.2326241988   
415      I1         1.052057613    2.696502058    4.495884774    0.101345679    0.01201646091  4.561111111    2.188271605    2.37345679     0.2404029844   
416      I1         1.052057613    2.696502058    4.495884774    0.05234567901  0.06101646091  4.561111111    2.188271605    2.37345679     0.2354611354   
417      I1         1.052057613    2.696502058    4.495884774    0.05234567901  0.01201646091  5.056111111    2.188271605    2.37345679     0.2362737903   
418      I1         1.052057613    2.696502058    4.495884774    0.05234567901  0.01201646091  4.561111111    2.313271605    2.37345679     0.2424893526   
419      I1         1.052057613    2.696502058    4.495884774    0.05234567901  0.01201646091  4.561111111    2.188271605    2.49845679     0.2593992655   
420      I1         0.9670576132   2.696502058    4.495884774    0.05234567901  0.01201646091  4.561111111    2.188271605    2.37345679     0.2344149211   
421      I1         1.052057613    2.611502058    4.495884774    0.05234567901  0.01201646091  4.561111111    2.188271605    2.37345679     0.2363844433   
422      I1         1.052057613    2.696502058    4.395884774    0.05234567901  0.01201646091  4.561111111    2.188271605    2.37345679     0.2364803651   
423      I1         1.052057613    2.696502058    4.495884774    0.05234567901  0.01201646091  4.066111111    2.188271605    2.37345679     0.2292622102   
424      I1         1.052057613    2.696502058    4.495884774    0.05234567901  0.01201646091  4.561111111    2.063271605    2.37345679     0.2416900772   
425      I1         1.052057613    2.696502058    4.495884774    0.05234567901  0.01201646091  4.561111111    2.188271605    2.24845679     0.2232626701   
426      I1         1.137057613    2.696502058    4.495884774    0.05234567901  0.01201646091  4.561111111    2.188271605    2.24845679     0.2180879643   
427      I1         1.052057613    2.696502058    4.495884774    0.101345679    0.01201646091  4.561111111    2.188271605    2.24845679     0.2471891681   
428      I1         1.052057613    2.696502058    4.495884774    0.05234567901  0.06101646091  4.561111111    2.188271605    2.24845679     0.2324866282   
429      I1         1.052057613    2.696502058    4.495884774    0.05234567901  0.01201646091  5.056111111    2.188271605    2.24845679     0.2266310913   
430      I1         1.052057613    2.696502058    4.495884774    0.05234567901  0.01201646091  4.561111111    2.313271605    2.24845679     0.2187114575   
431      I1         0.9670576132   2.696502058    4.495884774    0.05234567901  0.01201646091  4.561111111    2.188271605    2.24845679     0.2335682354   
432      I1         1.052057613    2.611502058    4.495884774    0.05234567901  0.01201646091  4.561111111    2.188271605    2.24845679     0.2207307138   
433      I1         1.052057613    2.696502058    4.395884774    0.05234567901  0.01201646091  4.561111111    2.188271605    2.24845679     0.2317559258   
434      I1         1.052057613    2.696502058    4.495884774    0.05234567901  0.01201646091  4.066111111    2.188271605    2.24845679     0.2204460167   
435      I1         1.052057613    2.696502058    4.495884774    0.05234567901  0.01201646091  4.561111111    2.063271605    2.24845679     0.2517756022   
436      I1         1.222057613    2.696502058    4.495884774    0.05234567901  0.01201646091  4.561111111    2.188271605    2.24845679     0.2167706404   
437      I1         1.137057613    2.696502058    4.495884774    0.101345679    0.01201646091  4.561111111    2.188271605    2.24845679     0.2359057828   
438      I1         1.137057613    2.696502058    4.495884774    0.05234567901  0.06101646091  4.561111111    2.188271605    2.24845679     0.2258095982   
439      I1         1.137057613    2.696502058    4.495884774    0.05234567901  0.01201646091  5.056111111    2.188271605    2.24845679     0.2215989129   
440      I1         1.137057613    2.696502058    4.495884774    0.05234567901  0.01201646091  4.561111111    2.313271605    2.24845679     0.219065966    
441      I1         1.137057613    2.611502058    4.495884774    0.05234567901  0.01201646091  4.561111111    2.188271605    2.24845679     0.2178152972   
442      I1         1.137057613    2.696502058    4.395884774    0.05234567901  0.01201646091  4.561111111    2.188271605    2.24845679     0.2253457534   
443      I1         1.137057613    2.696502058    4.495884774    0.05234567901  0.01201646091  4.066111111    2.188271605    2.24845679     0.2153961226   
444      I1         1.137057613    2.696502058    4.495884774    0.05234567901  0.01201646091  4.561111111    2.063271605    2.24845679     0.2439109807   
445      I1         1.137057613    2.696502058    4.495884774    0.05234567901  0.01201646091  4.561111111    2.188271605    2.12345679     0.2265333437   
446      I1         1.222057613    2.696502058    4.495884774    0.05234567901  0.01201646091  4.066111111    2.188271605    2.24845679     0.214142144    
447      I1         1.137057613    2.696502058    4.495884774    0.101345679    0.01201646091  4.066111111    2.188271605    2.24845679     0.2334307798   
448      I1         1.137057613    2.696502058    4.495884774    0.05234567901  0.06101646091  4.066111111    2.188271605    2.24845679     0.2233089623   
449      I1         1.137057613    2.696502058    4.495884774    0.05234567901  0.01201646091  4.066111111    2.313271605    2.24845679     0.2168670386   
450      I1         1.137057613    2.696502058    4.495884774    0.05234567901  0.01201646091  4.066111111    2.188271605    2.37345679     0.2298043612   
451      I1         1.137057613    2.611502058    4.495884774    0.05234567901  0.01201646091  4.066111111    2.188271605    2.24845679     0.2151398406   
452      I1         1.137057613    2.696502058    4.395884774    0.05234567901  0.01201646091  4.066111111    2.188271605    2.24845679     0.2227899469   
453      I1         1.137057613    2.696502058    4.495884774    0.05234567901  0.01201646091  3.571111111    2.188271605    2.24845679     0.2134454724   
454      I1         1.137057613    2.696502058    4.495884774    0.05234567901  0.01201646091  4.066111111    2.063271605    2.24845679     0.2408173598   
455      I1         1.137057613    2.696502058    4.495884774    0.05234567901  0.01201646091  4.066111111    2.188271605    2.12345679     0.2241123594   
456      I1         1.179557613    2.696502058    4.495884774    0.05234567901  0.01201646091  4.066111111    2.188271605    2.24845679     0.2143278038   
457      I1         1.137057613    2.696502058    4.495884774    0.07684567901  0.01201646091  4.066111111    2.188271605    2.24845679     0.2229262327   
458      I1         1.137057613    2.696502058    4.495884774    0.05234567901  0.03651646091  4.066111111    2.188271605    2.24845679     0.2190109077   
459      I1         1.137057613    2.696502058    4.495884774    0.05234567901  0.01201646091  4.313611111    2.188271605    2.24845679     0.2167053562   
460      I1         1.137057613    2.696502058    4.495884774    0.05234567901  0.01201646091  4.066111111    2.250771605    2.24845679     0.2138476234   
461      I1         1.137057613    2.696502058    4.495884774    0.05234567901  0.01201646091  4.066111111    2.188271605    2.31095679     0.2202460904   
462      I1         1.094557613    2.696502058    4.495884774    0.05234567901  0.01201646091  4.066111111    2.188271605    2.24845679     0.2174312051   
463      I1         1.137057613    2.654002058    4.495884774    0.05234567901  0.01201646091  4.066111111    2.188271605    2.24845679     0.2149294426   
464      I1         1.137057613    2.696502058    4.445884774    0.05234567901  0.01201646091  4.066111111    2.188271605    2.24845679     0.200150052    
465      I1         1.137057613    2.696502058    4.495884774    0.02784567901  0.01201646091  4.066111111    2.188271605    2.24845679     0.2105727905   
466      I1         1.137057613    2.696502058    4.495884774    0.05234567901  0.01201646091  3.818611111    2.188271605    2.24845679     0.2143296211   
467      I1         1.137057613    2.696502058    4.495884774    0.05234567901  0.01201646091  4.066111111    2.125771605    2.24845679     0.2237233459   
468      I1         1.137057613    2.696502058    4.495884774    0.05234567901  0.01201646091  4.066111111    2.188271605    2.18595679     0.2163176644   
469      I1         1.179557613    2.696502058    4.445884774    0.05234567901  0.01201646091  4.066111111    2.188271605    2.24845679     0.2010120639   
470      I1         1.137057613    2.696502058    4.445884774    0.07684567901  0.01201646091  4.066111111    2.188271605    2.24845679     0.2025102822   
471      I1         1.137057613    2.696502058    4.445884774    0.05234567901  0.03651646091  4.066111111    2.188271605    2.24845679     0.2009864373   
472      I1         1.137057613    2.696502058    4.445884774    0.05234567901  0.01201646091  4.313611111    2.188271605    2.24845679     0.2016467729   
473      I1         1.137057613    2.696502058    4.445884774    0.05234567901  0.01201646091  4.066111111    2.250771605    2.24845679     0.2022162785   
474      I1         1.137057613    2.696502058    4.445884774    0.05234567901  0.01201646091  4.066111111    2.188271605    2.31095679     0.2104530598   
475      I1         1.094557613    2.696502058    4.445884774    0.05234567901  0.01201646091  4.066111111    2.188271605    2.24845679     0.2002013035   
476      I1         1.137057613    2.654002058    4.445884774    0.05234567901  0.01201646091  4.066111111    2.188271605    2.24845679     0.2012902537   
477      I1         1.137057613    2.696502058    4.445884774    0.02784567901  0.01201646091  4.066111111    2.188271605    2.24845679     0.2004005498   
478      I1         1.137057613    2.696502058    4.445884774    0.05234567901  0.01201646091  3.818611111    2.188271605    2.24845679     0.1988814847   
479      I1         1.137057613    2.696502058    4.445884774    0.05234567901  0.01201646091  4.066111111    2.125771605    2.24845679     0.204721575    
480      I1         1.137057613    2.696502058    4.445884774    0.05234567901  0.01201646091  4.066111111    2.188271605    2.18595679     0.1948658869   
481      I1         1.179557613    2.696502058    4.445884774    0.05234567901  0.01201646091  4.066111111    2.188271605    2.18595679     0.1940530867   
482      I1         1.137057613    2.696502058    4.445884774    0.07684567901  0.01201646091  4.066111111    2.188271605    2.18595679     0.2010779204   
483      I1         1.137057613    2.696502058    4.445884774    0.05234567901  0.03651646091  4.066111111    2.188271605    2.18595679     0.1972294168   
484      I1         1.137057613    2.696502058    4.445884774    0.05234567901  0.01201646091  4.313611111    2.188271605    2.18595679     0.1963049165   
485      I1         1.137057613    2.696502058    4.445884774    0.05234567901  0.01201646091  4.066111111    2.250771605    2.18595679     0.1922779475   
486      I1         1.094557613    2.696502058    4.445884774    0.05234567901  0.01201646091  4.066111111    2.188271605    2.18595679     0.1970168657   
487      I1         1.137057613    2.654002058    4.445884774    0.05234567901  0.01201646091  4.066111111    2.188271605    2.18595679     0.1946229418   
488      I1         1.137057613    2.696502058    4.395884774    0.05234567901  0.01201646091  4.066111111    2.188271605    2.18595679     0.2260049757   
489      I1         1.137057613    2.696502058    4.445884774    0.02784567901  0.01201646091  4.066111111    2.188271605    2.18595679     0.1915855824   
490      I1         1.137057613    2.696502058    4.445884774    0.05234567901  0.01201646091  3.818611111    2.188271605    2.18595679     0.1937230034   
491      I1         1.137057613    2.696502058    4.445884774    0.05234567901  0.01201646091  4.066111111    2.125771605    2.18595679     0.2047010596   
492      I1         1.137057613    2.696502058    4.445884774    0.05234567901  0.01201646091  4.066111111    2.188271605    2.12345679     0.1961994923   
493      I1         1.179557613    2.696502058    4.445884774    0.02784567901  0.01201646091  4.066111111    2.188271605    2.18595679     0.1921463494   
494      I1         1.137057613    2.696502058    4.495884774    0.02784567901  0.01201646091  4.066111111    2.188271605    2.18595679     0.2078515102   
495      I1         1.137057613    2.696502058    4.445884774    0.02784567901  0.03651646091  4.066111111    2.188271605    2.18595679     0.192666347    
496      I1         1.137057613    2.696502058    4.445884774    0.02784567901  0.01201646091  4.313611111    2.188271605    2.18595679     0.1930628576   
497      I1         1.137057613    2.696502058    4.445884774    0.02784567901  0.01201646091  4.066111111    2.250771605    2.18595679     0.1914863725   
498      I1         1.094557613    2.696502058    4.445884774    0.02784567901  0.01201646091  4.066111111    2.188271605    2.18595679     0.1922115158   
499      I1         1.137057613    2.654002058    4.445884774    0.02784567901  0.01201646091  4.066111111    2.188271605    2.18595679     0.1922386197   
500      I1         1.137057613    2.696502058    4.395884774    0.02784567901  0.01201646091  4.066111111    2.188271605    2.18595679     0.2160238211   
501      I1         1.137057613    2.696502058    4.445884774    0.02784567901  0.01201646091  3.818611111    2.188271605    2.18595679     0.1903691705   
502      I1         1.137057613    2.696502058    4.445884774    0.02784567901  0.01201646091  4.066111111    2.125771605    2.18595679     0.1986526972   
503      I1         1.137057613    2.696502058    4.445884774    0.02784567901  0.01201646091  4.066111111    2.188271605    2.12345679     0.1891823281   
504      I1         1.179557613    2.696502058    4.445884774    0.02784567901  0.01201646091  4.066111111    2.188271605    2.12345679     0.187529924    
505      I1         1.137057613    2.696502058    4.495884774    0.02784567901  0.01201646091  4.066111111    2.188271605    2.12345679     0.2122143889   
506      I1         1.137057613    2.696502058    4.445884774    0.02784567901  0.03651646091  4.066111111    2.188271605    2.12345679     0.1919592278   
507      I1         1.137057613    2.696502058    4.445884774    0.02784567901  0.01201646091  4.313611111    2.188271605    2.12345679     0.1906065231   
508      I1         1.137057613    2.696502058    4.445884774    0.02784567901  0.01201646091  4.066111111    2.250771605    2.12345679     0.184012103    
509      I1         1.094557613    2.696502058    4.445884774    0.02784567901  0.01201646091  4.066111111    2.188271605    2.12345679     0.1924218902   
510      I1         1.137057613    2.654002058    4.445884774    0.02784567901  0.01201646091  4.066111111    2.188271605    2.12345679     0.1881659345   
511      I1         1.137057613    2.696502058    4.395884774    0.02784567901  0.01201646091  4.066111111    2.188271605    2.12345679     0.2228646595   
512      I1         1.137057613    2.696502058    4.445884774    0.02784567901  0.01201646091  3.818611111    2.188271605    2.12345679     0.1881179063   
513      I1         1.137057613    2.696502058    4.445884774    0.02784567901  0.01201646091  4.066111111    2.125771605    2.12345679     0.2015912143   
514      I1         1.137057613    2.696502058    4.445884774    0.02784567901  0.01201646091  4.066111111    2.188271605    2.06095679     0.1941444451   
515      I1         1.222057613    2.696502058    4.445884774    0.02784567901  0.01201646091  4.066111111    2.250771605    2.12345679     0.1855844296   
516      I1         1.137057613    2.696502058    4.445884774    0.07684567901  0.01201646091  4.066111111    2.250771605    2.12345679     0.1961899806   
517      I1         1.137057613    2.696502058    4.445884774    0.02784567901  0.06101646091  4.066111111    2.250771605    2.12345679     0.1887531435   
518      I1         1.137057613    2.696502058    4.445884774    0.02784567901  0.01201646091  4.561111111    2.250771605    2.12345679     0.1867148147   
519      I1         1.137057613    2.696502058    4.445884774    0.02784567901  0.01201646091  4.066111111    2.375771605    2.12345679     0.1881663949   
520      I1         1.137057613    2.696502058    4.445884774    0.02784567901  0.01201646091  4.066111111    2.250771605    2.24845679     0.2048469722   
521      I1         1.052057613    2.696502058    4.445884774    0.02784567901  0.01201646091  4.066111111    2.250771605    2.12345679     0.1886887186   
522      I1         1.137057613    2.611502058    4.445884774    0.02784567901  0.01201646091  4.066111111    2.250771605    2.12345679     0.18496961     
523      I1         1.137057613    2.696502058    4.345884774    0.02784567901  0.01201646091  4.066111111    2.250771605    2.12345679     0.1815227763   
524      I1         1.137057613    2.696502058    4.445884774    0.02784567901  0.01201646091  3.571111111    2.250771605    2.12345679     0.1819872959   
525      I1         1.137057613    2.696502058    4.445884774    0.02784567901  0.01201646091  4.066111111    2.250771605    1.99845679     0.1922269538   
526      I1         1.179557613    2.696502058    4.445884774    0.02784567901  0.01201646091  4.066111111    2.250771605    2.12345679     0.1842022197   
527      I1         1.137057613    2.696502058    4.495884774    0.02784567901  0.01201646091  4.066111111    2.250771605    2.12345679     0.2037284514   
528      I1         1.137057613    2.696502058    4.445884774    0.05234567901  0.01201646091  4.066111111    2.250771605    2.12345679     0.1886865803   
529      I1         1.137057613    2.696502058    4.445884774    0.02784567901  0.03651646091  4.066111111    2.250771605    2.12345679     0.1858949344   
530      I1         1.137057613    2.696502058    4.445884774    0.02784567901  0.01201646091  4.313611111    2.250771605    2.12345679     0.1853234266   
531      I1         1.137057613    2.696502058    4.445884774    0.02784567901  0.01201646091  4.066111111    2.313271605    2.12345679     0.1843351555   
532      I1         1.094557613    2.696502058    4.445884774    0.02784567901  0.01201646091  4.066111111    2.250771605    2.12345679     0.1855149339   
533      I1         1.137057613    2.654002058    4.445884774    0.02784567901  0.01201646091  4.066111111    2.250771605    2.12345679     0.1841989418   
534      I1         1.137057613    2.696502058    4.395884774    0.02784567901  0.01201646091  4.066111111    2.250771605    2.12345679     0.2133309827   
535      I1         1.137057613    2.696502058    4.445884774    0.02784567901  0.01201646091  3.818611111    2.250771605    2.12345679     0.1829039073   
536      I1         1.137057613    2.696502058    4.445884774    0.02784567901  0.01201646091  4.066111111    2.250771605    2.06095679     0.1840217045   
537      I1         1.179557613    2.696502058    4.445884774    0.02784567901  0.01201646091  3.818611111    2.250771605    2.12345679     0.183087643    
538      I1         1.137057613    2.696502058    4.495884774    0.02784567901  0.01201646091  3.818611111    2.250771605    2.12345679     0.2028458941   
539      I1         1.137057613    2.696502058    4.445884774    0.05234567901  0.01201646091  3.818611111    2.250771605    2.12345679     0.1876535704   
540      I1         1.137057613    2.696502058    4.445884774    0.02784567901  0.03651646091  3.818611111    2.250771605    2.12345679     0.1848385574   
541      I1         1.137057613    2.696502058    4.445884774    0.02784567901  0.01201646091  3.818611111    2.313271605    2.12345679     0.1832255354   
542      I1         1.137057613    2.696502058    4.445884774    0.02784567901  0.01201646091  3.818611111    2.250771605    2.18595679     0.1902643787   
543      I1         1.094557613    2.696502058    4.445884774    0.02784567901  0.01201646091  3.818611111    2.250771605    2.12345679     0.1844383165   
544      I1         1.137057613    2.654002058    4.445884774    0.02784567901  0.01201646091  3.818611111    2.250771605    2.12345679     0.1830674439   
545      I1         1.137057613    2.696502058    4.395884774    0.02784567901  0.01201646091  3.818611111    2.250771605    2.12345679     0.2125248677   
546      I1         1.137057613    2.696502058    4.445884774    0.02784567901  0.01201646091  3.818611111    2.250771605    2.06095679     0.1830766527   
547      I1         1.179557613    2.696502058    4.445884774    0.02784567901  0.01201646091  3.571111111    2.250771605    2.12345679     0.1821444818   
548      I1         1.137057613    2.696502058    4.495884774    0.02784567901  0.01201646091  3.571111111    2.250771605    2.12345679     0.2021615238   
549      I1         1.137057613    2.696502058    4.445884774    0.05234567901  0.01201646091  3.571111111    2.250771605    2.12345679     0.1868238619   
550      I1         1.137057613    2.696502058    4.445884774    0.02784567901  0.03651646091  3.571111111    2.250771605    2.12345679     0.1839770853   
551      I1         1.137057613    2.696502058    4.445884774    0.02784567901  0.01201646091  3.571111111    2.313271605    2.12345679     0.1822635909   
552      I1         1.137057613    2.696502058    4.445884774    0.02784567901  0.01201646091  3.571111111    2.250771605    2.18595679     0.1891949761   
553      I1         1.094557613    2.696502058    4.445884774    0.02784567901  0.01201646091  3.571111111    2.250771605    2.12345679     0.1835651772   
554      I1         1.137057613    2.654002058    4.445884774    0.02784567901  0.01201646091  3.571111111    2.250771605    2.12345679     0.1821177825   
555      I1         1.137057613    2.696502058    4.395884774    0.02784567901  0.01201646091  3.571111111    2.250771605    2.12345679     0.2119160881   
556      I1         1.137057613    2.696502058    4.445884774    0.02784567901  0.01201646091  3.323611111    2.250771605    2.12345679     0.1813457772   
557      I1         1.137057613    2.696502058    4.445884774    0.02784567901  0.01201646091  3.571111111    2.188271605    2.12345679     0.1872917393   
558      I1         1.137057613    2.696502058    4.445884774    0.02784567901  0.01201646091  3.571111111    2.250771605    2.06095679     0.182364896    
559      I1         1.179557613    2.696502058    4.445884774    0.02784567901  0.01201646091  3.323611111    2.250771605    2.12345679     0.1814581352   
560      I1         1.137057613    2.696502058    4.495884774    0.02784567901  0.01201646091  3.323611111    2.250771605    2.12345679     0.2017598002   
561      I1         1.137057613    2.696502058    4.445884774    0.05234567901  0.01201646091  3.323611111    2.250771605    2.12345679     0.1862863921   
562      I1         1.137057613    2.696502058    4.445884774    0.02784567901  0.03651646091  3.323611111    2.250771605    2.12345679     0.1833948344   
563      I1         1.137057613    2.696502058    4.445884774    0.02784567901  0.01201646091  3.323611111    2.313271605    2.12345679     0.1815206857   
564      I1         1.137057613    2.696502058    4.445884774    0.02784567901  0.01201646091  3.323611111    2.250771605    2.18595679     0.1883461082   
565      I1         1.094557613    2.696502058    4.445884774    0.02784567901  0.01201646091  3.323611111    2.250771605    2.12345679     0.1829800166   
566      I1         1.137057613    2.654002058    4.445884774    0.02784567901  0.01201646091  3.323611111    2.250771605    2.12345679     0.1814313787   
567      I1         1.137057613    2.696502058    4.395884774    0.02784567901  0.01201646091  3.323611111    2.250771605    2.12345679     0.2115896484   
568      I1         1.137057613    2.696502058    4.445884774    0.02784567901  0.01201646091  3.076111111    2.250771605    2.12345679     0.1808832803   
569      I1         1.137057613    2.696502058    4.445884774    0.02784567901  0.01201646091  3.323611111    2.188271605    2.12345679     0.1867998688   
570      I1         1.137057613    2.696502058    4.445884774    0.02784567901  0.01201646091  3.323611111    2.250771605    2.06095679     0.1819838361   
571      I1         1.158307613    2.696502058    4.445884774    0.02784567901  0.01201646091  3.323611111    2.250771605    2.12345679     0.1811787028   
572      I1         1.137057613    2.696502058    4.470884774    0.02784567901  0.01201646091  3.323611111    2.250771605    2.12345679     0.1776301142   
573      I1         1.137057613    2.696502058    4.445884774    0.04009567901  0.01201646091  3.323611111    2.250771605    2.12345679     0.1834638831   
574      I1         1.137057613    2.696502058    4.445884774    0.02784567901  0.02426646091  3.323611111    2.250771605    2.12345679     0.1822477941   
575      I1         1.137057613    2.696502058    4.445884774    0.02784567901  0.01201646091  3.447361111    2.250771605    2.12345679     0.1816090345   
576      I1         1.137057613    2.696502058    4.445884774    0.02784567901  0.01201646091  3.323611111    2.282021605    2.12345679     0.1808604474   
577      I1         1.137057613    2.696502058    4.445884774    0.02784567901  0.01201646091  3.323611111    2.250771605    2.15470679     0.1839652769   
578      I1         1.115807613    2.696502058    4.445884774    0.02784567901  0.01201646091  3.323611111    2.250771605    2.12345679     0.1820050067   
579      I1         1.137057613    2.675252058    4.445884774    0.02784567901  0.01201646091  3.323611111    2.250771605    2.12345679     0.18132054     
580      I1         1.137057613    2.696502058    4.420884774    0.02784567901  0.01201646091  3.323611111    2.250771605    2.12345679     0.1929522653   
581      I1         1.137057613    2.696502058    4.445884774    0.01559567901  0.01201646091  3.323611111    2.250771605    2.12345679     0.179911888    
582      I1         1.137057613    2.696502058    4.445884774    0.02784567901  0.01201646091  3.199861111    2.250771605    2.12345679     0.1811247128   
583      I1         1.137057613    2.696502058    4.445884774    0.02784567901  0.01201646091  3.323611111    2.219521605    2.12345679     0.1832422942   
584      I1         1.137057613    2.696502058    4.445884774    0.02784567901  0.01201646091  3.323611111    2.250771605    2.09220679     0.1806615002   
585      I1         1.158307613    2.696502058    4.470884774    0.02784567901  0.01201646091  3.323611111    2.250771605    2.12345679     0.178418783    
586      I1         1.137057613    2.696502058    4.495884774    0.02784567901  0.01201646091  3.323611111    2.250771605    2.12345679     0.2017598002   
587      I1         1.137057613    2.696502058    4.470884774    0.04009567901  0.01201646091  3.323611111    2.250771605    2.12345679     0.177738699    
588      I1         1.137057613    2.696502058    4.470884774    0.02784567901  0.02426646091  3.323611111    2.250771605    2.12345679     0.1771942903   
589      I1         1.137057613    2.696502058    4.470884774    0.02784567901  0.01201646091  3.447361111    2.250771605    2.12345679     0.1779606719   
590      I1         1.137057613    2.696502058    4.470884774    0.02784567901  0.01201646091  3.323611111    2.282021605    2.12345679     0.1782502197   
591      I1         1.137057613    2.696502058    4.470884774    0.02784567901  0.01201646091  3.323611111    2.250771605    2.15470679     0.1822830367   
592      I1         1.115807613    2.696502058    4.470884774    0.02784567901  0.01201646091  3.323611111    2.250771605    2.12345679     0.1773209624   
593      I1         1.137057613    2.675252058    4.470884774    0.02784567901  0.01201646091  3.323611111    2.250771605    2.12345679     0.1781165267   
594      I1         1.137057613    2.696502058    4.470884774    0.01559567901  0.01201646091  3.323611111    2.250771605    2.12345679     0.1781578967   
595      I1         1.137057613    2.696502058    4.470884774    0.02784567901  0.01201646091  3.199861111    2.250771605    2.12345679     0.1773266451   
596      I1         1.137057613    2.696502058    4.470884774    0.02784567901  0.01201646091  3.323611111    2.219521605    2.12345679     0.1783640709   
597      I1         1.137057613    2.696502058    4.470884774    0.02784567901  0.01201646091  3.323611111    2.250771605    2.09220679     0.1747021463   
598      I1         1.158307613    2.696502058    4.470884774    0.02784567901  0.01201646091  3.323611111    2.250771605    2.09220679     0.1748248981   
599      I1         1.137057613    2.696502058    4.495884774    0.02784567901  0.01201646091  3.323611111    2.250771605    2.09220679     0.2047574455   
600      I1         1.137057613    2.696502058    4.470884774    0.04009567901  0.01201646091  3.323611111    2.250771605    2.09220679     0.1757432035   
601      I1         1.137057613    2.696502058    4.470884774    0.02784567901  0.02426646091  3.323611111    2.250771605    2.09220679     0.1746782825   
602      I1         1.137057613    2.696502058    4.470884774    0.02784567901  0.01201646091  3.447361111    2.250771605    2.09220679     0.174972551    
603      I1         1.137057613    2.696502058    4.470884774    0.02784567901  0.01201646091  3.323611111    2.282021605    2.09220679     0.1741061969   
604      I1         1.115807613    2.696502058    4.470884774    0.02784567901  0.01201646091  3.323611111    2.250771605    2.09220679     0.175132843    
605      I1         1.137057613    2.675252058    4.470884774    0.02784567901  0.01201646091  3.323611111    2.250771605    2.09220679     0.1747674845   
606      I1         1.137057613    2.696502058    4.470884774    0.01559567901  0.01201646091  3.323611111    2.250771605    2.09220679     0.1743290445   
607      I1         1.137057613    2.696502058    4.470884774    0.02784567901  0.01201646091  3.199861111    2.250771605    2.09220679     0.1744766597   
608      I1         1.137057613    2.696502058    4.470884774    0.02784567901  0.01201646091  3.323611111    2.219521605    2.09220679     0.1767232733   
609      I1         1.137057613    2.696502058    4.470884774    0.02784567901  0.01201646091  3.323611111    2.250771605    2.06095679     0.1736701791   
