%eval_id interface log__t_efold_shallow log__t_efold_soil log__t_efold_karst f_exfiltration_shallow f_exfiltration_soil PDD_melt_factor neg_kge        
1        I1         0.6881199015   1.090187553    3.395581343    0.3091048798   0.5953864639   9.719304767    1.736817486    
2        I1         1.969316018    1.846727143    2.824612651    0.7102397642   0.8255057529   6.59679333     1.233909549    
3        I1         1.857817526    1.794869922    2.615440332    0.8583340564   0.136307493    3.991173488    1.320915594    
4        I1         0.973829551    1.880140909    3.236266154    0.9795582233   0.537096675    4.504271809    2.088137388    
5        I1         1.361125029    1.772829532    2.510864016    0.7782062663   0.7991067335   0.5155318816   1.706828085    
6        I1         0.872472806    1.290716929    4.04804838     0.02456168552  0.6360603293   8.751343945    1.210349906    
7        I1         0.5570628343   2.086270055    3.653744343    0.8847277457   0.5565208168   1.447753494    2.288233519    
8        I1         1.144801891    1.189323103    4.360787384    0.4094759667   0.2999623596   1.28832285     0.8286777252   
9        I1         1.269443469    1.51774427     4.105667461    0.5574533339   0.2877460165   3.411606954    1.356701602    
10       I1         1.112249205    1.96163696     2.725188637    0.3513967573   0.9190928976   1.177112345    1.475680632    
11       I1         0.3237088733   2.61158016     3.63207404     0.78766895     0.9546232434   8.334224322    2.336660716    
12       I1         1.628908169    1.67081122     2.83496418     0.368880236    0.1890601572   8.703049179    0.9397082839   
13       I1         1.359382799    2.660330014    3.805383155    0.1350522446   0.2717204916   8.654259139    0.7961091788   
14       I1         1.326528753    2.629135782    3.537894867    0.5496203686   0.6396143959   8.49266892     1.225461211    
15       I1         0.5744913194   1.475532227    3.771107536    0.1569038732   0.2956648772   4.126543821    0.4499999649   
16       I1         1.751218561    1.963526746    2.972977533    0.4313628953   0.9713532722   7.331916469    1.297434721    
17       I1         1.990996676    1.394356037    3.984371269    0.1603838599   0.813832477    4.934930773    1.069611798    
18       I1         0.9989670997   2.007974284    3.006263884    0.4223373309   0.3027026087   6.043796498    1.254514504    
19       I1         0.4301140715   2.444789642    4.08083248     0.307045893    0.5846141512   0.3973248431   1.141949991    
20       I1         0.8114660747   1.833095461    4.028099965    0.4496035419   0.4105007558   1.593846828    1.49255984     
21       I1         1.771193562    1.901955297    4.440692207    0.9197970148   0.3787398946   4.60317251     1.489689933    
22       I1         1.600285292    2.455724537    2.992332302    0.07083899011  0.9224487796   9.391928479    1.014053537    
23       I1         1.507471669    1.213851171    3.439605621    0.09380691351  0.2819903394   8.370357904    0.6617126597   
24       I1         0.6677877611   1.816862121    3.314757769    0.8202279181   0.05784624219  8.861973182    2.165118576    
25       I1         1.614376697    1.511267464    3.282973026    0.7479293057   0.02848347457  9.035347113    1.320279025    
26       I1         1.444278275    1.149679854    3.941439147    0.8487916483   0.04916239375  1.696533584    1.620831966    
27       I1         0.4859222711   2.382780579    2.797400905    0.8287151901   0.4302886432   2.858188311    2.277575999    
28       I1         1.583172998    1.448917371    4.135486143    0.3027917464   0.3331156004   4.124835472    0.5114147411   
29       I1         0.6741398318   1.40414358     3.665054857    0.3947952275   0.6425564559   5.451772094    1.723905739    
30       I1         0.9821751427   2.381482366    4.415591986    0.1717771929   0.9023741      9.767570232    0.9466581426   
31       I1         0.3351591749   2.29651723     4.264413472    0.1586357021   0.2417438303   2.089410644    0.5400033394   
32       I1         1.682335925    1.875005895    2.789409178    0.06864317479  0.3931840479   1.857627286    0.9706097181   
33       I1         1.324356168    2.191445607    2.628772169    0.8661838949   0.8014879318   9.688580275    1.76568187     
34       I1         1.860860465    1.74754868     3.287586518    0.594645732    0.9087467498   2.271706462    1.323727762    
35       I1         0.9080263691   1.461686529    3.03564899     0.7156196559   0.1597277525   9.604909417    1.861917746    
36       I1         1.186805977    2.635292786    3.443101497    0.4782339761   0.7373991272   6.266903658    1.214243587    
37       I1         1.381827444    1.400965242    3.21120112     0.5249688643   0.1177522271   3.745943433    1.139154319    
38       I1         1.799934239    2.126531714    3.868783827    0.179527658    0.7516442785   6.766951214    0.6960840303   
39       I1         0.787877155    2.462764673    2.815005329    0.100521532    0.220584488    6.165109595    0.7715087087   
40       I1         1.301021493    2.397986451    4.207658737    0.1911231965   0.4617170534   6.763594913    0.6291784353   
41       I1         0.7724829562   1.07842609     3.742895652    0.128473036    0.5517586627   4.331382158    1.397917996    
42       I1         0.7675012623   1.865102614    3.190784844    0.2578996488   0.739563675    0.4714102173   1.388884018    
43       I1         1.683075573    2.347031718    4.469608268    0.6853682706   0.2644768829   8.799554718    0.9520319741   
44       I1         1.315604476    2.226407977    3.075562603    0.9664733799   0.8469582789   3.372111183    1.851632711    
45       I1         1.254082153    1.181177565    3.491418829    0.0903694521   0.7594634673   5.736727176    1.489637413    
46       I1         1.670202853    2.689725624    2.875069965    0.2887668062   0.06031807634  8.13962312     0.7155423523   
47       I1         1.012847891    2.353332986    4.109591472    0.3203010297   0.2666295428   9.849586199    0.446946798    
48       I1         1.538629173    1.186086906    4.324691621    0.9125552918   0.633732568    2.946877912    1.687444359    
49       I1         0.8313026433   2.391765973    3.27858566     0.05106478175  0.5056121611   9.273599008    0.7487564321   
50       I1         0.5937185563   1.015258679    3.156802105    0.9308505921   0.9325752491   7.064042437    2.321197485    
51       I1         0.5369019975   1.100195685    2.996022772    0.8055794563   0.01337837752  9.301918015    2.238573107    
52       I1         0.728718011    1.831704451    3.123302953    0.1156888522   0.2751800928   1.813236371    0.7182601387   
53       I1         1.162721522    2.103964652    2.976308004    0.8802523054   0.5312512202   6.001678038    1.871604714    
54       I1         0.3285586371   1.605384842    2.576428011    0.7994510876   0.6796230876   9.174741589    2.337526683    
55       I1         0.6609580598   1.231727704    4.460416691    0.4528106755   0.2935083771   9.807148281    1.722493999    
56       I1         0.4433185135   1.952210491    4.397440051    0.1681824529   0.3128979224   6.296109337    0.4665142057   
57       I1         1.015064302    1.201716412    3.195114581    0.2366521052   0.836560833    8.449250233    1.743811924    
58       I1         1.467821931    1.146068176    3.574528517    0.6090147236   0.6156617733   8.716605469    1.569971797    
59       I1         1.892783879    2.364682212    2.687332496    0.5748104646   0.5611679837   5.870925088    1.034903104    
60       I1         1.275950592    1.423331016    4.180923743    0.3374150785   0.2317561964   9.082364385    0.4694442243   
61       I1         1.192182611    1.063528064    3.048511995    0.4929807404   0.5735897937   8.435700196    1.634861512    
62       I1         1.244751552    1.169199313    3.246093392    0.6421091236   0.4753711493   6.175578454    1.659008572    
63       I1         0.6263816946   2.27527896     3.954929593    0.8644663599   0.9830281785   3.161734854    2.219442105    
64       I1         0.866175135    1.887784017    2.752934595    0.3908718751   0.1117894441   0.1747179927   1.254737346    
65       I1         1.212023774    2.668874854    3.33756519     0.07396129374  0.2156810159   9.526076387    0.903328753    
66       I1         0.5783994492   2.578719527    3.563084631    0.9169635703   0.4326145925   0.6281363281   2.308067173    
67       I1         1.310439953    1.219835666    4.497385341    0.4727462276   0.7618330616   6.903781316    1.657630111    
68       I1         1.850647614    2.133923259    2.674299496    0.6646589952   0.9883526835   8.818446818    1.289788548    
69       I1         1.901462023    1.029610094    2.885188013    0.5035474146   0.2536875913   9.990094479    1.002677396    
70       I1         0.3177406747   1.487285369    3.229890596    0.8700867974   0.4874712745   4.45813412     2.41067603     
71       I1         1.098367723    1.299671974    4.01903848     0.5167904168   0.1446908839   8.569121207    1.343909736    
72       I1         1.79550917     2.186006007    2.737443737    0.2257529178   0.7841465648   7.868435783    1.035111401    
73       I1         1.459552999    1.987294004    2.851202478    0.9243459712   0.9684807231   7.534625544    1.7399583      
74       I1         1.88843912     1.386281804    2.621126085    0.8392264346   0.5544699285   2.35856479     1.376789843    
75       I1         0.4737196634   1.576814556    3.401677843    0.3703465277   0.8857831008   5.774861325    1.826789341    
76       I1         0.5489412889   1.806078942    2.591160766    0.6160442773   0.8833437898   0.4383188587   1.996882161    
77       I1         0.9870801418   1.285348205    3.516151248    0.4476728921   0.1081480773   5.955674479    1.225679618    
78       I1         0.719191177    2.044425839    2.672121545    0.1060554789   0.1311815475   0.6846961195   0.9030526347   
79       I1         1.979905971    1.623563135    3.992164059    0.2345873294   0.5132588444   4.78116836     0.7039203407   
80       I1         0.8563423004   2.407301197    4.042251232    0.2729217598   0.6515158266   5.524604038    0.8334931974   
81       I1         1.141522265    2.215010462    3.885662293    0.6578579263   0.603556501    1.393663158    1.592050088    
82       I1         0.7461268417   2.470183567    3.929824668    0.6817590328   0.08285317218  0.7839750314   1.917467112    
83       I1         0.9744128914   1.754827795    4.154857191    0.152770079    0.6208331469   5.484717207    0.5542724002   
84       I1         1.422242053    2.221495105    2.915172285    0.6968460319   0.04468927487  5.436145523    1.398148726    
85       I1         1.908649771    2.318754595    4.237773043    0.1241161824   0.1376139005   5.371052394    0.9427001983   
86       I1         0.551983061    1.720055247    4.222988627    0.8439753187   0.3294683232   2.571069128    2.252973591    
87       I1         0.7409346075   2.644110444    4.02533537     0.4984778558   0.827400762    8.158161341    1.582250564    
88       I1         1.740831827    1.850722746    4.037871506    0.6318941159   0.1013074441   7.990311883    0.6525304967   
89       I1         0.3734655823   2.637878489    2.710066259    0.04631572826  0.2340491312   9.36699869     0.8644811976   
90       I1         0.6098356177   1.47684756     3.530301182    0.2626567102   0.812421547    7.03016898     1.70064522     
91       I1         0.7805910733   1.162088808    2.983373812    0.6112363957   0.9372722994   3.105402687    2.038682319    
92       I1         0.7579706501   2.600075591    3.667595332    0.3438077843   0.6483402606   7.899259404    1.130348364    
93       I1         1.382954783    2.590534515    3.151201792    0.3419970723   0.03575032858  7.717283805    0.7000687517   
94       I1         0.8192857502   2.262234132    3.609136604    0.7390744977   0.2851235629   9.435916875    1.942793388    
95       I1         0.4057035626   1.124789684    3.554404698    0.01761344909  0.5424318474   0.803349096    1.23071086     
96       I1         1.131380639    2.547458364    2.549313107    0.3297835083   0.15576903     0.9747690129   1.004012721    
97       I1         1.775966423    1.926213285    3.481052509    0.4085227492   0.9466801024   0.7424392947   1.244416225    
98       I1         1.748286095    2.480325566    3.910475407    0.4686115266   0.1628758786   1.113506027    0.5674547232   
99       I1         0.8936899455   1.580142564    3.461227053    0.4439054183   0.7065786773   5.567548951    1.668650469    
100      I1         1.365941496    2.512240563    3.326822502    0.6478459703   0.8689908005   1.63161365     1.434750699    
101      I1         1.708819711    2.559012186    4.13262006     0.6396962211   0.9584592573   5.581352577    1.181961576    
102      I1         1.937686949    1.914040856    3.979006456    0.768180211    0.3251547208   0.241138325    1.049821201    
103      I1         0.8971714963   1.502985028    4.371764867    0.9534866534   0.6635464248   3.876418288    2.122430045    
104      I1         1.076181637    1.648557062    4.145470396    0.1646286199   0.4931008605   5.656863288    0.4431050053   
105      I1         1.811396034    2.298393316    3.732907637    0.7351553244   0.4435392042   0.701920532    1.140444413    
106      I1         0.7482488826   1.629118409    2.85479035     0.465210757    0.7468992355   6.983470842    1.758601126    
107      I1         1.230764125    2.282828503    3.920708269    0.1033801179   0.6290082472   3.91128993     0.6497437439   
108      I1         1.518732135    1.265502074    2.599265732    0.5475402506   0.5475262182   4.447244152    1.480019577    
109      I1         0.8066862593   2.081967787    3.721320857    0.7643935641   0.9379771955   1.323055332    1.987643524    
110      I1         0.3052678245   2.607205399    2.528631855    0.06244660579  0.5895334026   6.315550258    0.9023255654   
111      I1         0.7957480231   2.049813049    3.593232741    0.06021600091  0.0890321183   2.505893795    0.8403830414   
112      I1         1.257981942    2.267059179    3.711363838    0.8888690782   0.9170078746   1.502057478    1.82580612     
113      I1         1.101323509    1.487467654    3.112754433    0.7047729654   0.1065470813   7.623043751    1.68505499     
114      I1         1.592116285    2.529878567    3.024145158    0.8873828238   0.7228376675   1.957400108    1.565934186    
115      I1         1.151278613    1.686736869    3.362561772    0.7599331456   0.8820383405   5.939641469    1.8328342      
116      I1         0.5702487049   1.591783969    3.54214926     0.3617429562   0.3850713039   6.953071345    1.497699968    
117      I1         1.674256652    1.239487442    2.934513602    0.5006140939   0.5329572475   3.940408519    1.278318167    
118      I1         1.225710618    1.248939516    4.23019236     0.5540566055   0.1289259313   0.3257977483   1.221901265    
119      I1         1.389904313    2.623360368    3.496524632    0.2944660222   0.8745567966   5.071982654    0.864060697    
120      I1         1.406987481    1.563813263    3.447680515    0.07736213041  0.01958054421  2.171727156    0.9249345956   
121      I1         0.8352697815   1.643923416    2.50197392     0.2934147745   0.03002443055  9.583711601    1.176643193    
122      I1         0.3540151082   1.353113064    2.612978149    0.7362907138   0.807958624    3.042521913    2.272824607    
123      I1         1.527668383    1.236657754    3.898699169    0.1752551528   0.871363053    8.584118857    1.53640651     
124      I1         1.933004722    1.607062876    3.27268924     0.1493129      0.5031211313   6.850141074    0.8267527288   
125      I1         1.107474017    2.016681234    4.48415467     0.5763089343   0.3221937678   8.194513123    1.49943235     
126      I1         1.280854117    2.074017228    3.373360849    0.4631838113   0.4473012554   6.440097854    1.16978624     
127      I1         0.7074897604   1.359935892    3.674383694    0.5353698492   0.3533398499   4.166339747    1.772421549    
128      I1         0.39845222     2.161198875    2.830048849    0.03232881701  0.7282635288   3.558779445    0.9812575536   
129      I1         0.869678216    2.201317947    2.782108588    0.8944457742   0.5982216018   6.216627951    2.084263084    
130      I1         1.335763744    1.950323918    3.831236871    0.668142229    0.7171644045   2.777260348    1.560681269    
131      I1         1.3490471      1.061946202    2.666142613    0.4360845678   0.4273640679   1.740474131    1.427935907    
132      I1         0.9241843732   1.022174469    4.421940351    0.8608480364   0.03786302582  8.095700615    2.018542209    
133      I1         0.5014862514   1.740200609    2.808007965    0.6297198519   0.2576233267   2.770534601    1.968261013    
134      I1         1.288003539    1.542045094    3.084757358    0.7426416074   0.02016356509  4.801508251    1.567714519    
135      I1         1.783188645    1.522818988    4.006081118    0.7860742005   0.1849948652   1.989780196    1.221471982    
136      I1         0.9931211435   1.157178291    3.13492306     0.6742736568   0.182428131    9.548449799    1.760713809    
137      I1         1.171461564    1.303784423    3.097604414    0.6465402684   0.5220185425   2.999869278    1.705325592    
138      I1         1.876269462    2.619524521    4.340212492    0.4832078674   0.1952555708   7.516776562    0.6126073005   
139      I1         0.3902345162   1.042055073    3.647405117    0.9844407052   0.2239289244   3.177402617    2.474353743    
140      I1         0.5094663364   2.204138346    3.20471397     0.2506824008   0.465508111    5.385674145    1.092408485    
141      I1         1.340856682    1.637809805    2.741246095    0.7827888579   0.4543216541   5.133200276    1.677061005    
142      I1         0.6158441461   1.197083982    3.349998568    0.3745234011   0.07391524674  8.296674237    1.310005246    
143      I1         1.72488636     1.1350667      4.292586158    0.7134540686   0.2464161253   1.276621057    1.203314099    
144      I1         0.408544849    1.705854979    4.454172702    0.1423160262   0.6631821369   1.57776624     1.211899262    
145      I1         1.868473146    1.693992783    3.639907075    0.9485655461   0.1505513559   9.33223508     1.435441993    
146      I1         1.815934321    2.288418569    3.469245654    0.9264071911   0.1214055083   0.8712048423   1.41785864     
147      I1         1.948251375    2.493927199    3.968111588    0.9462985109   0.09428000369  9.935364316    1.3247218      
148      I1         0.9537959759   2.572289077    3.839459706    0.8162194583   0.4965381045   2.596206367    1.939677632    
149      I1         0.36004142     1.496423881    3.424068791    0.127562032    0.6908226698   5.308717337    1.458004358    
150      I1         0.7196277594   1.545416253    2.719834169    0.7558619954   0.6720925495   3.812652926    2.06118523     
151      I1         0.4360475337   1.509549826    2.761519739    0.7262102806   0.8223547415   7.952141837    2.214869903    
152      I1         0.3485504418   1.173806576    3.45754666     0.5638427568   0.09677803858  2.418285222    1.992830999    
153      I1         1.564016217    1.892177349    4.077979364    0.6064637601   0.5927817656   9.496401716    1.337730782    
154      I1         0.5303073602   1.266991593    4.374703127    0.1134234945   0.607010724    6.52304944     1.451702058    
155      I1         0.9657950803   2.459660638    3.253518959    0.2863724592   0.4692989556   3.302655049    0.8546826896   
156      I1         1.200518864    2.141465459    3.606658393    0.8970061838   0.3700228634   4.019669975    1.858230259    
157      I1         0.6558687647   1.930591487    3.692109568    0.6022610977   0.2087928288   5.162715657    1.837156934    
158      I1         0.3443498047   1.283147972    3.217801873    0.4149177055   0.2271843178   4.563016676    1.699028581    
159      I1         1.092924469    2.37031698     4.172137493    0.9105767505   0.7707287291   9.929435802    1.944861093    
160      I1         1.730353726    2.120810807    2.726943377    0.1448942896   0.9622850424   7.283779674    1.152540587    
161      I1         0.6501714999   2.056057473    4.446948188    0.8261550649   0.1790726062   2.025216672    2.171941014    
162      I1         0.7603459946   1.985846631    2.693563229    0.4257638904   0.9848527638   9.006293536    1.66927084     
163      I1         0.7357388406   1.675837711    2.605669016    0.8496504772   0.4780046208   2.681876318    2.139393344    
164      I1         0.4240566145   2.530528148    3.756594181    0.8096779854   0.1685791455   4.956372551    2.319238566    
165      I1         1.973053607    1.425525521    3.703694044    0.7300191398   0.7934731076   7.652579117    1.264709424    
166      I1         1.085592975    1.855932989    3.306796818    0.2674938073   0.3355639597   8.050056009    0.8451733592   
167      I1         0.519434217    1.222511354    4.125732872    0.7502022129   0.367962828    8.893932136    2.204964189    
168      I1         1.395449208    2.035421557    4.311366217    0.941346387    0.3871736439   4.884283603    1.771718159    
169      I1         1.177159204    1.346035666    3.617691695    0.9378834073   0.7898699603   4.630881637    1.931694335    
170      I1         1.531535246    2.030189091    2.888551602    0.3205776368   0.02603853883  4.063302564    0.8133626722   
171      I1         1.574434238    1.790683409    4.393020831    0.8399888113   0.2025505396   3.665753972    1.521088111    
172      I1         1.645442561    2.436423644    2.93227432     0.9805095429   0.4360470655   6.688892982    1.637827261    
173      I1         1.117992494    2.594591468    3.18661111     0.9033250825   0.8969460614   4.410688445    1.908513795    
174      I1         1.841418893    1.109985789    2.641115736    0.4751500174   0.4852475744   5.220264853    1.176362212    
175      I1         0.9481382881   1.457724002    4.012869763    0.6238800601   0.8178788364   7.15887715     1.874219131    
176      I1         1.665250111    1.442057733    3.845312261    0.05397155562  0.5694610568   4.058018758    0.6233264767   
177      I1         0.7999073836   1.328667274    4.478762658    0.2482968935   0.805928482    5.682692331    1.71468387     
178      I1         0.4552595495   2.106105563    3.549718539    0.989453186    0.3148766168   8.62880349     2.450237079    
179      I1         0.4479365181   1.664203842    3.752344211    0.4563962076   0.5760678983   7.21046598     1.804173957    
180      I1         1.542088596    2.664262274    3.584868323    0.333323562    0.7724180491   2.073431759    0.7753553522   
181      I1         1.911398778    2.555003389    4.300944502    0.6177638289   0.1413102393   7.105306752    0.5325106267   
182      I1         1.557081237    1.072841677    2.563463878    0.5837991308   0.685109752    2.118319626    1.561560914    
183      I1         1.266159008    2.51442489     3.951384311    0.04404286758  0.4242836668   8.08061807     0.899180688    
184      I1         1.024984263    2.273852932    4.266933182    0.3136359659   0.9310201391   4.715888998    1.265796009    
185      I1         0.4304851418   1.749257324    3.140613029    0.8532681676   0.7054546704   7.375963574    2.334213378    
186      I1         0.5212860984   1.374843451    4.314317134    0.5316747404   0.279182846    4.217818408    1.867785611    
187      I1         1.956310536    1.382261558    4.068233866    0.02682032949  0.1659209448   3.585673627    1.005787164    
188      I1         1.046500615    2.091183159    3.391570594    0.3534372038   0.964709477    8.24717916     1.46114925     
189      I1         1.026046435    1.276145037    4.297124512    0.1339867501   0.5280954635   4.894030408    0.5434140582   
190      I1         0.9059262998   1.558553607    4.278076749    0.4844471541   0.4161493205   5.618450393    1.583763404    
191      I1         1.962053355    2.488531847    2.538278452    0.08532162429  0.2682707875   0.275446016    0.9968818925   
192      I1         1.069000019    1.941346502    4.053596237    0.2212320219   0.6568343862   7.256774185    0.9744273047   
193      I1         1.758476031    1.763486224    4.25617578     0.7000810092   0.8759965862   9.893005244    1.454611565    
194      I1         1.446335508    1.802122459    3.788768941    0.8314936832   0.3741075441   5.08417707     1.629857897    
195      I1         1.784835303    1.614103081    4.284302384    0.1869733362   0.5642428646   0.1095228706   0.6800386672   
196      I1         1.636678545    2.148702014    3.59973603     0.282446083    0.9267890524   2.653942694    1.118438194    
197      I1         1.712625696    1.116056146    3.824234156    0.6350235686   0.6994658029   4.727184153    1.432476311    
198      I1         1.373481817    2.422904768    4.244486286    0.2689075142   0.941542642    2.183137175    1.000784902    
199      I1         1.13489634     1.972364014    3.128993032    0.8742615238   0.7329755853   7.310678901    1.890762913    
200      I1         1.578140663    2.50296565     3.764382356    0.876164382    0.2375262317   2.715362389    1.555458128    
201      I1         1.428226823    1.618783662    3.014647514    0.9752273023   0.2448017307   9.773474863    1.792418714    
202      I1         0.6363943388   2.673454282    3.409406389    0.7218329044   0.191096213    8.960502068    2.055536097    
203      I1         1.216061424    2.232347639    2.955537223    0.0138220575   0.2098740821   4.310346469    0.9770503568   
204      I1         0.3131261282   2.680127378    2.651214515    0.6010773471   0.1479898162   1.779648702    2.050759635    
205      I1         1.998319731    1.105283673    2.872825091    0.2528676024   0.5109124987   9.121403494    0.9913814929   
206      I1         0.937441218    2.254104281    3.903464658    0.4033144509   0.6084285145   3.506294406    1.253145399    
207      I1         1.126024947    2.432352504    3.34417956     0.5394486182   0.3801969768   6.827758737    1.342353748    
208      I1         0.9154537974   1.31261729     4.413056666    0.2294786622   0.9142553178   0.9572361427   1.786212941    
209      I1         0.4175703839   2.477854227    2.520144982    0.9569122946   0.3509214385   5.787673809    2.443756062    
210      I1         0.7113794074   1.81166574     3.64216882     0.7522225039   0.6270359666   6.895136135    2.038622032    
211      I1         0.3107108767   1.57146601     3.251077035    0.03599679946  0.7943040718   3.486612735    1.443316038    
212      I1         0.8414926297   2.112643846    2.702744019    0.5665403297   0.4484366104   3.697353834    1.641462468    
213      I1         1.452181115    1.010688332    3.624777989    0.5617577824   0.5185026592   9.442576294    1.485953964    
214      I1         0.4976089969   1.024249216    3.809025626    0.3991976672   0.8435021733   1.20806615     2.054420749    
215      I1         0.9445149779   2.309147292    4.251926883    0.9358103204   0.7289337692   9.199591692    2.074495052    
216      I1         0.6401521459   1.535255594    3.938366512    0.3334357705   0.4707808031   3.347979457    1.488996944    
217      I1         1.822802265    1.823230549    3.370947356    0.5440634302   0.7449829453   6.634035164    1.19080627     
218      I1         1.651440729    1.43332527     3.735029668    0.3579996258   0.3985872561   5.190489881    0.6783534106   
219      I1         0.3677524232   2.327072205    2.895061716    0.2228202545   0.7761797963   5.814931171    1.23143252     
220      I1         1.836356129    2.564005466    3.961198443    0.2175845276   0.3617422335   2.891081887    0.8062096736   
221      I1         1.464084269    2.024418459    3.693600047    0.7740396554   0.3045696348   0.9222992184   1.512649756    
222      I1         1.738002296    1.371707752    3.325752487    0.9063060078   0.8581902132   4.529884387    1.568691696    
223      I1         0.4921449078   1.90839714     2.925289364    0.8130420474   0.7807575394   5.877084206    2.255341023    
224      I1         0.7856290043   1.138117183    3.178457219    0.5852573008   0.8350015658   9.65776003     2.00526373     
225      I1         0.460359321    1.732391951    3.510254339    0.4393065005   0.1985287257   7.187073331    1.630835918    
226      I1         1.559430362    1.527044211    2.555153062    0.3832702037   0.4526974088   6.548255037    1.220091054    
227      I1         1.347496987    1.588301778    3.506186554    0.8351751549   0.4200881004   2.28079469     1.720417013    
228      I1         1.492923017    1.995419009    3.164319841    0.05814758281  0.05394717492  8.415995466    0.9899069908   
229      I1         1.498235502    1.368306792    2.906036344    0.6948103972   0.8629435835   3.251303546    1.665356476    
230      I1         1.550696324    2.653075503    3.087118066    0.1822568941   0.4387943063   6.710055755    0.7418917865   
231      I1         0.4792202012   1.090962769    4.116854075    0.5112211774   0.9527122088   4.247479126    2.131210962    
232      I1         0.8535962471   1.469167139    3.876091411    0.9698528934   0.8604976298   1.059934205    2.172342259    
233      I1         1.160758497    2.333158098    4.191135207    0.7772854328   0.9751072237   8.538878684    1.776759732    
234      I1         0.8480205554   2.372407311    3.385764139    0.3768789556   0.4827215116   2.631645173    1.176958789    
235      I1         1.701964074    1.310918435    3.068165516    0.588488354    0.2602711335   0.3582731703   1.122924438    
236      I1         1.722002096    2.402522684    4.334839097    0.4895793974   0.6953665752   7.427576021    0.8095060821   
237      I1         0.9621420747   2.538197415    3.91705676     0.507708016    0.7113755041   7.978424054    1.451122613    
238      I1         0.6957140961   2.000874494    2.908180833    0.03765811168  0.653742217    3.465457878    0.9820535514   
239      I1         0.9177023502   1.767639995    4.153250314    0.5699990112   0.5233939486   4.675868525    1.685173541    
240      I1         0.3949104709   1.899072277    3.03283948     0.09506460568  0.509737054    1.941395209    0.9409183051   
241      I1         1.832347989    2.06095185     3.056453917    0.2997027545   0.5429176497   7.822289279    0.9123937781   
242      I1         1.479476688    2.175444903    3.304219489    0.2137834302   0.8329797208   6.399624598    1.034869834    
243      I1         0.3762842491   2.23575481     2.804628639    0.9614109575   0.356885533    5.318249909    2.471248099    
244      I1         1.881864559    2.306006852    3.419812513    0.6251937004   0.3073840553   1.149210547    0.8627994916   
245      I1         0.6729906473   2.208117891    4.382333396    0.2053694139   0.757544596    2.212150905    1.013719884    
246      I1         1.488799289    2.037781874    3.427281611    0.8179985224   0.8928641198   3.783799195    1.627396624    
247      I1         1.915915018    1.259956569    3.042674409    0.01128075689  0.3909964414   3.215896412    0.8583301687   
248      I1         1.69721588     1.867335465    2.657896966    0.2398713653   0.6674393617   3.831712223    1.110325268    
249      I1         0.8789505393   1.437335597    2.581990262    0.1205591682   0.1201212604   2.534502614    0.9511179517   
250      I1         1.250014581    2.129963821    3.060427032    0.7909367982   0.8537564426   1.905774743    1.731578976    
251      I1         0.5625116465   1.780657403    4.489577456    0.5788593947   0.3997498947   7.789316642    1.90240188     
252      I1         0.9314794921   2.013724513    2.544647477    0.6558531331   0.05124040972  0.8342739093   1.708540833    
253      I1         0.4689079693   2.25008588     3.847275111    0.6702249147   0.3414620436   1.683142635    2.060963557    
254      I1         1.51752088     1.597078326    4.064944398    0.7968582963   0.10346091     3.289680331    1.488482933    
255      I1         1.05919981     2.241502952    4.177968403    0.6602045533   0.6889461185   1.040583558    1.668425795    
256      I1         1.82491466     1.550618968    4.218569711    0.4156345467   0.949165208    2.389447736    1.403683083    
257      I1         0.6218146609   1.654378836    3.223508307    0.02088740981  0.459415704    7.751662791    0.7853454875   
258      I1         1.062583374    1.120258727    3.794201365    0.8012678524   0.842247825    9.218734886    1.966161292    
259      I1         1.608771412    1.937680794    4.08921173     0.3476104215   0.2484786123   7.407846489    0.5647278415   
260      I1         1.622287052    2.324481988    2.681218689    0.07903790755  0.6438213597   2.34359497     1.003931866    
261      I1         1.870099175    2.499003633    3.717211402    0.7065912886   0.6746964876   1.458145766    1.098038706    
262      I1         0.3830346702   2.447268904    4.353231216    0.4583877322   0.2052308283   2.456995337    1.70162786     
263      I1         1.296228928    1.783104062    4.166435226    0.4342557839   0.9077946181   1.544169539    1.538428266    
264      I1         1.303370076    1.338449556    2.841873065    0.2810816412   0.3632845532   6.48335404     1.126528654    
265      I1         1.434442838    2.180520308    3.474362922    0.2099069187   0.5788924596   0.1383557627   0.7224147995   
266      I1         1.921550885    2.419043855    3.998975956    0.2089163743   0.4123488404   7.465637508    0.8286148196   
267      I1         1.052531105    2.165513297    4.43791119     0.1094647061   0.7193760053   1.231381987    0.543241689    
268      I1         1.415755904    1.712391478    3.784201027    0.9014394052   0.07942275114  0.3695975357   1.729379226    
269      I1         1.953548078    1.661443372    2.767248125    0.3961759723   0.979447786    3.090635965    1.295927682    
270      I1         0.6996487793   1.322749343    4.432868669    0.3140481537   0.2176088771   0.2008739061   0.4578803677   
271      I1         1.659968719    1.005001595    3.006847077    0.2011009297   0.714725534    3.661604156    1.307030836    
272      I1         1.031569625    1.840114       2.518656767    0.2605007178   0.5857182627   7.772486148    1.303375103    
273      I1         1.23714383     1.034365161    2.948627563    0.6923296241   0.3475140804   6.01519677     1.673313391    
274      I1         1.420646476    2.543200157    4.095182904    0.5146411477   0.8994223175   1.845591962    1.177462112    
275      I1         1.040563043    1.41831238     2.778552717    0.3240121076   0.320086903    9.053510048    1.263232727    
276      I1         1.205255055    2.095049203    3.526345781    0.2749906241   0.8887746462   7.585434032    1.24157222     
277      I1         1.931563387    2.413440626    3.681351124    0.676848485    0.4967438265   4.999514334    0.9554750653   
278      I1         0.6021373378   1.975972814    2.941309496    0.9711978667   0.6121861275   0.5511667692   2.328362525    
279      I1         1.690483718    1.206270639    3.571354347    0.1861942359   0.6802152624   0.6063780837   1.11690751     
280      I1         1.589566797    1.408394001    3.357614425    0.2421199327   0.7855111937   7.662693208    1.354676153    
281      I1         0.6847636401   2.171886984    3.888104274    0.03961106068  0.1250539843   6.124559585    0.8827207712   
282      I1         1.404016156    2.339796042    2.57275019     0.1397966434   0.622309483    6.409110143    0.967203372    
283      I1         0.8884118105   1.340093733    2.757391787    0.6890713407   0.6961344583   2.908796736    1.933191957    
284      I1         0.5420655705   2.522935073    3.296963637    0.4961993767   0.01152641849  6.352420219    1.709605252    
285      I1         1.80468192     2.35817213     3.168104999    0.9315443773   0.04071712417  5.275197541    1.446032893    
286      I1         1.005887567    2.694562258    3.778708329    0.7246198575   0.3380955784   7.027733153    1.768835837    
287      I1         0.8239859326   1.717746796    3.113606452    0.5950280336   0.7659888071   1.373626406    1.832034517    
288      I1         0.5874682381   1.084743497    3.859167714    0.1985720714   0.08592714136  4.365068302    0.4713698663   
289      I1         1.474533859    2.58541142     4.196549783    0.5377850523   0.06784710513  4.286154237    0.4859355115   
290      I1         1.764753117    1.727952704    4.20024087     0.9575132077   0.1739787854   3.614292698    1.528226891    
291      I1         1.221021649    1.254938783    2.965447787    0.5227558373   0.4023888976   6.61131203     1.498944795    
292      I1         0.5144262091   1.684763754    4.328839539    0.08187029442  0.8500911906   8.264963864    1.462342875    
293      I1         1.64120002     2.066444463    3.860473881    0.3637232882   0.4067010932   1.010521473    0.5410913571   
294      I1         1.618362611    1.702042258    2.635728609    0.3857637516   0.3434151444   6.104156355    1.080631528    
295      I1         1.987353195    1.327864414    2.863239585    0.3820957175   0.07719894133  3.013930012    0.8698654443   
296      I1         1.081726666    2.153882841    3.819235255    0.1946010934   0.06917312631  4.846555464    0.6494006468   
297      I1         0.600299416    2.6877406      4.357918419    0.7660642874   0.5671904152   8.935380853    2.136882915    
298      I1         1.182398971    1.919140271    3.100025495    0.6520493137   0.06335144982  2.837997409    1.498469864    
299      I1         1.505239601    1.051939886    3.260898568    0.4191608878   0.172586491    5.044471134    0.8935253954   
300      I1         0.6296351808   1.046458867    4.406230546    0.5279734897   0.7502055389   0.5941868708   2.048799708    
301      I1         0.9307956104   1.29266118     4.498628258    0.2190397805   0.1558573388   0.1067901235   0.4931941701   
302      I1         1.124348422    1.668106996    4.498628258    0.1061179698   0.5080658436   2.429012346    0.4903759149   
303      I1         0.767558299    2.134499314    4.416323731    0.2271056241   0.2405486968   3.298148148    0.4608141218   
304      I1         0.6066529492   1.567832647    4.276406036    0.2136625514   0.186776406    2.306790123    0.4117789273   
305      I1         0.676611797    1.441906722    3.980109739    0.1908093278   0.2002194787   5.606790123    0.4642621021   
306      I1         0.613648834    1.108436214    4.276406036    0.2203840878   0.1760219479   0.1067901235   0.429410822    
307      I1         0.8655006859   2.689506173    4.276406036    0.2271056241   0.3736351166   3.624074074    0.5087601721   
308      I1         0.7092592593   2.323388203    4.194101509    0.1383813443   0.4946227709   4.058641975    0.549883251    
309      I1         1.558093278    2.698834019    4.498628258    0.3185185185   0.4408504801   2.293209877    0.5958437475   
310      I1         0.8655006859   2.512277092    4.498628258    0.2781893004   0.1733333333   3.393209877    0.450279753    
311      I1         0.4900548697   1.567832647    4.131001372    0.1585459534   0.2297942387   1.193209877    0.4476289764   
312      I1         0.9471193416   2.164814815    4.498628258    0.1397256516   0.5537722908   3.393209877    0.5278893673   
313      I1         0.8655006859   2.698834019    3.897805213    0.2096296296   0.04696844993  3.393209877    0.589382344    
314      I1         0.8655006859   2.134499314    4.424554184    0.2929766804   0.1625788752   3.067283951    0.4116109135   
315      I1         0.613648834    2.323388203    4.276406036    0.2271056241   0.2002194787   6.693209877    0.4823185868   
316      I1         1.322565158    1.187722908    4.476680384    0.1491358025   0.4395061728   6.706790123    0.4683991073   
317      I1         0.4900548697   2.134499314    3.831961591    0.1746776406   0.2634019204   3.393209877    0.4937685235   
318      I1         0.4247599451   1.441906722    3.831961591    0.1908093278   0.1934979424   3.040123457    0.4284336494   
319      I1         0.6742798354   2.593895748    4.364197531    0.1693004115   0.2284499314   3.393209877    0.5939218917   
320      I1         1.998834019    2.698834019    4.498628258    0.01067215364  0.6626611797   3.393209877    1.107797197    
321      I1         0.4410836763   1.297325103    3.598765432    0.1128395062   0.201563786    3.393209877    0.5193495273   
322      I1         0.5506858711   1.285665295    3.831961591    0.2271056241   0.137037037    0.1067901235   0.4559394956   
323      I1         0.8655006859   1.357956104    4.498628258    0.2943209877   0.1558573388   0.8401234568   0.3926558608   
324      I1         1.36920439     2.698834019    3.165294925    0.2042524005   0.01067215364  0.1067901235   0.7412913521   
325      I1         1.054389575    2.698834019    3.831961591    0.1908093278   0.6303978052   0.1067901235   0.595941483    
326      I1         1.434499314    1.187722908    4.498628258    0.3185185185   0.2257613169   3.406790123    0.4672566704   
327      I1         1.998834019    1.250685871    4.424554184    0.2445816187   0.01067215364  4.506790123    0.8705282148   
328      I1         0.4154320988   2.379355281    3.831961591    0.1625788752   0.01067215364  6.706790123    0.6393920353   
329      I1         0.6462962963   1.388271605    4.498628258    0.2593689986   0.1921536351   3.406790123    0.3871645171   
330      I1         1.056721536    1.376611797    4.427297668    0.1612345679   0.4085871056   2.293209877    0.4196260914   
331      I1         0.3921124829   2.698834019    3.543895748    0.1746776406   0.1639231824   3.393209877    0.6008644013   
332      I1         1.152331962    2.323388203    4.394375857    0.3104526749   0.236515775    3.352469136    0.4664495475   
333      I1         0.8445130316   2.698834019    4.449245542    0.0214266118   0.6626611797   6.706790123    0.8898076326   
334      I1         0.7395747599   2.698834019    4.128257888    0.1908093278   0.5672153635   9.993209877    0.5401323078   
335      I1         1.054389575    2.698834019    3.831961591    0.2271056241   0.3373388203   9.993209877    0.5786257659   
336      I1         1.998834019    1.001165981    3.831961591    0.2042524005   0.2875994513   0.1067901235   0.803636782    
337      I1         1.998834019    1.001165981    2.501371742    0.1195610425   0.01067215364  7.806790123    1.065367822    
338      I1         1.189643347    1.376611797    4.095336077    0.1343484225   0.4448834019   1.193209877    0.4771937367   
339      I1         0.8655006859   2.388683128    3.831961591    0.2889437586   0.08192043896  9.993209877    0.4834167251   
340      I1         0.3851165981   2.698834019    3.831961591    0.1356927298   0.335994513    9.993209877    0.6478900567   
341      I1         0.676611797    1.628463649    4.092592593    0.1451028807   0.335994513    9.993209877    0.461883886    
342      I1         1.998834019    2.698834019    2.572702332    0.1908093278   0.01067215364  3.393209877    0.9247790492   
343      I1         1.998834019    2.533264746    4.498628258    0.2418930041   0.6949245542   1.206790123    0.8069855548   
344      I1         1.434499314    1.567832647    3.831961591    0.2943209877   0.01067215364  9.993209877    0.6324985764   
345      I1         1.497462277    1.567832647    3.831961591    0.2230727023   0.2284499314   9.993209877    0.6202216868   
346      I1         1.434499314    2.698834019    4.498628258    0.1908093278   0.664005487    3.393209877    0.6641123827   
347      I1         0.8655006859   2.512277092    3.831961591    0.2902880658   0.1921536351   6.706790123    0.4605513303   
348      I1         0.3011659808   2.134499314    3.757887517    0.1491358025   0.2150068587   9.993209877    0.5788011046   
349      I1         0.6509602195   2.698834019    2.943072702    0.1195610425   0.01067215364  9.993209877    0.7741887161   
350      I1         0.676611797    2.321056241    4.498628258    0.2150068587   0.3897668038   9.993209877    0.474485379    
351      I1         0.8678326475   2.323388203    3.831961591    0.1652674897   0.4811796982   9.993209877    0.5479378687   
352      I1         0.4877229081   1.127091907    3.88957476     0.1464471879   0.01067215364  0.1067901235   0.6638493767   
353      I1         1.842592593    2.132167353    4.312071331    0.5537722908   0.01067215364  3.393209877    0.5463226971   
354      I1         0.6952674897   1.467558299    4.498628258    0.2714677641   0.1881207133   0.1067901235   0.4150981454   
355      I1         0.8538408779   1.150411523    4.484910837    0.2822222222   0.1854320988   3.406790123    0.402548639    
356      I1         0.4877229081   1.378943759    4.276406036    0.2271056241   0.1558573388   5.606790123    0.4189427969   
357      I1         0.6859396433   1.243689986    4.435528121    0.2687791495   0.1652674897   1.559876543    0.3739983676   
358      I1         1.998834019    1.754389575    4.353223594    0.5537722908   0.1639231824   7.42654321     0.6039277366   
359      I1         1.735322359    2.698834019    3.831961591    0.5362962963   0.01067215364  6.706790123    0.5080776579   
360      I1         1.534773663    2.698834019    4.498628258    0.4744581619   0.01067215364  6.706790123    0.4727290052   
361      I1         1.621056241    2.50994513     4.498628258    0.5524279835   0.02411522634  9.640123457    0.4590032485   
362      I1         1.56042524     2.386351166    4.128257888    0.4905898491   0.01067215364  8.906790123    0.4731657081   
363      I1         1.434499314    1.567832647    4.386145405    0.3413717421   0.1894650206   1.193209877    0.4905530138   
364      I1         1.998834019    2.698834019    4.054183813    0.3454046639   0.01067215364  6.706790123    0.7947011279   
365      I1         1.506790123    2.698834019    4.27914952     0.4879012346   0.1195610425   8.893209877    0.4556269245   
366      I1         0.7419067215   1.276337449    4.375171468    0.2701234568   0.1773662551   1.953703704    0.4033622455   
367      I1         1.243278464    1.047805213    4.056927298    0.01067215364  0.2956652949   7.806790123    0.6594741995   
368      I1         1.077709191    1.187722908    4.498628258    0.3279286694   0.1182167353   6.706790123    0.4168769262   
369      I1         1.287585734    1.001165981    4.498628258    0.1840877915   0.01067215364  6.706790123    0.744287986    
370      I1         1.998834019    1.567832647    4.498628258    0.01067215364  0.5779698217   8.906790123    0.8210636209   
371      I1         1.998834019    1.752057613    2.945816187    0.2432373114   0.01067215364  3.393209877    0.8491730637   
372      I1         0.6556241427   1.187722908    4.498628258    0.2835665295   0.1424142661   2.306790123    0.3957970935   
373      I1         1.642043896    1.943278464    4.498628258    0.2271056241   0.4690809328   9.27345679     0.6222118539   
374      I1         0.5250342936   1.376611797    4.076131687    0.1881207133   0.1988751715   5.240123457    0.4319488675   
375      I1         1.686351166    1.376611797    4.498628258    0.3225514403   0.3373388203   9.993209877    0.5411682069   
376      I1         1.434499314    1.441906722    4.131001372    0.09267489712  0.4462277092   9.993209877    0.5724242586   
377      I1         1.621056241    1.001165981    4.323045267    0.01067215364  0.4448834019   6.706790123    0.6244227262   
378      I1         1.056721536    1.376611797    4.451989026    0.1558573388   0.335994513    7.806790123    0.467408618    
379      I1         0.7325788752   1.686762689    4.468449931    0.1719890261   0.335994513    4.493209877    0.4287969945   
380      I1         0.8655006859   2.132167353    4.498628258    0.3131412894   0.1182167353   5.593209877    0.4157097032   
381      I1         0.8655006859   2.132167353    4.498628258    0.2741563786   0.1182167353   5.593209877    0.4579707098   
382      I1         1.518449931    2.132167353    2.72085048     0.2123182442   0.2203840878   3.393209877    0.8932642595   
383      I1         1.434499314    1.061796982    4.054183813    0.335994513    0.01067215364  2.306790123    0.5659227423   
384      I1         1.80994513     1.001165981    3.980109739    0.335994513    0.2042524005   3.393209877    0.619130183    
385      I1         1.998834019    1.565500686    4.457475995    0.335994513    0.335994513    0.8265432099   0.7216447614   
386      I1         1.693347051    1.441906722    4.498628258    0.2257613169   0.3185185185   3.393209877    0.6361183914   
387      I1         1.478806584    2.132167353    3.90877915     0.2943209877   0.335994513    1.193209877    0.5637487411   
388      I1         1.998834019    2.132167353    4.498628258    0.2405486968   0.01067215364  3.393209877    0.8766334967   
389      I1         1.998834019    1.001165981    4.498628258    0.3037311385   0.4825240055   6.706790123    0.613563017    
390      I1         1.600068587    1.001165981    4.377914952    0.2634019204   0.385733882    9.993209877    0.4945788453   
391      I1         1.530109739    1.187722908    4.498628258    0.280877915    0.465048011    6.706790123    0.4880899972   
392      I1         1.644375857    1.001165981    3.165294925    0.2553360768   0.01067215364  3.393209877    0.696478841    
393      I1         0.4900548697   1.756721536    4.498628258    0.216351166    0.2271056241   4.506790123    0.409313154    
394      I1         1.434499314    1.001165981    2.72085048     0.01067215364  0.01067215364  1.193209877    0.9886334531   
395      I1         0.5250342936   1.882647462    4.498628258    0.1908093278   0.1800548697   4.506790123    0.4825705607   
396      I1         1.434499314    1.001165981    2.72085048     0.166611797    0.01067215364  1.193209877    0.8997432554   
397      I1         1.075377229    1.504869684    4.498628258    0.1464471879   0.4919341564   8.906790123    0.4522866613   
398      I1         1.998834019    1.001165981    4.202331962    0.07654320988  0.5188203018   6.706790123    0.6993433914   
399      I1         0.9307956104   1.670438957    3.831961591    0.1182167353   0.4327846365   6.706790123    0.4775663596   
400      I1         1.80994513     1.565500686    4.498628258    0.3185185185   0.5510836763   8.906790123    0.5672984267   
%eval_id interface log__t_efold_shallow log__t_efold_soil log__t_efold_karst f_exfiltration_shallow f_exfiltration_soil PDD_melt_factor neg_kge        
401      I1         0.6859396433   1.243689986    4.435528121    0.2687791495   0.1652674897   1.559876543    0.3739983676   
402      I1         0.8559396433   1.243689986    4.435528121    0.2687791495   0.1652674897   1.559876543    0.3820735264   
403      I1         0.6859396433   1.413689986    4.435528121    0.2687791495   0.1652674897   1.559876543    0.371071224    
404      I1         0.6859396433   1.243689986    4.435528121    0.3667791495   0.1652674897   1.559876543    0.5278515842   
405      I1         0.6859396433   1.243689986    4.435528121    0.2687791495   0.2632674897   1.559876543    0.4174127813   
406      I1         0.6859396433   1.243689986    4.435528121    0.2687791495   0.1652674897   2.549876543    0.3751692212   
407      I1         0.5159396433   1.243689986    4.435528121    0.2687791495   0.1652674897   1.559876543    0.3895479702   
408      I1         0.6859396433   1.073689986    4.435528121    0.2687791495   0.1652674897   1.559876543    0.3813065751   
409      I1         0.6859396433   1.243689986    4.235528121    0.2687791495   0.1652674897   1.559876543    0.4255330212   
410      I1         0.6859396433   1.243689986    4.435528121    0.1707791495   0.1652674897   1.559876543    0.4682786041   
411      I1         0.6859396433   1.243689986    4.435528121    0.2687791495   0.06726748971  1.559876543    0.4037155858   
412      I1         0.6859396433   1.243689986    4.435528121    0.2687791495   0.1652674897   0.5698765432   0.3864636089   
413      I1         0.7709396433   1.243689986    4.435528121    0.2687791495   0.1652674897   1.559876543    0.3750784671   
414      I1         0.6859396433   1.328689986    4.435528121    0.2687791495   0.1652674897   1.559876543    0.3718837028   
415      I1         0.6859396433   1.243689986    4.435528121    0.3177791495   0.1652674897   1.559876543    0.4135241048   
416      I1         0.6859396433   1.243689986    4.435528121    0.2687791495   0.2142674897   1.559876543    0.385173196    
417      I1         0.6859396433   1.243689986    4.435528121    0.2687791495   0.1652674897   2.054876543    0.3738837666   
418      I1         0.6009396433   1.243689986    4.435528121    0.2687791495   0.1652674897   1.559876543    0.378838424    
419      I1         0.6859396433   1.158689986    4.435528121    0.2687791495   0.1652674897   1.559876543    0.3771143469   
420      I1         0.6859396433   1.243689986    4.335528121    0.2687791495   0.1652674897   1.559876543    0.3687174989   
421      I1         0.6859396433   1.243689986    4.435528121    0.2197791495   0.1652674897   1.559876543    0.3980305394   
422      I1         0.6859396433   1.243689986    4.435528121    0.2687791495   0.1162674897   1.559876543    0.3815032703   
423      I1         0.6859396433   1.243689986    4.435528121    0.2687791495   0.1652674897   1.064876543    0.3777356371   
424      I1         0.7709396433   1.243689986    4.335528121    0.2687791495   0.1652674897   1.559876543    0.370747772    
425      I1         0.6859396433   1.328689986    4.335528121    0.2687791495   0.1652674897   1.559876543    0.3670148387   
426      I1         0.6859396433   1.243689986    4.335528121    0.3177791495   0.1652674897   1.559876543    0.4048933191   
427      I1         0.6859396433   1.243689986    4.335528121    0.2687791495   0.2142674897   1.559876543    0.3781848017   
428      I1         0.6859396433   1.243689986    4.335528121    0.2687791495   0.1652674897   2.054876543    0.3686226663   
429      I1         0.6009396433   1.243689986    4.335528121    0.2687791495   0.1652674897   1.559876543    0.3726753612   
430      I1         0.6859396433   1.158689986    4.335528121    0.2687791495   0.1652674897   1.559876543    0.3714276019   
431      I1         0.6859396433   1.243689986    4.235528121    0.2687791495   0.1652674897   1.559876543    0.4255330212   
432      I1         0.6859396433   1.243689986    4.335528121    0.2197791495   0.1652674897   1.559876543    0.3960095986   
433      I1         0.6859396433   1.243689986    4.335528121    0.2687791495   0.1162674897   1.559876543    0.3778539845   
434      I1         0.6859396433   1.243689986    4.335528121    0.2687791495   0.1652674897   1.064876543    0.3724820345   
435      I1         0.7284396433   1.243689986    4.335528121    0.2687791495   0.1652674897   1.559876543    0.3689976678   
436      I1         0.6859396433   1.286189986    4.335528121    0.2687791495   0.1652674897   1.559876543    0.3677585993   
437      I1         0.6859396433   1.243689986    4.385528121    0.2687791495   0.1652674897   1.559876543    0.4004777782   
438      I1         0.6859396433   1.243689986    4.335528121    0.2932791495   0.1652674897   1.559876543    0.3785467886   
439      I1         0.6859396433   1.243689986    4.335528121    0.2687791495   0.1897674897   1.559876543    0.3709392347   
440      I1         0.6859396433   1.243689986    4.335528121    0.2687791495   0.1652674897   1.807376543    0.3683365135   
441      I1         0.6434396433   1.243689986    4.335528121    0.2687791495   0.1652674897   1.559876543    0.3699910632   
442      I1         0.6859396433   1.201189986    4.335528121    0.2687791495   0.1652674897   1.559876543    0.3699108881   
443      I1         0.6859396433   1.243689986    4.285528121    0.2687791495   0.1652674897   1.559876543    0.3941596479   
444      I1         0.6859396433   1.243689986    4.335528121    0.2442791495   0.1652674897   1.559876543    0.3750206739   
445      I1         0.6859396433   1.243689986    4.335528121    0.2687791495   0.1407674897   1.559876543    0.3711834517   
446      I1         0.6859396433   1.243689986    4.335528121    0.2687791495   0.1652674897   1.312376543    0.3697971967   
447      I1         0.7284396433   1.286189986    4.335528121    0.2687791495   0.1652674897   1.559876543    0.3684749825   
448      I1         0.6859396433   1.286189986    4.385528121    0.2687791495   0.1652674897   1.559876543    0.3981108878   
449      I1         0.6859396433   1.286189986    4.335528121    0.2932791495   0.1652674897   1.559876543    0.3758073137   
450      I1         0.6859396433   1.286189986    4.335528121    0.2687791495   0.1897674897   1.559876543    0.3688089316   
451      I1         0.6859396433   1.286189986    4.335528121    0.2687791495   0.1652674897   1.807376543    0.3673859315   
452      I1         0.6434396433   1.286189986    4.335528121    0.2687791495   0.1652674897   1.559876543    0.368604654    
453      I1         0.6859396433   1.286189986    4.285528121    0.2687791495   0.1652674897   1.559876543    0.3919809643   
454      I1         0.6859396433   1.286189986    4.335528121    0.2442791495   0.1652674897   1.559876543    0.375946564    
455      I1         0.6859396433   1.286189986    4.335528121    0.2687791495   0.1407674897   1.559876543    0.3711095288   
456      I1         0.6859396433   1.286189986    4.335528121    0.2687791495   0.1652674897   1.312376543    0.3688334081   
457      I1         0.7284396433   1.328689986    4.335528121    0.2687791495   0.1652674897   1.559876543    0.3682093157   
458      I1         0.6859396433   1.371189986    4.335528121    0.2687791495   0.1652674897   1.559876543    0.3666339108   
459      I1         0.6859396433   1.328689986    4.385528121    0.2687791495   0.1652674897   1.559876543    0.3959631295   
460      I1         0.6859396433   1.328689986    4.335528121    0.2932791495   0.1652674897   1.559876543    0.3732281438   
461      I1         0.6859396433   1.328689986    4.335528121    0.2687791495   0.1897674897   1.559876543    0.3669327216   
462      I1         0.6859396433   1.328689986    4.335528121    0.2687791495   0.1652674897   1.807376543    0.3666529623   
463      I1         0.6434396433   1.328689986    4.335528121    0.2687791495   0.1652674897   1.559876543    0.3674230529   
464      I1         0.6859396433   1.328689986    4.285528121    0.2687791495   0.1652674897   1.559876543    0.3900221414   
465      I1         0.6859396433   1.328689986    4.335528121    0.2442791495   0.1652674897   1.559876543    0.3771358659   
466      I1         0.6859396433   1.328689986    4.335528121    0.2687791495   0.1407674897   1.559876543    0.3712032158   
467      I1         0.6859396433   1.328689986    4.335528121    0.2687791495   0.1652674897   1.312376543    0.3680932118   
468      I1         0.7071896433   1.328689986    4.335528121    0.2687791495   0.1652674897   1.559876543    0.3674186086   
469      I1         0.6859396433   1.349939986    4.335528121    0.2687791495   0.1652674897   1.559876543    0.3667867733   
470      I1         0.6859396433   1.328689986    4.360528121    0.2687791495   0.1652674897   1.559876543    0.4101383905   
471      I1         0.6859396433   1.328689986    4.335528121    0.2810291495   0.1652674897   1.559876543    0.368037112    
472      I1         0.6859396433   1.328689986    4.335528121    0.2687791495   0.1775174897   1.559876543    0.3664334615   
473      I1         0.6859396433   1.328689986    4.335528121    0.2687791495   0.1652674897   1.683626543    0.3667403741   
474      I1         0.6646896433   1.328689986    4.335528121    0.2687791495   0.1652674897   1.559876543    0.3670181537   
475      I1         0.6859396433   1.307439986    4.335528121    0.2687791495   0.1652674897   1.559876543    0.3673409808   
476      I1         0.6859396433   1.328689986    4.310528121    0.2687791495   0.1652674897   1.559876543    0.377703112    
477      I1         0.6859396433   1.328689986    4.335528121    0.2565291495   0.1652674897   1.559876543    0.3701057439   
478      I1         0.6859396433   1.328689986    4.335528121    0.2687791495   0.1530174897   1.559876543    0.368624827    
479      I1         0.6859396433   1.328689986    4.335528121    0.2687791495   0.1652674897   1.436126543    0.367388636    
480      I1         0.7071896433   1.328689986    4.335528121    0.2687791495   0.1775174897   1.559876543    0.3664243299   
481      I1         0.6859396433   1.349939986    4.335528121    0.2687791495   0.1775174897   1.559876543    0.3659559726   
482      I1         0.6859396433   1.328689986    4.360528121    0.2687791495   0.1775174897   1.559876543    0.413540417    
483      I1         0.6859396433   1.328689986    4.335528121    0.2810291495   0.1775174897   1.559876543    0.3693653488   
484      I1         0.6859396433   1.328689986    4.335528121    0.2687791495   0.1897674897   1.559876543    0.3669327216   
485      I1         0.6859396433   1.328689986    4.335528121    0.2687791495   0.1775174897   1.683626543    0.3661267762   
486      I1         0.6646896433   1.328689986    4.335528121    0.2687791495   0.1775174897   1.559876543    0.3668384326   
487      I1         0.6859396433   1.307439986    4.335528121    0.2687791495   0.1775174897   1.559876543    0.3670197241   
488      I1         0.6859396433   1.328689986    4.310528121    0.2687791495   0.1775174897   1.559876543    0.378336728    
489      I1         0.6859396433   1.328689986    4.335528121    0.2565291495   0.1775174897   1.559876543    0.3676133302   
490      I1         0.6859396433   1.328689986    4.335528121    0.2687791495   0.1775174897   1.436126543    0.366827572    
491      I1         0.7071896433   1.349939986    4.335528121    0.2687791495   0.1775174897   1.559876543    0.3660635556   
492      I1         0.6859396433   1.371189986    4.335528121    0.2687791495   0.1775174897   1.559876543    0.3655595662   
493      I1         0.6859396433   1.349939986    4.360528121    0.2687791495   0.1775174897   1.559876543    0.4119801749   
494      I1         0.6859396433   1.349939986    4.335528121    0.2810291495   0.1775174897   1.559876543    0.3683886095   
495      I1         0.6859396433   1.349939986    4.335528121    0.2687791495   0.1897674897   1.559876543    0.3661697732   
496      I1         0.6859396433   1.349939986    4.335528121    0.2687791495   0.1775174897   1.683626543    0.36565367     
497      I1         0.6646896433   1.349939986    4.335528121    0.2687791495   0.1775174897   1.559876543    0.3662415959   
498      I1         0.6859396433   1.349939986    4.310528121    0.2687791495   0.1775174897   1.559876543    0.3775326691   
499      I1         0.6859396433   1.349939986    4.335528121    0.2565291495   0.1775174897   1.559876543    0.3676476656   
500      I1         0.6859396433   1.349939986    4.335528121    0.2687791495   0.1775174897   1.436126543    0.3663434134   
501      I1         0.7071896433   1.371189986    4.335528121    0.2687791495   0.1775174897   1.559876543    0.3657937601   
502      I1         0.6859396433   1.392439986    4.335528121    0.2687791495   0.1775174897   1.559876543    0.365274138    
503      I1         0.6859396433   1.371189986    4.360528121    0.2687791495   0.1775174897   1.559876543    0.4104934708   
504      I1         0.6859396433   1.371189986    4.335528121    0.2810291495   0.1775174897   1.559876543    0.3674881055   
505      I1         0.6859396433   1.371189986    4.335528121    0.2687791495   0.1897674897   1.559876543    0.3654928617   
506      I1         0.6859396433   1.371189986    4.335528121    0.2687791495   0.1775174897   1.683626543    0.3652652884   
507      I1         0.6646896433   1.371189986    4.335528121    0.2687791495   0.1775174897   1.559876543    0.3657269465   
508      I1         0.6859396433   1.371189986    4.310528121    0.2687791495   0.1775174897   1.559876543    0.3768075876   
509      I1         0.6859396433   1.371189986    4.335528121    0.2565291495   0.1775174897   1.559876543    0.3677799149   
510      I1         0.6859396433   1.371189986    4.335528121    0.2687791495   0.1775174897   1.436126543    0.3659500151   
511      I1         0.7071896433   1.371189986    4.335528121    0.2687791495   0.1775174897   1.683626543    0.3654847566   
512      I1         0.6859396433   1.392439986    4.335528121    0.2687791495   0.1775174897   1.683626543    0.3649837291   
513      I1         0.6859396433   1.371189986    4.360528121    0.2687791495   0.1775174897   1.683626543    0.4101846498   
514      I1         0.6859396433   1.371189986    4.335528121    0.2810291495   0.1775174897   1.683626543    0.3671714401   
515      I1         0.6859396433   1.371189986    4.335528121    0.2687791495   0.1897674897   1.683626543    0.3651678679   
516      I1         0.6859396433   1.371189986    4.335528121    0.2687791495   0.1775174897   1.807376543    0.3651502065   
517      I1         0.6646896433   1.371189986    4.335528121    0.2687791495   0.1775174897   1.683626543    0.365444903    
518      I1         0.6859396433   1.371189986    4.310528121    0.2687791495   0.1775174897   1.683626543    0.3765032217   
519      I1         0.6859396433   1.371189986    4.335528121    0.2565291495   0.1775174897   1.683626543    0.3675100975   
520      I1         0.6859396433   1.371189986    4.335528121    0.2687791495   0.1652674897   1.683626543    0.3663701621   
521      I1         0.7284396433   1.392439986    4.335528121    0.2687791495   0.1775174897   1.683626543    0.366052157    
522      I1         0.6859396433   1.434939986    4.335528121    0.2687791495   0.1775174897   1.683626543    0.3647030262   
523      I1         0.6859396433   1.392439986    4.385528121    0.2687791495   0.1775174897   1.683626543    0.3944275704   
524      I1         0.6859396433   1.392439986    4.335528121    0.2932791495   0.1775174897   1.683626543    0.3719713508   
525      I1         0.6859396433   1.392439986    4.335528121    0.2687791495   0.2020174897   1.683626543    0.3652615052   
526      I1         0.6859396433   1.392439986    4.335528121    0.2687791495   0.1775174897   1.931126543    0.3650025026   
527      I1         0.6434396433   1.392439986    4.335528121    0.2687791495   0.1775174897   1.683626543    0.3655028324   
528      I1         0.6859396433   1.392439986    4.285528121    0.2687791495   0.1775174897   1.683626543    0.3884236805   
529      I1         0.6859396433   1.392439986    4.335528121    0.2442791495   0.1775174897   1.683626543    0.3745430828   
530      I1         0.6859396433   1.392439986    4.335528121    0.2687791495   0.1530174897   1.683626543    0.3685761438   
531      I1         0.6859396433   1.392439986    4.335528121    0.2687791495   0.1775174897   1.436126543    0.3656574402   
532      I1         0.7071896433   1.392439986    4.335528121    0.2687791495   0.1775174897   1.683626543    0.3653217648   
533      I1         0.6859396433   1.413689986    4.335528121    0.2687791495   0.1775174897   1.683626543    0.3647922046   
534      I1         0.6859396433   1.392439986    4.360528121    0.2687791495   0.1775174897   1.683626543    0.4088029698   
535      I1         0.6859396433   1.392439986    4.335528121    0.2810291495   0.1775174897   1.683626543    0.3663765522   
536      I1         0.6859396433   1.392439986    4.335528121    0.2687791495   0.1897674897   1.683626543    0.364613701    
537      I1         0.6859396433   1.392439986    4.335528121    0.2687791495   0.1775174897   1.807376543    0.3648745584   
538      I1         0.6646896433   1.392439986    4.335528121    0.2687791495   0.1775174897   1.683626543    0.3650440341   
539      I1         0.6859396433   1.392439986    4.310528121    0.2687791495   0.1775174897   1.683626543    0.3758902298   
540      I1         0.6859396433   1.392439986    4.335528121    0.2565291495   0.1775174897   1.683626543    0.3677563263   
541      I1         0.6859396433   1.392439986    4.335528121    0.2687791495   0.1652674897   1.683626543    0.3663230785   
542      I1         0.7071896433   1.392439986    4.335528121    0.2687791495   0.1897674897   1.683626543    0.3645500169   
543      I1         0.6859396433   1.413689986    4.335528121    0.2687791495   0.1897674897   1.683626543    0.3641545058   
544      I1         0.6859396433   1.392439986    4.360528121    0.2687791495   0.1897674897   1.683626543    0.4122699892   
545      I1         0.6859396433   1.392439986    4.335528121    0.2810291495   0.1897674897   1.683626543    0.3678566362   
546      I1         0.6859396433   1.392439986    4.335528121    0.2687791495   0.2020174897   1.683626543    0.3652615052   
547      I1         0.6859396433   1.392439986    4.335528121    0.2687791495   0.1897674897   1.807376543    0.3644734197   
548      I1         0.6646896433   1.392439986    4.335528121    0.2687791495   0.1897674897   1.683626543    0.3650641119   
549      I1         0.6859396433   1.392439986    4.310528121    0.2687791495   0.1897674897   1.683626543    0.3766944891   
550      I1         0.6859396433   1.392439986    4.335528121    0.2565291495   0.1897674897   1.683626543    0.3655295394   
551      I1         0.6859396433   1.392439986    4.335528121    0.2687791495   0.1897674897   1.559876543    0.3649346828   
552      I1         0.7071896433   1.413689986    4.335528121    0.2687791495   0.1897674897   1.683626543    0.3642242284   
553      I1         0.6859396433   1.434939986    4.335528121    0.2687791495   0.1897674897   1.683626543    0.3638124137   
554      I1         0.6859396433   1.413689986    4.360528121    0.2687791495   0.1897674897   1.683626543    0.4106089232   
555      I1         0.6859396433   1.413689986    4.335528121    0.2810291495   0.1897674897   1.683626543    0.366843554    
556      I1         0.6859396433   1.413689986    4.335528121    0.2687791495   0.2020174897   1.683626543    0.3644961091   
557      I1         0.6859396433   1.413689986    4.335528121    0.2687791495   0.1897674897   1.807376543    0.3640203075   
558      I1         0.6646896433   1.413689986    4.335528121    0.2687791495   0.1897674897   1.683626543    0.3644801573   
559      I1         0.6859396433   1.413689986    4.310528121    0.2687791495   0.1897674897   1.683626543    0.3758705122   
560      I1         0.6859396433   1.413689986    4.335528121    0.2565291495   0.1897674897   1.683626543    0.3656460341   
561      I1         0.6859396433   1.413689986    4.335528121    0.2687791495   0.1897674897   1.559876543    0.3644698547   
562      I1         0.7071896433   1.434939986    4.335528121    0.2687791495   0.1897674897   1.683626543    0.3640122209   
563      I1         0.6859396433   1.456189986    4.335528121    0.2687791495   0.1897674897   1.683626543    0.3635799905   
564      I1         0.6859396433   1.434939986    4.360528121    0.2687791495   0.1897674897   1.683626543    0.4090842267   
565      I1         0.6859396433   1.434939986    4.335528121    0.2810291495   0.1897674897   1.683626543    0.365947172    
566      I1         0.6859396433   1.434939986    4.335528121    0.2687791495   0.2020174897   1.683626543    0.3638629927   
567      I1         0.6859396433   1.434939986    4.335528121    0.2687791495   0.1897674897   1.807376543    0.363687046    
568      I1         0.6646896433   1.434939986    4.335528121    0.2687791495   0.1897674897   1.683626543    0.3640127062   
569      I1         0.6859396433   1.434939986    4.310528121    0.2687791495   0.1897674897   1.683626543    0.3751701868   
570      I1         0.6859396433   1.434939986    4.335528121    0.2565291495   0.1897674897   1.683626543    0.3658709075   
571      I1         0.6859396433   1.434939986    4.335528121    0.2687791495   0.1897674897   1.559876543    0.3641150791   
572      I1         0.7071896433   1.456189986    4.335528121    0.2687791495   0.1897674897   1.683626543    0.3639015109   
573      I1         0.6859396433   1.477439986    4.335528121    0.2687791495   0.1897674897   1.683626543    0.3634341581   
574      I1         0.6859396433   1.456189986    4.360528121    0.2687791495   0.1897674897   1.683626543    0.4076873592   
575      I1         0.6859396433   1.456189986    4.335528121    0.2810291495   0.1897674897   1.683626543    0.3651615641   
576      I1         0.6859396433   1.456189986    4.335528121    0.2687791495   0.2020174897   1.683626543    0.3633539751   
577      I1         0.6859396433   1.456189986    4.335528121    0.2687791495   0.1897674897   1.807376543    0.3634612963   
578      I1         0.6646896433   1.456189986    4.335528121    0.2687791495   0.1897674897   1.683626543    0.3636556954   
579      I1         0.6859396433   1.456189986    4.310528121    0.2687791495   0.1897674897   1.683626543    0.3745855965   
580      I1         0.6859396433   1.456189986    4.335528121    0.2565291495   0.1897674897   1.683626543    0.3661944332   
581      I1         0.6859396433   1.456189986    4.335528121    0.2687791495   0.1775174897   1.683626543    0.3647094279   
582      I1         0.6859396433   1.456189986    4.335528121    0.2687791495   0.1897674897   1.559876543    0.3638732366   
583      I1         0.7284396433   1.456189986    4.335528121    0.2687791495   0.2020174897   1.683626543    0.3636030756   
584      I1         0.6859396433   1.498689986    4.335528121    0.2687791495   0.2020174897   1.683626543    0.3626492532   
585      I1         0.6859396433   1.456189986    4.385528121    0.2687791495   0.2020174897   1.683626543    0.3956007196   
586      I1         0.6859396433   1.456189986    4.335528121    0.2932791495   0.2020174897   1.683626543    0.3742459571   
587      I1         0.6859396433   1.456189986    4.335528121    0.2687791495   0.2265174897   1.683626543    0.3657852785   
588      I1         0.6859396433   1.456189986    4.335528121    0.2687791495   0.2020174897   1.931126543    0.3632907377   
589      I1         0.6434396433   1.456189986    4.335528121    0.2687791495   0.2020174897   1.683626543    0.3646378823   
590      I1         0.6859396433   1.456189986    4.285528121    0.2687791495   0.2020174897   1.683626543    0.3892187563   
591      I1         0.6859396433   1.456189986    4.335528121    0.2442791495   0.2020174897   1.683626543    0.3691234848   
592      I1         0.6859396433   1.456189986    4.335528121    0.2687791495   0.1775174897   1.683626543    0.3647094279   
593      I1         0.6859396433   1.456189986    4.335528121    0.2687791495   0.2020174897   1.436126543    0.3640834217   
594      I1         0.7284396433   1.498689986    4.335528121    0.2687791495   0.2020174897   1.683626543    0.3634291328   
595      I1         0.6859396433   1.541189986    4.335528121    0.2687791495   0.2020174897   1.683626543    0.3624753482   
596      I1         0.6859396433   1.498689986    4.385528121    0.2687791495   0.2020174897   1.683626543    0.39316007     
597      I1         0.6859396433   1.498689986    4.335528121    0.2932791495   0.2020174897   1.683626543    0.3713031047   
598      I1         0.6859396433   1.498689986    4.335528121    0.2687791495   0.2265174897   1.683626543    0.3638136259   
599      I1         0.6859396433   1.498689986    4.335528121    0.2687791495   0.2020174897   1.931126543    0.3626236358   
600      I1         0.6434396433   1.498689986    4.335528121    0.2687791495   0.2020174897   1.683626543    0.3634453873   
601      I1         0.6859396433   1.498689986    4.285528121    0.2687791495   0.2020174897   1.683626543    0.3869946269   
602      I1         0.6859396433   1.498689986    4.335528121    0.2442791495   0.2020174897   1.683626543    0.3708026475   
603      I1         0.6859396433   1.498689986    4.335528121    0.2687791495   0.1775174897   1.683626543    0.364975634    
604      I1         0.6859396433   1.498689986    4.335528121    0.2687791495   0.2020174897   1.436126543    0.3633565018   
