%eval_id interface log__t_efold_shallow log__t_efold_soil log__t_efold_karst f_exfiltration_shallow f_exfiltration_soil PDD_melt_factor log__fdd_threshold snow_insulation_k neg_kge        
1        I1         1.031569625    1.972364014    3.91705676     0.08187029442  0.1117894441   0.9572361427   1.54556948     0.0987405002   0.2888461367   
2        I1         1.738002296    2.153882841    3.606658393    0.7426416074   0.7193760053   3.697353834    0.06789509667  0.01171401952  1.517231644    
3        I1         1.583172998    1.327864414    2.778552717    0.4832078674   0.0890321183   4.331382158    0.1593154956   0.02053679275  1.313053952    
4        I1         1.973053607    1.712391478    3.287586518    0.3240121076   0.04916239375  5.190489881    0.2847513248   0.1495566483   0.4769902463   
5        I1         1.177159204    1.702042258    3.024145158    0.2578996488   0.4326145925   4.286154237    2.62893519     0.1058008918   0.9724149527   
6        I1         1.389904313    2.030189091    2.555153062    0.6602045533   0.2052308283   5.08417707     1.918177791    0.04738531147  1.742677606    
7        I1         1.446335508    1.919140271    3.164319841    0.368880236    0.9170078746   0.4714102173   0.3667146442   0.05002195325  1.604184597    
8        I1         0.9481382881   1.975972814    2.895061716    0.7300191398   0.4387943063   9.121403494    2.614111344    0.05334558274  2.261332123    
9        I1         1.459552999    1.899072277    3.742895652    0.3745234011   0.9751072237   0.1747179927   2.746068637    0.08816497846  1.480617713    
10       I1         0.3237088733   2.081967787    3.401677843    0.3637232882   0.4543216541   5.656863288    2.106068414    0.02170608563  2.413496513    
11       I1         1.160758497    1.914040856    3.056453917    0.3820957175   0.03786302582  7.990311883    2.678897962    0.01927393289  1.071373046    
12       I1         1.901462023    1.887784017    3.809025626    0.2137834302   0.4023888976   3.831712223    1.504993468    0.07230983945  0.2821347243   
13       I1         1.081726666    1.084743497    3.156802105    0.8439753187   0.4692989556   5.581352577    2.914337417    0.06383720263  2.334977514    
14       I1         1.64120002     2.241502952    3.938366512    0.5788593947   0.5611679837   1.177112345    1.947517798    0.09780723046  1.091236496    
15       I1         1.359382799    1.149679854    3.681351124    0.2997027545   0.6515158266   4.894030408    1.602576732    0.07574760212  1.7530659      
16       I1         1.775966423    2.623360368    2.872825091    0.5035474146   0.172586491    8.935380853    1.897851405    0.1360803958   0.809488493    
17       I1         0.6363943388   1.374843451    4.244486286    0.4257638904   0.2717204916   3.215896412    2.013580022    0.1170084979   2.165538143    
18       I1         1.712625696    2.262234132    3.563084631    0.8888690782   0.136307493    8.49266892     2.942109655    0.1039694753   1.543704236    
19       I1         0.6996487793   1.469167139    3.847275111    0.941346387    0.3801969768   9.496401716    0.3026195115   0.0493198283   2.729436678    
20       I1         0.5212860984   2.339796042    4.324691621    0.02682032949  0.5056121611   9.435916875    1.797785827    0.06480682841  0.3756445567   
21       I1         1.527668383    1.254938783    2.651214515    0.8644663599   0.5565208168   2.858188311    1.433977594    0.1000505528   1.911105568    
22       I1         1.012847891    1.901955297    3.474362922    0.6558531331   0.7898699603   6.165109595    1.74120242     0.1246984181   2.219768586    
23       I1         1.531535246    1.042055073    3.236266154    0.5837991308   0.3475140804   5.071982654    0.5999280532   0.01993415349  1.663882834    
24       I1         1.404016156    2.29651723     3.647405117    0.5574533339   0.367962828    0.7839750314   2.603075954    0.1214438644   1.100292215    
25       I1         1.771193562    2.382780579    3.014647514    0.9014394052   0.3128979224   8.449250233    0.3434920695   0.08470807871  1.588342454    
26       I1         1.365941496    2.016681234    3.251077035    0.2887668062   0.8329797208   8.13962312     1.068326553    0.002236963628 1.71937713     
27       I1         1.244751552    2.470183567    3.721320857    0.4961993767   0.9466801024   6.903781316    1.768746244    0.05361642155  1.751810875    
28       I1         1.832347989    1.618783662    4.432868669    0.333323562    0.10346091     2.715362389    0.7498366907   0.00740257091  0.2113056055   
29       I1         1.420646476    1.840114       3.674383694    0.9485655461   0.8178788364   2.171727156    1.651090912    0.03699373672  2.094413914    
30       I1         1.005887567    1.1350667      2.965447787    0.5167904168   0.1289259313   3.661604156    2.877065513    0.1151165196   1.69460653     
31       I1         1.062583374    2.037781874    3.112754433    0.7000810092   0.3045696348   7.652579117    2.069716827    0.06185146696  2.164869933    
32       I1         0.5369019975   2.056057473    3.087118066    0.128473036    0.2484786123   1.502057478    1.688368233    0.1189514087   1.135045132    
33       I1         0.7482488826   2.432352504    3.941439147    0.3703465277   0.1479898162   6.48335404     1.561350535    0.04166361281  2.103384294    
34       I1         0.551983061    1.005001595    2.925289364    0.4583877322   0.6121861275   3.372111183    2.154961566    0.07457881763  2.498297471    
35       I1         0.6021373378   1.57146601     3.424068791    0.08532162429  0.9546232434   7.331916469    0.8250106569   0.08116993474  2.290792632    
36       I1         0.5625116465   2.024418459    3.839459706    0.2053694139   0.1081480773   5.385674145    0.2760762866   0.0871281042   1.410293824    
37       I1         1.79550917     2.444789642    2.885188013    0.7262102806   0.5927817656   3.347979457    0.8900685746   0.02977245737  1.292345235    
38       I1         1.51752088     2.572289077    3.735029668    0.6478459703   0.537096675    1.323055332    2.736910765    0.1423598877   1.21012605     
39       I1         0.8239859326   2.180520308    4.328839539    0.9664733799   0.7618330616   9.391928479    1.142120043    0.09268999003  2.648698488    
40       I1         0.4360475337   2.27527896     3.703694044    0.8487916483   0.7449829453   5.451772094    1.166910396    0.04458410244  2.833346511    
41       I1         1.395449208    1.290716929    3.229890596    0.1985720714   0.6802152624   4.217818408    1.527801111    0.0002529546357 1.790975005    
42       I1         1.141522265    1.930591487    2.797400905    0.4094759667   0.2271843178   4.529884387    0.7715029838   0.1390121954   1.624255858    
43       I1         1.361125029    2.035421557    2.681218689    0.307045893    0.8689908005   4.126543821    0.1736406476   0.02731091458  1.693035597    
44       I1         1.326528753    2.559012186    2.863239585    0.1603838599   0.9087467498   7.21046598     2.809444702    0.1377489606   0.6642876816   
45       I1         0.9080263691   2.007974284    3.042674409    0.3091048798   0.4753711493   9.36699869     2.65208089     0.1231832723   1.198697961    
46       I1         1.892783879    1.607062876    2.915172285    0.6177638289   0.4273640679   4.45813412     1.577793398    0.09052593078  1.105706485    
47       I1         1.381827444    2.309147292    4.177968403    0.1752551528   0.3073840553   5.484717207    2.434767911    0.02342939592  0.2579379366   
48       I1         1.444278275    1.090187553    3.306796818    0.6465402684   0.8537564426   1.683142635    0.6641101064   0.09610087258  1.989536795    
49       I1         1.953548078    2.594591468    3.526345781    0.2366521052   0.2751800928   5.618450393    2.766775179    0.05175294729  0.4610405678   
50       I1         0.4057035626   1.248939516    4.153250314    0.07083899011  0.4360470655   5.939641469    0.7638133234   0.012938783    2.368024771    
51       I1         0.9657950803   1.213851171    3.992164059    0.4496035419   0.3509214385   6.61131203     0.6765196184   0.07630263641  2.195016751    
52       I1         1.221021649    1.855932989    2.752934595    0.1339867501   0.9023741      7.427576021    2.45649262     0.03510037557  1.547968944    
53       I1         1.205255055    2.186006007    2.725188637    0.4528106755   0.9224487796   2.908796736    1.221526973    0.0658613731   1.826512739    
54       I1         1.628908169    2.306006852    2.510864016    0.1911231965   0.06784710513  8.264963864    1.186216058    0.1161062427   0.8816205443   
55       I1         1.026046435    2.074017228    4.053596237    0.7827888579   0.6270359666   7.952141837    0.02520256267  0.1366896919   2.354313811    
56       I1         0.8313026433   2.493927199    3.27268924     0.6948103972   0.4617170534   7.105306752    0.121763921    0.1450855514   2.440043055    
57       I1         1.488799289    2.318754595    2.955537223    0.07903790755  0.871363053    4.60317251     2.175543378    0.1307452222   0.8066580672   
58       I1         0.6558687647   2.364682212    3.223508307    0.06864317479  0.8469582789   0.3582731703   2.073993922    0.09488914473  1.044299725    
59       I1         0.6881199015   1.637809805    3.920708269    0.01128075689  0.01152641849  2.212150905    0.999927641    0.04555724425  0.526377183    
60       I1         1.915915018    2.381482366    3.771107536    0.1241161824   0.3850713039   9.583711601    2.328605118    0.1460048506   0.4844558752   
61       I1         1.216061424    2.204138346    3.571354347    0.7782062663   0.6953665752   9.218734886    1.480537636    0.1491522456   2.141277425    
62       I1         1.505239601    1.846727143    3.27858566     0.3534372038   0.04468927487  2.631645173    2.938218601    0.06516090887  0.3169529529   
63       I1         0.5144262091   2.689725624    2.741246095    0.9575132077   0.8629435835   9.006293536    0.4844247353   0.08268209967  2.833586187    
64       I1         1.88843912     1.47684756     3.282973026    0.4844471541   0.8928641198   6.124559585    2.592730726    0.0135134567   1.308295718    
65       I1         0.6158441461   2.6877406      3.979006456    0.6890713407   0.2176088771   2.571069128    0.7192227618   0.1406262523   2.593659145    
66       I1         0.39845222     2.673454282    3.217801873    0.594645732    0.3027026087   2.389447736    0.6552940158   0.1437611241   2.629152162    
67       I1         1.324356168    2.282828503    3.140613029    0.9105767505   0.6084285145   1.905774743    2.773276552    0.1061822672   2.12102584     
68       I1         1.112249205    2.232347639    3.711363838    0.1423160262   0.7943040718   3.161734854    2.412721669    0.1066886063   0.7065804221   
69       I1         0.7856290043   2.095049203    2.996022772    0.1397966434   0.807958624    3.506294406    2.646035071    0.09548019567  1.060004497    
70       I1         1.13489634     1.201716412    4.266933182    0.152770079    0.3787398946   5.308717337    0.1089241533   0.05736759     1.274966424    
71       I1         0.4552595495   2.664262274    4.382333396    0.5950280336   0.964709477    0.5941868708   0.9779617414   0.0854061307   2.57349473     
72       I1         1.622287052    1.794869922    4.222988627    0.7390744977   0.941542642    2.28079469     1.087077552    0.08156963308  1.721479055    
73       I1         1.937686949    1.684763754    3.075562603    0.7968582963   0.220584488    3.465457878    2.814000028    0.1137514449   1.052586237    
74       I1         1.618362611    1.222511354    2.719834169    0.3027917464   0.9527122088   1.57776624     1.811241974    0.1051745317   1.733358034    
75       I1         1.406987481    1.328667274    4.460416691    0.588488354    0.4302886432   1.28832285     2.165688921    0.03492587567  1.72847517     
76       I1         1.921550885    2.462764673    4.311366217    0.5112211774   0.2819903394   9.082364385    0.529926467    0.08654852679  0.2101479389   
77       I1         1.931563387    2.61158016     3.64216882     0.1060554789   0.4123488404   6.850141074    1.097941292    0.09811672409  0.3890048695   
78       I1         1.024984263    1.772829532    4.191135207    0.9125552918   0.8350015658   4.166339747    1.076951973    0.007754395599 2.465448614    
79       I1         0.8789505393   2.103964652    2.824612651    0.5617577824   0.08285317218  5.436145523    2.300469598    0.1223930743   1.98020532     
80       I1         1.764753117    1.754827795    3.516151248    0.4342557839   0.7707287291   4.956372551    1.925598564    0.1229408023   1.177549317    
81       I1         0.9059262998   1.950323918    4.04804838     0.5475402506   0.813832477    7.899259404    1.319112818    0.06816205034  2.277914651    
82       I1         1.740831827    2.499003633    4.415591986    0.3617429562   0.1739787854   7.534625544    0.2672086657   0.03983068847  0.1949456931   
83       I1         0.3351591749   1.705854979    3.45754666     0.3297835083   0.4827215116   0.1383557627   2.2779584      0.1340964609   1.872040476    
84       I1         0.6677877611   2.436423644    4.068233866    0.03599679946  0.6720925495   5.044471134    1.983086052    0.05286737815  0.7543208278   
85       I1         0.4240566145   1.605384842    3.667595332    0.5353698492   0.2087928288   8.799554718    1.151288035    0.005450755143 2.673511599    
86       I1         1.962053355    2.653075503    2.789409178    0.6853682706   0.5312512202   2.089410644    2.583776224    0.008001080532 0.9344350598   
87       I1         1.182398971    1.661443372    2.621126085    0.9308505921   0.6208331469   7.256774185    0.1332352735   0.1236859556   2.324357344    
88       I1         0.7957480231   1.173806576    2.972977533    0.127562032    0.9584592573   3.251303546    1.385009744    0.1486837938   2.372464072    
89       I1         0.5702487049   1.675837711    4.446948188    0.8096779854   0.653742217    6.983470842    1.042364317    0.1015110234   2.740415493    
90       I1         1.162721522    1.475532227    3.496524632    0.2011009297   0.8435021733   4.715888998    0.07806310046  0.05136966188  1.99668019     
91       I1         1.040563043    1.81166574     3.537894867    0.4895793974   0.07391524674  2.653942694    2.428998184    0.1256917855   1.359038295    
92       I1         0.600299416    2.171886984    4.006081118    0.8583340564   0.4484366104   9.174741589    2.554685489    0.07855224944  2.705912348    
93       I1         0.6401521459   2.480325566    4.125732872    0.4085227492   0.7289337692   3.614292698    1.116822869    0.06684404514  2.234157009    
94       I1         1.645442561    1.386281804    4.489577456    0.03765811168  0.2464161253   6.634035164    2.122740425    0.07305031055  0.430646786    
95       I1         1.107474017    1.563813263    4.278076749    0.3136359659   0.2935083771   5.275197541    2.283839803    0.131653252    0.2498684873   
96       I1         1.670202853    2.50296565     3.968111588    0.5377850523   0.827400762    2.183137175    1.448950676    0.03802958748  1.198155177    
97       I1         0.4304851418   2.668874854    4.012869763    0.7660642874   0.1214055083   7.187073331    2.831746868    0.008543433097 2.754950365    
98       I1         1.126024947    2.564005466    4.43791119     0.8608480364   0.1505513559   4.727184153    0.05528211635  0.01517061853  2.33342709     
99       I1         0.6098356177   2.455724537    2.888551602    0.0903694521   0.5788924596   5.774861325    0.1171709464   0.06084452873  1.72065264     
100      I1         1.690483718    1.522818988    3.481052509    0.9169635703   0.685109752    1.059934205    1.234983084    0.07176619755  1.735302764    
101      I1         1.266159008    1.535255594    3.178457219    0.7643935641   0.7841465648   0.6063780837   0.4089704549   0.0856001176   2.155368064    
102      I1         1.578140663    1.783104062    3.54214926     0.8392264346   0.7054546704   6.710055755    0.5693354812   0.00632673342  1.84924776     
103      I1         0.4737196634   1.740200609    4.340212492    0.6817590328   0.633732568    9.767570232    1.874902371    0.03091458979  2.716084594    
104      I1         1.382954783    1.029610094    2.628772169    0.2944660222   0.09677803858  3.289680331    1.374682286    0.004826404837 1.531186657    
105      I1         0.8352697815   2.215010462    3.764382356    0.3908718751   0.5857182627   7.772486148    2.965197919    0.1096532556   1.442097232    
106      I1         0.9621420747   2.538197415    3.349998568    0.3579996258   0.2375262317   5.736727176    2.333969627    0.03136666695  1.451002134    
107      I1         1.225710618    1.963526746    3.59973603     0.989453186    0.607010724    8.654259139    2.857293454    0.05828600784  2.315070085    
108      I1         0.4976089969   1.987294004    4.20024087     0.07396129374  0.3931840479   6.409110143    2.498217762    0.08609194018  0.2734931973   
109      I1         1.422242053    1.259956569    3.530301182    0.2099069187   0.7659888071   2.999869278    0.7292408204   0.02518197987  1.796096965    
110      I1         1.72488636     1.576814556    3.357614425    0.9358103204   0.4473012554   9.548449799    2.099299549    0.08411302455  1.699643229    
111      I1         1.564016217    2.129963821    4.284302384    0.5279734897   0.6156617733   7.662693208    1.278329861    0.04349394595  1.360560386    
112      I1         0.7113794074   1.850722746    2.693563229    0.3832702037   0.9310201391   1.957400108    2.880324012    0.01473357347  2.010856959    
113      I1         1.600285292    1.995419009    3.859167714    0.3334357705   0.9190928976   3.991173488    2.461026005    0.08990175059  1.173134974    
114      I1         0.3830346702   1.116056146    4.374703127    0.7772854328   0.836560833    2.946877912    1.963900448    0.06211122234  2.815241571    
115      I1         0.9445149779   1.299671974    2.549313107    0.1094647061   0.9267890524   7.751662791    2.975139923    0.07935041428  2.029562593    
116      I1         1.701964074    1.303784423    2.737443737    0.9197970148   0.9713532722   8.751343945    0.6145947086   0.05556433279  1.771255307    
117      I1         1.230764125    1.643923416    4.077979364    0.06021600091  0.9379771955   7.15887715     2.52247277     0.1116211901   1.604111184    
118      I1         0.3177406747   1.717746796    3.21120112     0.03961106068  0.739563675    0.4383188587   2.365517818    0.1010513002   1.289875004    
119      I1         1.665250111    2.013724513    3.33756519     0.1350522446   0.8969460614   7.407846489    0.4711582756   0.119433557    1.17431211     
120      I1         0.4792202012   2.51442489     4.08083248     0.7502022129   0.03575032858  2.505893795    2.231213606    0.1348549898   2.692330462    
121      I1         0.408544849    1.96163696     2.518656767    0.09506460568  0.6674393617   5.133200276    1.029585083    0.1321908595   1.904391818    
122      I1         0.4175703839   1.382261558    4.413056666    0.9711978667   0.7807575394   6.440097854    2.379123475    0.1331798536   2.868263318    
123      I1         1.269443469    1.457724002    2.57275019     0.768180211    0.3251547208   3.013930012    2.928120589    0.1271908647   1.999906019    
124      I1         1.098367723    2.680127378    2.906036344    0.1861942359   0.08592714136  4.884283603    2.86679589     0.07509980373  0.3239455577   
125      I1         0.9931211435   2.600075591    3.998975956    0.4563962076   0.7065786773   8.569121207    2.386174126    0.1104909885   1.482395494    
126      I1         0.9821751427   1.588301778    3.13492306     0.2345873294   0.5424318474   6.296109337    2.408380679    0.05764192863  1.422603257    
127      I1         1.990996676    1.41831238     4.353231216    0.5638427568   0.5132588444   3.177402617    2.138940596    0.08232010274  0.6861992088   
128      I1         1.682335925    1.823230549    3.068165516    0.02456168552  0.7113755041   4.019669975    1.717770877    0.1121178233   0.9873220314   
129      I1         1.82491466     1.591783969    3.860473881    0.9063060078   0.3380955784   4.999514334    0.2188061628   0.1404543985   1.530661979    
130      I1         1.518732135    1.629118409    2.538278452    0.8532681676   0.1685791455   9.526076387    1.702158785    0.09909258809  1.850029324    
131      I1         0.973829551    1.550618968    3.325752487    0.8179985224   0.6889461185   5.682692331    0.2457813899   0.0122955328   2.47193022     
132      I1         1.708819711    1.239487442    4.028099965    0.7218329044   0.2536875913   1.149210547    2.728388239    0.01102040175  1.25770514     
133      I1         0.4433185135   1.43332527     2.641115736    0.8351751549   0.02848347457  9.990094479    1.936736776    0.04440896626  2.82016613     
134      I1         1.200518864    2.35817213     2.599265732    0.8496504772   0.01337837752  2.891081887    0.7896408734   0.06144941238  2.235455112    
135      I1         1.841418893    2.333158098    4.01903848     0.2863724592   0.9622850424   3.486612735    1.510729246    0.07429449506  0.9734426121   
136      I1         1.722002096    2.161198875    3.609136604    0.1448942896   0.3148766168   7.310678901    2.907904564    0.09348076221  0.4410310209   
137      I1         1.751218561    2.555003389    2.804628639    0.4033144509   0.5846141512   4.801508251    0.04464897761  0.02291575075  1.056789756    
138      I1         1.868473146    1.952210491    4.300944502    0.2528676024   0.714725534    5.787673809    0.001945486509 0.01648820856  1.02303032     
139      I1         1.589566797    1.423331016    3.898699169    0.668142229    0.509737054    1.696533584    0.861623661    0.1335532432   1.585050866    
140      I1         1.948251375    1.880140909    4.454172702    0.5748104646   0.05394717492  1.857627286    1.953344194    0.09359025891  0.239432602    
141      I1         1.542088596    2.201317947    2.976308004    0.1681824529   0.5109124987   8.296674237    1.900042494    0.0547689613   0.8801722146   
142      I1         0.3131261282   1.231727704    3.18661111     0.6238800601   0.3414620436   3.812652926    0.9109934894   0.03271501446  2.79164784     
143      I1         1.979905971    1.806078942    2.605669016    0.7246198575   0.4707808031   9.688580275    0.8059031511   0.0799039971   1.134393679    
144      I1         1.310439953    1.487285369    2.757391787    0.4149177055   0.6568343862   6.895136135    0.8428209705   0.1468897017   1.818899818    
145      I1         1.608771412    2.226407977    3.34417956     0.6010773471   0.1250539843   0.8712048423   2.229455257    0.06642380585  0.9811038779   
146      I1         1.340856682    1.236657754    4.478762658    0.4782339761   0.8500911906   2.073431759    1.668531138    0.04399668734  2.018910983    
147      I1         1.998319731    1.816862121    3.584868323    0.1569038732   0.5220185425   6.104156355    0.5705699155   0.1445116749   0.5530224349   
148      I1         0.8535962471   1.780657403    2.672121545    0.05814758281  0.6994658029   3.558779445    0.6419632918   0.1479835051   1.688688387    
149      I1         0.7603459946   1.51774427     2.808007965    0.09380691351  0.1597277525   6.688892982    2.216612014    0.04131197187  1.243472157    
150      I1         0.7805910733   2.324481988    3.951384311    0.05397155562  0.2666295428   1.544169539    1.693052362    0.07753047142  0.3304440471   
151      I1         0.787877155    1.072841677    2.875069965    0.179527658    0.459415704    5.877084206    0.8844878752   0.05937264649  2.142551597    
152      I1         0.5570628343   1.034365161    2.581990262    0.4984778558   0.8223547415   4.675868525    0.3349721691   0.0210907425   2.687851258    
153      I1         0.9154537974   1.31261729     3.314757769    0.5249688643   0.7282635288   9.807148281    0.2318342026   0.1371336349   2.360672044    
154      I1         0.8066862593   2.327072205    4.497385341    0.2749906241   0.2025505396   1.20806615     2.007976445    0.06275296592  0.3573917242   
155      I1         1.479476688    1.394356037    3.20471397     0.4360845678   0.8820383405   6.266903658    1.46266037     0.07734629702  1.817098945    
156      I1         1.144801891    2.635292786    2.983373812    0.8055794563   0.03002443055  7.03016898     2.680592967    0.03789655592  2.152662174    
157      I1         1.151278613    1.614103081    4.292586158    0.9378834073   0.02603853883  1.393663158    2.189518444    0.04019933409  2.338821676    
158      I1         0.719191177    1.749257324    3.253518959    0.9315443773   0.9684807231   2.271706462    1.475561403    0.07657819137  2.691633664    
159      I1         1.574434238    2.590534515    3.006847077    0.7909367982   0.06335144982  4.247479126    1.831177562    0.1176652344   1.583036483    
160      I1         0.3107108767   1.124789684    4.105667461    0.1822568941   0.3355639597   3.302655049    0.5886212789   0.03576297756  2.45315979     
161      I1         1.428226823    1.648557062    2.941309496    0.8202279181   0.1177522271   0.5511667692   0.3805505836   0.09689002209  1.916323423    
162      I1         0.3902345162   2.530528148    3.151201792    0.2482968935   0.2999623596   1.040583558    2.488280796    0.1304707609   1.104136711    
163      I1         0.9241843732   2.607205399    3.447680515    0.3374150785   0.279182846    6.763594913    0.03178298601  0.05090217145  1.877834759    
164      I1         0.5744913194   2.644110444    2.702744019    0.4156345467   0.3741075441   0.9747690129   0.4252164516   0.06963530766  2.302003268    
165      I1         0.5303073602   2.000874494    3.260898568    0.6350235686   0.6425564559   0.6281363281   0.2219254966   0.1299034112   2.587807216    
166      I1         1.507471669    1.40414358     4.371764867    0.9033250825   0.3221937678   1.941395209    0.6913817737   0.1325113058   1.942177622    
167      I1         0.6609580598   2.372407311    4.037871506    0.282446083    0.7329755853   1.989780196    0.6006704941   0.09596376834  2.02102098     
168      I1         0.9537959759   2.165513297    3.491418829    0.6318941159   0.949165208    0.3973248431   2.027227708    0.02394938466  2.285844358    
169      I1         1.811396034    1.051939886    3.084757358    0.4631838113   0.1013074441   6.01519677     1.306434248    0.05622920748  0.923589666    
170      I1         1.674256652    1.545416253    4.406230546    0.4686115266   0.5031211313   3.105402687    1.059015923    0.1430553987   1.203452209    
171      I1         0.7357388406   2.133923259    3.326822502    0.5540566055   0.5185026592   7.585434032    2.508652819    0.0184832782   2.277456174    
172      I1         1.254082153    1.686736869    3.123302953    0.8847277457   0.5671904152   5.955674479    1.535236729    0.1351786396   2.217745704    
173      I1         1.80468192     1.181177565    2.666142613    0.2228202545   0.2877460165   8.334224322    2.254110226    0.005664626123 1.015632325    
174      I1         0.6729906473   1.442057733    3.097604414    0.6022610977   0.2602711335   8.24717916     1.997856989    0.0006085640086 2.535816872    
175      I1         0.866175135    2.353332986    4.13262006     0.9795582233   0.2098740821   1.010521473    1.868333832    0.01420292683  2.619846244    
176      I1         0.3052678245   2.578719527    3.100025495    0.6297198519   0.7516442785   9.199591692    1.28403948     0.01041320944  2.791872782    
177      I1         1.101323509    1.511267464    3.391570594    0.1134234945   0.15576903     8.703049179    1.358344629    0.09183180377  0.8636341444   
178      I1         1.870099175    2.637878489    3.128993032    0.2729217598   0.4931008605   3.745943433    1.211480416    0.09201611646  0.5853918252   
179      I1         1.452181115    2.477854227    2.85479035     0.8944457742   0.2340491312   7.283779674    2.668773302    0.003624897103 1.971811263    
180      I1         0.4689079693   1.767639995    4.314317134    0.100521532    0.5760678983   7.027733153    0.7381165165   0.03870169607  2.15080827     
181      I1         1.301021493    1.322749343    4.042251232    0.5146411477   0.2448017307   2.34359497     2.786979858    0.1144436389   1.248750768    
182      I1         0.3540151082   2.288418569    3.885662293    0.507708016    0.1849948652   1.231381987    2.756828917    0.009319734087 2.4056951      
183      I1         1.860860465    1.693992783    3.910475407    0.03232881701  0.4874712745   5.814931171    0.9034729727   0.04656691204  0.3467069402   
184      I1         1.467821931    1.105283673    4.393020831    0.4223373309   0.3997498947   6.315550258    0.1614935338   0.1087267717   1.484905795    
185      I1         1.69721588     1.368306792    3.03283948     0.01761344909  0.2317561964   9.33223508     2.828828885    0.1070734229   0.3597076386   
186      I1         0.872472806    2.447268904    3.113606452    0.7047729654   0.1628758786   3.090635965    0.7512556124   0.0540823755   2.42927219     
187      I1         0.8114660747   2.660330014    2.948627563    0.6702249147   0.9142553178   0.9222992184   1.889784482    0.09130776417  2.322174687    
188      I1         1.492923017    2.694562258    3.693600047    0.2506824008   0.6796230876   8.62880349     1.735634008    0.01050812032  1.029528059    
189      I1         0.937441218    2.25008588     2.563463878    0.1033801179   0.5735897937   9.053510048    2.692178152    0.04516243601  0.7812794868   
190      I1         0.7724829562   1.623563135    4.334839097    0.7994510876   0.9325752491   9.442576294    1.256549383    0.08857988384  2.611088947    
191      I1         1.557081237    1.875005895    3.788768941    0.4439054183   0.8604976298   0.3257977483   0.5485266905   0.06316804598  1.50718752     
192      I1         1.347496987    1.146068176    4.095182904    0.676848485    0.2576233267   3.876418288    0.4427522305   0.01309764807  2.011789584    
193      I1         1.052531105    1.448917371    4.237773043    0.6064637601   0.3632845532   2.456995337    1.420503768    0.03390316697  2.24716257     
194      I1         1.969316018    1.425525521    4.166435226    0.04631572826  0.06917312631  0.803349096    2.576545374    0.0551313923   0.6535602375   
195      I1         1.335763744    1.338449556    3.984371269    0.4393065005   0.5642428646   3.940408519    0.1868876457   0.03186250395  1.879995773    
196      I1         0.6218146609   2.112643846    3.549718539    0.8661838949   0.5233939486   8.584118857    0.5526622512   0.03014774302  2.744579503    
197      I1         0.519434217    1.022174469    3.439605621    0.9243459712   0.6635464248   0.6846961195   1.649026708    0.06719876457  2.793470152    
198      I1         1.908649771    1.542045094    3.246093392    0.5763089343   0.9883526835   2.837997409    0.5350325543   0.1108413201   1.387569365    
199      I1         1.015064302    2.044425839    3.831236871    0.9698528934   0.1790726062   5.318249909    1.721335498    0.04257192093  2.506358963    
200      I1         0.869678216    2.407301197    2.591160766    0.2212320219   0.8581902132   2.418285222    1.780800284    0.1218032697   1.371783087    
201      I1         1.748286095    1.597078326    3.006263884    0.2089163743   0.3909964414   4.365068302    1.179332422    0.01686713527  1.009228112    
202      I1         1.373481817    2.267059179    3.639907075    0.5665403297   0.8994223175   0.5155318816   0.6349166313   0.0405659012   1.740479068    
203      I1         1.614376697    2.106105563    4.440692207    0.2257529178   0.5982216018   7.789316642    0.7095826756   0.141569001    0.2971692297   
204      I1         1.850647614    1.276145037    3.060427032    0.5227558373   0.6290082472   4.058018758    2.792727183    0.1125936828   1.107719045    
205      I1         1.836356129    1.90839714     4.145470396    0.2605007178   0.6908226698   9.893005244    2.245727868    0.09968766467  0.3089361328   
206      I1         0.3443498047   2.066444463    4.135486143    0.2398713653   0.8255057529   7.064042437    2.533277986    0.02675414175  1.962892919    
207      I1         1.171461564    1.720055247    4.180923743    0.1717771929   0.3434151444   6.216627951    2.111441234    0.08046868171  0.1924171498   
208      I1         1.131380639    1.408394001    3.961198443    0.3991976672   0.1985287257   2.025216672    0.1443488069   0.1045308158   1.708509212    
209      I1         0.7999073836   1.206270639    4.360787384    0.7740396554   0.1376139005   6.352420219    2.706239538    0.1283767536   2.483755165    
210      I1         0.6741398318   1.162088808    2.767248125    0.3205776368   0.4067010932   5.162715657    0.3113873632   0.04753997679  2.35537038     
211      I1         0.5783994492   1.138117183    3.903464658    0.0138220575   0.1952555708   3.91128993     0.3273412944   0.1157870359   0.7962356899   
212      I1         1.434442838    1.283147972    4.116854075    0.7860742005   0.1890601572   1.593846828    1.038490201    0.08354062935  1.891640976    
213      I1         0.728718011    2.148702014    4.23019236     0.2674938073   0.4780046208   1.276621057    1.269511844    0.1020713069   1.72527789     
214      I1         0.8192857502   1.340093733    3.419812513    0.3947952275   0.07719894133  6.766951214    0.9370100619   0.1484094694   1.979651346    
215      I1         1.815934321    1.461686529    4.251926883    0.3438077843   0.5544699285   8.960502068    2.478306973    0.02911006152  0.3689586791   
216      I1         0.7074897604   2.049813049    3.304219489    0.6421091236   0.1201212604   5.524604038    1.136251669    0.02010144627  2.53700398     
217      I1         0.7675012623   1.400965242    3.574528517    0.7599331456   0.8887746462   1.373626406    1.977756001    0.1385494334   2.546597688    
218      I1         0.6296351808   2.208117891    2.83496418     0.6520493137   0.5953864639   7.375963574    1.361306337    0.03717963817  2.579343389    
219      I1         0.7196277594   1.169199313    2.841873065    0.2689075142   0.2156810159   4.447244152    0.5141239158   0.1197957861   2.016688906    
220      I1         1.876269462    1.937680794    4.421940351    0.3857637516   0.6961344583   2.777260348    1.821818187    0.1312056985   0.6654665821   
221      I1         1.559430362    2.543200157    2.687332496    0.3961759723   0.805928482    1.447753494    0.7993175579   0.08782759265  1.132686576    
222      I1         1.783188645    2.06095185     3.373360849    0.1205591682   0.5475262182   0.241138325    1.393814444    0.09028875143  0.5736557456   
223      I1         1.911398778    1.285348205    3.784201027    0.6646589952   0.1659209448   2.596206367    0.3920599792   0.1359262448   0.9414694459   
224      I1         1.659968719    1.371707752    4.207658737    0.07736213041  0.1446908839   8.415995466    2.544492742    0.09432899781  0.5258003735   
225      I1         0.5094663364   2.120810807    2.992332302    0.8314936832   0.3331156004   7.868435783    1.291651612    0.1285810779   2.7835243      
226      I1         0.8884118105   2.37031698     3.443101497    0.7102397642   0.5517586627   0.1095228706   0.4918380509   0.02473809058  2.448226362    
227      I1         1.498235502    1.763486224    3.756594181    0.8700867974   0.356885533    7.465637508    1.599009314    0.1293649199   1.909178136    
228      I1         0.4921449078   1.010688332    3.554404698    0.5006140939   0.3617422335   9.273599008    2.893863476    0.1414284564   2.374901678    
229      I1         1.117992494    2.488531847    3.954929593    0.1156888522   0.7594634673   4.630881637    2.051924932    0.002558928744 1.422921939    
230      I1         0.3677524232   1.189323103    3.868783827    0.1646286199   0.2417438303   6.175578454    1.852109712    0.0524513719   1.66865786     
231      I1         1.250014581    2.529878567    2.93227432     0.1586357021   0.4105007558   3.411606954    0.4188999556   0.02605462976  1.258888472    
232      I1         1.069000019    1.926213285    2.851202478    0.6251937004   0.1065470813   4.504271809    1.207174493    0.1395387753   2.076631171    
233      I1         0.8480205554   2.298393316    3.03564899     0.465210757    0.622309483    1.63161365     2.269173725    0.03224627519  2.031806457    
234      I1         1.987353195    2.391765973    2.674299496    0.4751500174   0.812421547    6.827758737    1.672633847    0.006856686247 0.9879287927   
235      I1         1.474533859    2.273852932    3.195114581    0.3419970723   0.9848527638   9.849586199    1.240942534    0.04826357544  1.373003413    
236      I1         1.092924469    2.347031718    3.461227053    0.8802523054   0.979447786    6.399624598    2.359403291    0.05660857013  2.331072457    
237      I1         1.758476031    1.941346502    3.63207404     0.7362907138   0.3533398499   8.893932136    1.195107604    0.08335720518  1.340202074    
238      I1         0.8414926297   2.422904768    2.528631855    0.2421199327   0.2956648772   7.978424054    0.4321993705   0.097276535    1.739305871    
239      I1         1.315604476    2.522935073    2.815005329    0.3768789556   0.6483402606   0.275446016    1.611087785    0.0189179471   1.490654846    
240      I1         1.257981942    1.197083982    3.469245654    0.876164382    0.7373991272   5.220264853    2.95442912     0.02570949011  2.221803019    
241      I1         1.280854117    2.619524521    4.08921173     0.2294786622   0.2851235629   2.534502614    0.01710555688  0.1250446065   0.2249697927   
242      I1         0.5014862514   1.346035666    2.934513602    0.9805095429   0.06031807634  9.035347113    1.625273246    0.04231149244  2.847086011    
243      I1         1.881864559    1.090962769    3.752344211    0.5699990112   0.8014879318   8.08061807     1.348373174    0.06907828848  1.349839378    
244      I1         0.9870801418   2.58541142     4.264413472    0.9569122946   0.757544596    6.59679333     2.841698822    0.04869545587  2.50226493     
245      I1         0.7409346075   1.061946202    3.692109568    0.2626567102   0.7761797963   8.158161341    2.512066875    0.1244514553   2.253455405    
246      I1         1.799934239    2.091183159    3.805383155    0.1869733362   0.5280954635   9.935364316    0.8552969856   0.04603715189  0.5420768303   
247      I1         1.933004722    1.046458867    3.409406389    0.8261550649   0.603556501    8.435700196    2.145187741    0.1208402955   1.303254038    
248      I1         0.5874682381   1.727952704    3.296963637    0.5316747404   0.02016356509  4.310346469    2.315866658    0.07121320291  2.27659112     
249      I1         0.7461268417   1.109985789    3.593232741    0.8162194583   0.9077946181   5.870925088    1.773047415    0.1148664458   2.659987044    
250      I1         0.5937185563   2.23575481     3.876091411    0.8873828238   0.2682707875   3.042521913    0.62291815     0.144143226    2.755185361    
251      I1         0.6501714999   1.502985028    4.196549783    0.7156196559   0.4967438265   4.563016676    0.9252385565   0.04955140944  2.648400038    
252      I1         1.296228928    1.867335465    4.218569711    0.2810816412   0.8759965862   4.78116836     2.444468115    0.07271500332  1.45344537     
253      I1         1.464084269    1.865102614    3.778708329    0.4727462276   0.6360603293   7.623043751    1.491604097    0.1267877024   1.469968945    
254      I1         1.857817526    2.175444903    3.819235255    0.9752273023   0.6746964876   7.717283805    1.55345136     0.05883320443  1.580990533    
255      I1         1.822802265    1.833095461    2.830048849    0.5394486182   0.6438213597   1.113506027    1.017395017    0.08062017272  1.15426858     
256      I1         1.3490471      1.654378836    2.908180833    0.7558619954   0.182428131    2.118319626    1.329604916    0.1078446289   1.92486764     
257      I1         1.550696324    1.558553607    4.297124512    0.4191608878   0.3700228634   1.845591962    2.987872678    0.05984180384  0.2073047705   
258      I1         0.8563423004   1.487467654    2.544647477    0.9614109575   0.05124040972  0.701920532    0.3766807604   0.07844437726  2.61644193     
259      I1         0.8936899455   1.359935892    4.397440051    0.05106478175  0.8857831008   9.929435802    0.8795571241   0.03613948145  2.251535206    
260      I1         1.415755904    2.126531714    3.824234156    0.4313628953   0.320086903    8.095700615    1.105606589    0.004430687288 1.540836062    
261      I1         0.5489412889   1.266991593    2.520144982    0.7479293057   0.07942275114  8.370357904    0.208140036    0.1458428686   2.714764435    
262      I1         1.076181637    2.402522684    2.50197392     0.1493129      0.6631821369   4.124835472    0.8317494882   0.0288998143   1.591865835    
263      I1         1.212023774    1.186086906    2.576428011    0.06244660579  0.8745567966   6.043796498    1.80389414     0.07374720535  2.002460664    
264      I1         1.288003539    1.120258727    3.190784844    0.9534866534   0.9830281785   1.458145766    0.9829655613   0.02235677251  2.2663232      
265      I1         1.636678545    1.310918435    2.726943377    0.4476728921   0.1311815475   6.001678038    1.001682807    0.001623301074 1.33948917     
266      I1         1.23714383     2.419043855    4.25617578     0.3476104215   0.191096213    6.52304944     0.5066924989   0.001495616575 1.53788452     
267      I1         1.05919981     1.353113064    3.506186554    0.7351553244   0.3294683232   2.681876318    0.2547379616   0.07036596069  2.318694153    
268      I1         0.5420655705   1.985846631    4.064944398    0.04404286758  0.6396143959   6.953071345    0.468435007    0.06416595714  1.823544439    
269      I1         0.36004142     1.790683409    3.929824668    0.8012678524   0.8833437898   8.861973182    1.632950029    0.1204065959   2.83607995     
270      I1         1.651440729    1.527044211    3.653744343    0.9844407052   0.7502055389   4.846555464    2.292399425    0.1474081616   1.830202645    
271      I1         0.4301140715   1.802122459    3.845312261    0.3203010297   0.3871736439   5.567548951    1.583885767    0.1263437581   2.198088655    
272      I1         0.3734655823   1.831704451    3.427281611    0.02088740981  0.05784624219  8.818446818    0.1924150184   0.06786346206  1.337581224    
273      I1         1.538629173    1.07842609     3.395581343    0.6923296241   0.465508111    4.063302564    1.758918474    0.009787202042 1.798607       
274      I1         0.6957140961   2.459660638    4.172137493    0.7522225039   0.04071712417  0.8342739093   2.56643468     0.10095694     2.521217378    
275      I1         0.3285586371   1.157178291    3.732907637    0.5852573008   0.1413102393   1.779648702    1.844111533    0.08939721633  2.615953856    
276      I1         1.683075573    2.397986451    2.782108588    0.8130420474   0.5694610568   9.773474863    0.4552364846   0.1277969986   1.597647759    
277      I1         0.9989670997   1.100195685    3.048511995    0.2934147745   0.9372722994   2.35856479     2.998086719    0.1110283528   2.234115897    
278      I1         1.730353726    1.219835666    3.370947356    0.3513967573   0.09428000369  7.822289279    0.08128058462  0.1082669805   0.7234511907   
279      I1         1.192182611    2.086270055    4.357918419    0.78766895     0.842247825    8.538878684    2.632297919    0.03432551924  2.145862565    
280      I1         0.460359321    1.664203842    3.717211402    0.6396962211   0.7934731076   3.585673627    1.12701118     0.06005117521  2.700982307    
281      I1         0.3949104709   2.254104281    3.362561772    0.6090147236   0.2644768829   1.813236371    1.401817223    0.1031779262   2.613213712    
282      I1         0.8971714963   2.547458364    3.617691695    0.5440634302   0.3985872561   3.665753972    1.418766504    0.02433543685  2.270721326    
283      I1         0.7579706501   1.732391951    2.615440332    0.7065912886   0.5895334026   4.934930773    1.332293671    0.003228252633 2.555494197    
284      I1         1.046500615    1.015258679    2.710066259    0.6160442773   0.4965381045   0.7424392947   0.09558385917  0.02809264832  2.318815496    
285      I1         0.6847636401   2.191445607    3.510254339    0.8742615238   0.5329572475   8.194513123    2.20444443     0.02796695697  2.695694849    
286      I1         1.275950592    1.496423881    2.635728609    0.6112363957   0.5429176497   1.740474131    2.048008909    0.1167019711   1.891240374    
287      I1         1.592116285    2.512240563    2.612978149    0.8399888113   0.2239289244   0.3695975357   2.191356051    0.01788190988  1.709626066    
288      I1         0.4859222711   2.413440626    4.48415467     0.4929807404   0.4852475744   8.050056009    0.6841918299   0.1182956126   2.494531685    
289      I1         0.9744128914   2.141465459    4.02533537     0.1946010934   0.4526974088   9.65776003     0.3575580936   0.1094651313   1.40959464     
290      I1         0.9314794921   1.509549826    3.624777989    0.9462985109   0.7228376675   2.770534601    2.34747231     0.1026856449   2.551699781    
291      I1         0.4479365181   2.629135782    3.168104999    0.9264071911   0.7991067335   9.719304767    0.2988271394   0.1134185895   2.857159862    
292      I1         1.784835303    1.063528064    4.109591472    0.5496203686   0.01958054421  4.410688445    2.391205003    0.01736587268  0.1793244842   
293      I1         1.303370076    1.265502074    3.888104274    0.7134540686   0.7468992355   8.716605469    1.457601475    0.0157743658   2.145835551    
294      I1         1.085592975    1.437335597    4.154857191    0.8970061838   0.4435392042   5.371052394    0.9601078918   0.1429483698   2.385191771    
295      I1         1.186805977    1.580142564    3.385764139    0.8287151901   0.4161493205   6.548255037    2.719180238    0.06893497004  2.195931843    
296      I1         0.6263816946   2.221495105    3.794201365    0.6968460319   0.7171644045   9.604909417    2.035511573    0.1380583323   2.523333851    
297      I1         1.956310536    1.67081122     4.469608268    0.6742736568   0.4242836668   3.783799195    0.8105398535   0.03348301499  1.069251481    
298      I1         0.9177023502   1.892177349    2.657896966    0.3140481537   0.4200881004   0.2008739061   0.9528779359   0.07066272143  1.895313517    
299      I1         0.3762842491   1.024249216    2.761519739    0.2175845276   0.7724180491   9.301918015    2.088774999    0.03913402883  2.576861677    
300      I1         0.3485504418   1.74754868     3.665054857    0.6578579263   0.7855111937   7.516776562    0.9454382972   0.1041556329   2.761940632    
301      I1         1.31090535     2.353703704    4.495884774    0.2701234568   0.116872428    0.1203703704   2.796296296    0.137962963    0.3297960772   
302      I1         1.996502058    1.570164609    4.487654321    0.4274074074   0.137037037    0.1203703704   2.99382716     0.04351851852  0.376294246    
303      I1         1.737654321    2.696502058    4.495884774    0.1733333333   0.2459259259   0.1203703704   0.006172839506 0.1342592593   0.3377371785   
304      I1         1.996502058    2.129835391    4.495884774    0.3346502058   0.137037037    0.1611111111   0.4259259259   0.06759259259  0.3443726233   
305      I1         1.00308642     2.101851852    4.495884774    0.2055967078   0.2257613169   3.583333333    2.660493827    0.09166666667  0.2889158374   
306      I1         1.716666667    2.325720165    4.495884774    0.2580246914   0.2902880658   6.272222222    0.9938271605   0.1175925926   0.2804261601   
307      I1         1.401851852    1.808024691    4.397119342    0.2781893004   0.1975308642   0.1203703704   2.228395062    0.1009259259   0.281469284    
308      I1         0.9611111111   2.696502058    4.495884774    0.1854320988   0.1007407407   0.1203703704   1.759259259    0.100308642    0.230981832    
309      I1         1.170987654    2.325720165    4.240740741    0.01201646091  0.09670781893  0.4055555556   0.3148148148   0.1169753086   0.3159498737   
310      I1         1.00308642     2.500617284    4.413580247    0.2257613169   0.116872428    0.1203703704   1.99382716     0.05092592593  0.2040251916   
311      I1         1.240946502    2.325720165    4.487654321    0.2257613169   0.3064197531   2.238888889    1.99382716     0.112037037    0.242541166    
312      I1         1.303909465    2.696502058    4.141975309    0.1894650206   0.1854320988   0.4055555556   0.006172839506 0.1324074074   0.1920130556   
313      I1         1.059053498    2.332716049    4.216049383    0.01201646091  0.330617284    3.37962963     1.99382716     0.09907407407  0.4193406677   
314      I1         1.429835391    1.563168724    4.438271605    0.2943209877   0.3185185185   6.72037037     2.660493827    0.1027777778   0.1896590743   
315      I1         1.212962963    1.808024691    4.166666667    0.2257613169   0.2741563786   5.253703704    2.327160494    0.1231481481   0.225522795    
316      I1         1.031069959    2.136831276    4.495884774    0.1894650206   0.2096296296   3.338888889    1.944444444    0.0712962963   0.2021423023   
317      I1         1.996502058    2.689506173    4.290123457    0.01201646091  0.01201646091  3.338888889    0.006172839506 0.03240740741  0.4814397374   
318      I1         0.9611111111   2.353703704    4.273662551    0.2257613169   0.1612345679   0.1203703704   1.99382716     0.08240740741  0.2094163049   
319      I1         1.996502058    2.332716049    4.495884774    0.3346502058   0.5604938272   3.338888889    2.99382716     0.08425925926  0.3345623069   
320      I1         1.548765432    2.206790123    4.388888889    0.3225514403   0.3749794239   0.1611111111   2.99382716     0.100308642    0.2659627819   
321      I1         1.059053498    2.332716049    4.067901235    0.1209053498   0.4475720165   9.938888889    2.537037037    0.1169753086   0.3554041266   
322      I1         1.996502058    1.85           4.495884774    0.1733333333   0.4879012346   6.67962963     1.611111111    0.06697530864  0.3221458115   
323      I1         1.129012346    2.696502058    3.228395062    0.02008230453  0.6209876543   3.37962963     2.99382716     0.1175925926   0.4467962652   
324      I1         1.625720165    1.933950617    4.314814815    0.1491358025   0.3346502058   4.561111111    0.9938271605   0.06635802469  0.2525267976   
325      I1         1.436831276    1.745061728    4.339506173    0.1733333333   0.3548148148   7.82037037     2.00617284     0.05524691358  0.2191181457   
326      I1         1.996502058    2.696502058    3.845679012    0.01201646091  0.5604938272   0.1611111111   2.99382716     0.09907407407  0.5786324189   
327      I1         1.653703704    2.136831276    4.314814815    0.3346502058   0.3427160494   7.82037037     2.99382716     0.05092592593  0.2860469724   
328      I1         1.996502058    1.954938272    4.240740741    0.3346502058   0.4516049383   6.67962963     2.018518519    0.08364197531  0.2937753294   
329      I1         1.527777778    2.003909465    4.240740741    0.1894650206   0.4637037037   5.05           2.00617284     0.09969135802  0.2419760568   
330      I1         1.625720165    2.696502058    3.829218107    0.2459259259   0.330617284    3.338888889    0.006172839506 0.1435185185   0.23941155     
331      I1         1.429835391    2.689506173    3.83744856     0.01604938272  0.01201646091  9.938888889    2.99382716     0.03240740741  0.7270972109   
332      I1         1.548765432    2.696502058    3.170781893    0.1975308642   0.01201646091  0.1611111111   2.99382716     0.04907407407  0.4042165006   
333      I1         1.059053498    2.689506173    3.393004115    0.1249382716   0.330617284    3.37962963     2.99382716     0.06388888889  0.3855997932   
334      I1         1.996502058    2.31872428     4.364197531    0.3346502058   0.07654320988  9.938888889    0.1049382716   0.05277777778  0.3212017635   
335      I1         1.359876543    1.745061728    4.487654321    0.3346502058   0.2459259259   3.42037037     2.956790123    0.04969135802  0.1798995098   
336      I1         1.331893004    1.912962963    4.273662551    0.1128395062   0.3064197531   1.17962963     2.018518519    0.04969135802  0.2631977345   
337      I1         1.233950617    1.745061728    4.487654321    0.1733333333   0.3265843621   6.72037037     2.339506173    0.04969135802  0.1978351989   
338      I1         1.401851852    2.696502058    3.969135802    0.1410699588   0.584691358    3.338888889    2.00617284     0.149691358    0.326887953    
339      I1         0.562345679    2.47962963     4.364197531    0.02411522634  0.2983539095   3.37962963     2.314814815    0.100308642    0.4766305288   
340      I1         1.996502058    1.570164609    4.290123457    0.5282304527   0.01201646091  5.416666667    2.240740741    0.03240740741  0.272269182    
341      I1         1.282921811    2.136831276    4.265432099    0.137037037    0.330617284    6.72037037     2.00617284     0.0712962963   0.2841817272   
342      I1         1.625720165    2.136831276    4.191358025    0.2943209877   0.3386831276   0.7722222222   2.660493827    0.02685185185  0.2892203054   
343      I1         1.786625514    1.276337449    4.067901235    0.4758024691   0.0846090535   0.1203703704   2.833333333    0.04722222222  0.261453759    
344      I1         1.92654321     2.14382716     4.495884774    0.3185185185   0.2055967078   3.37962963     1.00617284     0.01203703704  0.2517908791   
345      I1         1.590740741    2.696502058    4.495884774    0.2096296296   0.330617284    0.1611111111   1.00617284     0.04969135802  0.2451653131   
346      I1         1.996502058    2.332716049    4.240740741    0.01201646091  0.3346502058   0.1611111111   1.00617284     0.04907407407  0.4396851287   
347      I1         1.688683128    1.68909465     4.462962963    0.2338271605   0.3185185185   3.37962963     1.685185185    0.03302469136  0.2088994352   
348      I1         1.877572016    1.682098765    4.273662551    0.3346502058   0.01201646091  3.338888889    1.018518519    0.04351851852  0.2988491462   
349      I1         1.996502058    2.696502058    4.462962963    0.5161316872   0.2217283951   1.627777778    2.99382716     0.1490740741   0.3171706331   
350      I1         1.996502058    2.696502058    4.438271605    0.4798353909   0.1733333333   3.338888889    0.2777777778   0.100308642    0.2613363712   
351      I1         1.989506173    1.325308642    4.347736626    0.3346502058   0.4838683128   1.261111111    2.99382716     0.07314814815  0.2597871002   
352      I1         1.996502058    1.374279835    4.067901235    0.2096296296   0.5524279835   6.638888889    2.99382716     0.08240740741  0.2743516606   
353      I1         1.996502058    1.752057613    4.281893004    0.2580246914   0.5362962963   0.1203703704   2.351851852    0.04907407407  0.3176101279   
354      I1         0.8701646091   1.661111111    4.051440329    0.04024691358  0.3911111111   3.37962963     2.339506173    0.1083333333   0.247219032    
355      I1         1.996502058    2.696502058    4.462962963    0.5241975309   0.2257613169   9.938888889    1.314814815    0.100308642    0.2396413534   
356      I1         1.996502058    2.14382716     4.281893004    0.5            0.3346502058   0.1611111111   2.99382716     0.06574074074  0.2932937408   
357      I1         1.996502058    2.206790123    4.191358025    0.5241975309   0.116872428    5.905555556    1.00617284     0.100308642    0.233175724    
358      I1         1.436831276    2.689506173    3.83744856     0.350781893    0.02814814815  3.461111111    2.99382716     0.1453703704   0.2671586577   
359      I1         1.170987654    1.598148148    4.495884774    0.2257613169   0.3386831276   3.338888889    2.277777778    0.100308642    0.1509355259   
360      I1         1.807613169    1.570164609    4.487654321    0.5524279835   0.01201646091  8.961111111    2.981481481    0.06018518519  0.2221128565   
361      I1         1.800617284    1.570164609    4.495884774    0.5161316872   0.01201646091  7.861111111    2.018518519    0.06018518519  0.2077148743   
362      I1         1.835596708    1.68909465     4.487654321    0.2539917695   0.1894650206   2.972222222    0.5            0.02685185185  0.2554956129   
363      I1         1.996502058    2.136831276    3.944444444    0.1854320988   0.2338271605   0.1203703704   1.462962963    0.0003086419753 0.3206181632   
364      I1         1.996502058    1.199382716    4.372427984    0.2822222222   0.1975308642   0.1203703704   1.277777778    0.01265432099  0.3010760557   
365      I1         1.632716049    2.696502058    4.495884774    0.2701234568   0.2701234568   3.216666667    0.006172839506 0.04969135802  0.2125715432   
366      I1         1.996502058    1.003497942    3.845679012    0.01201646091  0.3427160494   9.938888889    2.99382716     0.1490740741   0.4747050206   
367      I1         1.737654321    2.696502058    4.495884774    0.2096296296   0.01201646091  0.1611111111   1.339506173    0.006481481481 0.3085409376   
368      I1         1.996502058    2.696502058    4.495884774    0.1612345679   0.01201646091  9.938888889    1.981481481    0.00462962963  0.3921892146   
369      I1         1.807613169    2.47962963     4.067901235    0.3346502058   0.1491358025   0.1203703704   0.3395061728   0.04907407407  0.2473760372   
370      I1         1.77962963     2.696502058    4.290123457    0.2217283951   0.1612345679   9.97962963     1.00617284     0.01635802469  0.2720656375   
371      I1         1.968518519    1.55617284     4.438271605    0.2499588477   0.5524279835   9.97962963     2.327160494    0.1324074074   0.2667375368   
372      I1         1.61872428     1.430246914    4.438271605    0.3346502058   0.3548148148   0.1203703704   2.99382716     0.05462962963  0.2125799846   
373      I1         1.849588477    1.640123457    4.487654321    0.2943209877   0.1854320988   9.97962963     1.191358025    0.01080246914  0.2161444188   
374      I1         1.77962963     1.85           4.364197531    0.2257613169   0.1693004115   4.52037037     1.425925926    0.0003086419753 0.2150636143   
375      I1         1.996502058    1.010493827    4.067901235    0.01201646091  0.330617284    0.1611111111   1.00617284     0.04969135802  0.3604114482   
376      I1         1.61872428     2.696502058    4.051440329    0.1894650206   0.1854320988   0.1611111111   1.944444444    0.0009259259259 0.2392692566   
377      I1         1.499794239    2.696502058    4.487654321    0.2418930041   0.2943209877   1.138888889    0.01851851852  0.09969135802  0.2073448703   
378      I1         1.527777778    2.696502058    4.125514403    0.2217283951   0.2822222222   2.646296296    0.1296296296   0.09969135802  0.2290013905   
379      I1         1.29691358     1.570164609    3.83744856     0.05234567901  0.3749794239   0.1611111111   2.882716049    0.1064814815   0.3308996068   
380      I1         1.996502058    2.689506173    4.067901235    0.2055967078   0.7540740741   3.338888889    2.99382716     0.149691358    0.3855351173   
381      I1         1.625720165    1.199382716    4.462962963    0.1209053498   0.4475720165   0.1611111111   2.00617284     0.1342592593   0.2492525683   
382      I1         1.247942387    1.570164609    4.339506173    0.1007407407   0.3790123457   0.1611111111   2.00617284     0.1336419753   0.2611974368   
383      I1         1.996502058    1.003497942    3.944444444    0.1491358025   0.3749794239   8.961111111    2.00617284     0.1175925926   0.3357923515   
384      I1         1.436831276    1.010493827    4.314814815    0.137037037    0.4475720165   9.938888889    2.672839506    0.1336419753   0.1648998051   
385      I1         1.61872428     1.409259259    4.216049383    0.1652674897   0.5483950617   9.938888889    2.99382716     0.149691358    0.2238249757   
386      I1         1.436831276    1.115432099    4.281893004    0.137037037    0.4112757202   8.961111111    2.672839506    0.09351851852  0.1886693586   
387      I1         1.436831276    1.262345679    4.462962963    0.1693004115   0.4475720165   9.97962963     2.203703704    0.1490740741   0.1616690228   
388      I1         1.625720165    1.192386831    4.166666667    0.1249382716   0.4475720165   9.97962963     2.092592593    0.1453703704   0.2111490213   
389      I1         1.555761317    1.003497942    3.99382716     0.137037037    0.3911111111   6.638888889    2.99382716     0.149691358    0.2208265524   
390      I1         1.625720165    1.003497942    4.462962963    0.1693004115   0.4637037037   9.97962963     2.648148148    0.1490740741   0.1908279999   
391      I1         1.436831276    1.178395062    4.314814815    0.1612345679   0.4475720165   6.67962963     2.487654321    0.1453703704   0.167282566    
392      I1         1.996502058    1.185390947    3.845679012    0.2217283951   0.6088888889   9.938888889    2.99382716     0.149691358    0.2377704528   
393      I1         1.436831276    2.689506173    3.62345679     0.1572016461   0.6613168724   0.1611111111   2.99382716     0.1490740741   0.3470634556   
394      I1         1.625720165    1.010493827    4.141975309    0.1773662551   0.4838683128   9.97962963     2.648148148    0.1324074074   0.1805286861   
395      I1         1.996502058    1.003497942    4.265432099    0.1612345679   0.6572839506   0.1611111111   2.99382716     0.149691358    0.2554271047   
396      I1         1.436831276    2.136831276    4.438271605    0.3830452675   0.2459259259   0.1611111111   2.99382716     0.1175925926   0.2040239024   
397      I1         1.653703704    2.136831276    4.438271605    0.4475720165   0.01201646091  0.1611111111   2.99382716     0.03240740741  0.2728572438   
398      I1         1.996502058    2.696502058    3.845679012    0.3427160494   0.01201646091  6.761111111    2.99382716     0.1490740741   0.4678088215   
399      I1         1.996502058    2.696502058    4.487654321    0.5967901235   0.01201646091  9.938888889    2.99382716     0.1324074074   0.2693694349   
400      I1         1.996502058    2.696502058    4.487654321    0.5120987654   0.01201646091  9.938888889    2.99382716     0.09907407407  0.3418089009   
%eval_id interface log__t_efold_shallow log__t_efold_soil log__t_efold_karst f_exfiltration_shallow f_exfiltration_soil PDD_melt_factor log__fdd_threshold snow_insulation_k neg_kge        
401      I1         1.170987654    1.598148148    4.495884774    0.2257613169   0.3386831276   3.338888889    2.277777778    0.100308642    0.1509355259   
402      I1         1.340987654    1.598148148    4.495884774    0.2257613169   0.3386831276   3.338888889    2.277777778    0.100308642    0.1880854397   
403      I1         1.170987654    1.768148148    4.495884774    0.2257613169   0.3386831276   3.338888889    2.277777778    0.100308642    0.1672279255   
404      I1         1.170987654    1.598148148    4.495884774    0.3237613169   0.3386831276   3.338888889    2.277777778    0.100308642    0.2535517491   
405      I1         1.170987654    1.598148148    4.495884774    0.2257613169   0.4366831276   3.338888889    2.277777778    0.100308642    0.1915626758   
406      I1         1.170987654    1.598148148    4.495884774    0.2257613169   0.3386831276   4.328888889    2.277777778    0.100308642    0.1515699852   
407      I1         1.170987654    1.598148148    4.495884774    0.2257613169   0.3386831276   3.338888889    2.577777778    0.100308642    0.170793279    
408      I1         1.170987654    1.598148148    4.495884774    0.2257613169   0.3386831276   3.338888889    2.277777778    0.115308642    0.153223054    
409      I1         1.000987654    1.598148148    4.495884774    0.2257613169   0.3386831276   3.338888889    2.277777778    0.100308642    0.1701100818   
410      I1         1.170987654    1.428148148    4.495884774    0.2257613169   0.3386831276   3.338888889    2.277777778    0.100308642    0.1510748784   
411      I1         1.170987654    1.598148148    4.295884774    0.2257613169   0.3386831276   3.338888889    2.277777778    0.100308642    0.1497342058   
412      I1         1.170987654    1.598148148    4.495884774    0.1277613169   0.3386831276   3.338888889    2.277777778    0.100308642    0.2379478493   
413      I1         1.170987654    1.598148148    4.495884774    0.2257613169   0.2406831276   3.338888889    2.277777778    0.100308642    0.1929655358   
414      I1         1.170987654    1.598148148    4.495884774    0.2257613169   0.3386831276   2.348888889    2.277777778    0.100308642    0.1537561244   
415      I1         1.170987654    1.598148148    4.495884774    0.2257613169   0.3386831276   3.338888889    1.977777778    0.100308642    0.1621992972   
416      I1         1.170987654    1.598148148    4.495884774    0.2257613169   0.3386831276   3.338888889    2.277777778    0.08530864198  0.1505890106   
417      I1         1.255987654    1.598148148    4.495884774    0.2257613169   0.3386831276   3.338888889    2.277777778    0.100308642    0.1663109722   
418      I1         1.170987654    1.683148148    4.495884774    0.2257613169   0.3386831276   3.338888889    2.277777778    0.100308642    0.1577127028   
419      I1         1.170987654    1.598148148    4.495884774    0.2747613169   0.3386831276   3.338888889    2.277777778    0.100308642    0.1682872084   
420      I1         1.170987654    1.598148148    4.495884774    0.2257613169   0.3876831276   3.338888889    2.277777778    0.100308642    0.1564767123   
421      I1         1.170987654    1.598148148    4.495884774    0.2257613169   0.3386831276   3.833888889    2.277777778    0.100308642    0.1512877178   
422      I1         1.170987654    1.598148148    4.495884774    0.2257613169   0.3386831276   3.338888889    2.427777778    0.100308642    0.1580091804   
423      I1         1.170987654    1.598148148    4.495884774    0.2257613169   0.3386831276   3.338888889    2.277777778    0.107808642    0.1522147173   
424      I1         1.085987654    1.598148148    4.495884774    0.2257613169   0.3386831276   3.338888889    2.277777778    0.100308642    0.1496582817   
425      I1         1.170987654    1.513148148    4.495884774    0.2257613169   0.3386831276   3.338888889    2.277777778    0.100308642    0.1484877692   
426      I1         1.170987654    1.598148148    4.395884774    0.2257613169   0.3386831276   3.338888889    2.277777778    0.100308642    0.1524246276   
427      I1         1.170987654    1.598148148    4.495884774    0.1767613169   0.3386831276   3.338888889    2.277777778    0.100308642    0.1869907748   
428      I1         1.170987654    1.598148148    4.495884774    0.2257613169   0.2896831276   3.338888889    2.277777778    0.100308642    0.1669559359   
429      I1         1.170987654    1.598148148    4.495884774    0.2257613169   0.3386831276   2.843888889    2.277777778    0.100308642    0.1522529863   
430      I1         1.170987654    1.598148148    4.495884774    0.2257613169   0.3386831276   3.338888889    2.127777778    0.100308642    0.1514780006   
431      I1         1.170987654    1.598148148    4.495884774    0.2257613169   0.3386831276   3.338888889    2.277777778    0.09280864198  0.1505799011   
432      I1         1.213487654    1.598148148    4.495884774    0.2257613169   0.3386831276   3.338888889    2.277777778    0.100308642    0.1575920759   
433      I1         1.170987654    1.640648148    4.495884774    0.2257613169   0.3386831276   3.338888889    2.277777778    0.100308642    0.1538936851   
434      I1         1.170987654    1.598148148    4.495884774    0.2502613169   0.3386831276   3.338888889    2.277777778    0.100308642    0.1482439836   
435      I1         1.170987654    1.598148148    4.495884774    0.2257613169   0.3631831276   3.338888889    2.277777778    0.100308642    0.1502744845   
436      I1         1.170987654    1.598148148    4.495884774    0.2257613169   0.3386831276   3.586388889    2.277777778    0.100308642    0.1511507436   
437      I1         1.170987654    1.598148148    4.495884774    0.2257613169   0.3386831276   3.338888889    2.352777778    0.100308642    0.154289843    
438      I1         1.170987654    1.598148148    4.495884774    0.2257613169   0.3386831276   3.338888889    2.277777778    0.104058642    0.1515427752   
439      I1         1.128487654    1.598148148    4.495884774    0.2257613169   0.3386831276   3.338888889    2.277777778    0.100308642    0.1466189901   
440      I1         1.170987654    1.555648148    4.495884774    0.2257613169   0.3386831276   3.338888889    2.277777778    0.100308642    0.1490959288   
441      I1         1.170987654    1.598148148    4.445884774    0.2257613169   0.3386831276   3.338888889    2.277777778    0.100308642    0.147349414    
442      I1         1.170987654    1.598148148    4.495884774    0.2012613169   0.3386831276   3.338888889    2.277777778    0.100308642    0.1654374173   
443      I1         1.170987654    1.598148148    4.495884774    0.2257613169   0.3141831276   3.338888889    2.277777778    0.100308642    0.1570456205   
444      I1         1.170987654    1.598148148    4.495884774    0.2257613169   0.3386831276   3.091388889    2.277777778    0.100308642    0.1512564635   
445      I1         1.170987654    1.598148148    4.495884774    0.2257613169   0.3386831276   3.338888889    2.202777778    0.100308642    0.1504817227   
446      I1         1.170987654    1.598148148    4.495884774    0.2257613169   0.3386831276   3.338888889    2.277777778    0.09655864198  0.1507547807   
447      I1         1.128487654    1.640648148    4.495884774    0.2257613169   0.3386831276   3.338888889    2.277777778    0.100308642    0.1479839123   
448      I1         1.128487654    1.598148148    4.495884774    0.2502613169   0.3386831276   3.338888889    2.277777778    0.100308642    0.1570391192   
449      I1         1.128487654    1.598148148    4.495884774    0.2257613169   0.3631831276   3.338888889    2.277777778    0.100308642    0.1499566547   
450      I1         1.128487654    1.598148148    4.495884774    0.2257613169   0.3386831276   3.586388889    2.277777778    0.100308642    0.1468557873   
451      I1         1.128487654    1.598148148    4.495884774    0.2257613169   0.3386831276   3.338888889    2.352777778    0.100308642    0.148280307    
452      I1         1.128487654    1.598148148    4.495884774    0.2257613169   0.3386831276   3.338888889    2.277777778    0.104058642    0.1466947415   
453      I1         1.128487654    1.555648148    4.495884774    0.2257613169   0.3386831276   3.338888889    2.277777778    0.100308642    0.1465417151   
454      I1         1.128487654    1.598148148    4.445884774    0.2257613169   0.3386831276   3.338888889    2.277777778    0.100308642    0.1396991402   
455      I1         1.128487654    1.598148148    4.495884774    0.2012613169   0.3386831276   3.338888889    2.277777778    0.100308642    0.1570293379   
456      I1         1.128487654    1.598148148    4.495884774    0.2257613169   0.3141831276   3.338888889    2.277777778    0.100308642    0.1494974239   
457      I1         1.128487654    1.598148148    4.495884774    0.2257613169   0.3386831276   3.091388889    2.277777778    0.100308642    0.146643393    
458      I1         1.128487654    1.598148148    4.495884774    0.2257613169   0.3386831276   3.338888889    2.202777778    0.100308642    0.151686688    
459      I1         1.128487654    1.598148148    4.495884774    0.2257613169   0.3386831276   3.338888889    2.277777778    0.09655864198  0.1466254809   
460      I1         1.128487654    1.640648148    4.445884774    0.2257613169   0.3386831276   3.338888889    2.277777778    0.100308642    0.1434758581   
461      I1         1.128487654    1.598148148    4.445884774    0.2502613169   0.3386831276   3.338888889    2.277777778    0.100308642    0.1384429946   
462      I1         1.128487654    1.598148148    4.445884774    0.2257613169   0.3631831276   3.338888889    2.277777778    0.100308642    0.1373141587   
463      I1         1.128487654    1.598148148    4.445884774    0.2257613169   0.3386831276   3.586388889    2.277777778    0.100308642    0.1399970029   
464      I1         1.128487654    1.598148148    4.445884774    0.2257613169   0.3386831276   3.338888889    2.352777778    0.100308642    0.1438767963   
465      I1         1.128487654    1.598148148    4.445884774    0.2257613169   0.3386831276   3.338888889    2.277777778    0.104058642    0.1405722154   
466      I1         1.085987654    1.598148148    4.445884774    0.2257613169   0.3386831276   3.338888889    2.277777778    0.100308642    0.1361994854   
467      I1         1.128487654    1.555648148    4.445884774    0.2257613169   0.3386831276   3.338888889    2.277777778    0.100308642    0.1370282043   
468      I1         1.128487654    1.598148148    4.395884774    0.2257613169   0.3386831276   3.338888889    2.277777778    0.100308642    0.1492977502   
469      I1         1.128487654    1.598148148    4.445884774    0.2012613169   0.3386831276   3.338888889    2.277777778    0.100308642    0.1570848429   
470      I1         1.128487654    1.598148148    4.445884774    0.2257613169   0.3141831276   3.338888889    2.277777778    0.100308642    0.1474992541   
471      I1         1.128487654    1.598148148    4.445884774    0.2257613169   0.3386831276   3.091388889    2.277777778    0.100308642    0.1401283061   
472      I1         1.128487654    1.598148148    4.445884774    0.2257613169   0.3386831276   3.338888889    2.202777778    0.100308642    0.1379190388   
473      I1         1.128487654    1.598148148    4.445884774    0.2257613169   0.3386831276   3.338888889    2.277777778    0.09655864198  0.1394152121   
474      I1         1.085987654    1.640648148    4.445884774    0.2257613169   0.3386831276   3.338888889    2.277777778    0.100308642    0.1365559553   
475      I1         1.085987654    1.598148148    4.445884774    0.2502613169   0.3386831276   3.338888889    2.277777778    0.100308642    0.1475988772   
476      I1         1.085987654    1.598148148    4.445884774    0.2257613169   0.3631831276   3.338888889    2.277777778    0.100308642    0.1397007726   
477      I1         1.085987654    1.598148148    4.445884774    0.2257613169   0.3386831276   3.586388889    2.277777778    0.100308642    0.1363036209   
478      I1         1.085987654    1.598148148    4.445884774    0.2257613169   0.3386831276   3.338888889    2.352777778    0.100308642    0.1369089539   
479      I1         1.085987654    1.598148148    4.445884774    0.2257613169   0.3386831276   3.338888889    2.277777778    0.104058642    0.1355166155   
480      I1         1.043487654    1.598148148    4.445884774    0.2257613169   0.3386831276   3.338888889    2.277777778    0.100308642    0.1408931658   
481      I1         1.085987654    1.555648148    4.445884774    0.2257613169   0.3386831276   3.338888889    2.277777778    0.100308642    0.1374289955   
482      I1         1.085987654    1.598148148    4.395884774    0.2257613169   0.3386831276   3.338888889    2.277777778    0.100308642    0.1543519586   
483      I1         1.085987654    1.598148148    4.445884774    0.2012613169   0.3386831276   3.338888889    2.277777778    0.100308642    0.1478627367   
484      I1         1.085987654    1.598148148    4.445884774    0.2257613169   0.3141831276   3.338888889    2.277777778    0.100308642    0.1391140932   
485      I1         1.085987654    1.598148148    4.445884774    0.2257613169   0.3386831276   3.091388889    2.277777778    0.100308642    0.1354761123   
486      I1         1.085987654    1.598148148    4.445884774    0.2257613169   0.3386831276   3.338888889    2.202777778    0.100308642    0.1428549342   
487      I1         1.085987654    1.598148148    4.445884774    0.2257613169   0.3386831276   3.338888889    2.277777778    0.09655864198  0.1367187753   
488      I1         1.085987654    1.640648148    4.445884774    0.2257613169   0.3386831276   3.091388889    2.277777778    0.100308642    0.1368880453   
489      I1         1.085987654    1.598148148    4.495884774    0.2257613169   0.3386831276   3.091388889    2.277777778    0.100308642    0.1484492991   
490      I1         1.085987654    1.598148148    4.445884774    0.2502613169   0.3386831276   3.091388889    2.277777778    0.100308642    0.1461021019   
491      I1         1.085987654    1.598148148    4.445884774    0.2257613169   0.3631831276   3.091388889    2.277777778    0.100308642    0.1384599469   
492      I1         1.085987654    1.598148148    4.445884774    0.2257613169   0.3386831276   3.091388889    2.352777778    0.100308642    0.1367781043   
493      I1         1.085987654    1.598148148    4.445884774    0.2257613169   0.3386831276   3.091388889    2.277777778    0.104058642    0.1349636156   
494      I1         1.043487654    1.598148148    4.445884774    0.2257613169   0.3386831276   3.091388889    2.277777778    0.100308642    0.1397629815   
495      I1         1.085987654    1.555648148    4.445884774    0.2257613169   0.3386831276   3.091388889    2.277777778    0.100308642    0.1364849818   
496      I1         1.085987654    1.598148148    4.395884774    0.2257613169   0.3386831276   3.091388889    2.277777778    0.100308642    0.1529773409   
497      I1         1.085987654    1.598148148    4.445884774    0.2012613169   0.3386831276   3.091388889    2.277777778    0.100308642    0.1486265233   
498      I1         1.085987654    1.598148148    4.445884774    0.2257613169   0.3141831276   3.091388889    2.277777778    0.100308642    0.139536597    
499      I1         1.085987654    1.598148148    4.445884774    0.2257613169   0.3386831276   2.843888889    2.277777778    0.100308642    0.1350813295   
500      I1         1.085987654    1.598148148    4.445884774    0.2257613169   0.3386831276   3.091388889    2.202777778    0.100308642    0.1412988859   
501      I1         1.085987654    1.598148148    4.445884774    0.2257613169   0.3386831276   3.091388889    2.277777778    0.09655864198  0.1359108981   
502      I1         1.107237654    1.598148148    4.445884774    0.2257613169   0.3386831276   3.091388889    2.277777778    0.100308642    0.1369961581   
503      I1         1.085987654    1.619398148    4.445884774    0.2257613169   0.3386831276   3.091388889    2.277777778    0.100308642    0.1355511598   
504      I1         1.085987654    1.598148148    4.470884774    0.2257613169   0.3386831276   3.091388889    2.277777778    0.100308642    0.1313628064   
505      I1         1.085987654    1.598148148    4.445884774    0.2380113169   0.3386831276   3.091388889    2.277777778    0.100308642    0.1385951136   
506      I1         1.085987654    1.598148148    4.445884774    0.2257613169   0.3509331276   3.091388889    2.277777778    0.100308642    0.1360792138   
507      I1         1.085987654    1.598148148    4.445884774    0.2257613169   0.3386831276   3.215138889    2.277777778    0.100308642    0.1360099236   
508      I1         1.085987654    1.598148148    4.445884774    0.2257613169   0.3386831276   3.091388889    2.315277778    0.100308642    0.1360071075   
509      I1         1.085987654    1.598148148    4.445884774    0.2257613169   0.3386831276   3.091388889    2.277777778    0.102183642    0.1348137296   
510      I1         1.064737654    1.598148148    4.445884774    0.2257613169   0.3386831276   3.091388889    2.277777778    0.100308642    0.1372350151   
511      I1         1.085987654    1.576898148    4.445884774    0.2257613169   0.3386831276   3.091388889    2.277777778    0.100308642    0.1357693581   
512      I1         1.085987654    1.598148148    4.420884774    0.2257613169   0.3386831276   3.091388889    2.277777778    0.100308642    0.1430201017   
513      I1         1.085987654    1.598148148    4.445884774    0.2135113169   0.3386831276   3.091388889    2.277777778    0.100308642    0.1400453946   
514      I1         1.085987654    1.598148148    4.445884774    0.2257613169   0.3264331276   3.091388889    2.277777778    0.100308642    0.1364642803   
515      I1         1.085987654    1.598148148    4.445884774    0.2257613169   0.3386831276   2.967638889    2.277777778    0.100308642    0.1350287881   
516      I1         1.085987654    1.598148148    4.445884774    0.2257613169   0.3386831276   3.091388889    2.240277778    0.100308642    0.138943174    
517      I1         1.085987654    1.598148148    4.445884774    0.2257613169   0.3386831276   3.091388889    2.277777778    0.09843364198  0.1358620331   
518      I1         1.107237654    1.598148148    4.470884774    0.2257613169   0.3386831276   3.091388889    2.277777778    0.100308642    0.1350812139   
519      I1         1.085987654    1.619398148    4.470884774    0.2257613169   0.3386831276   3.091388889    2.277777778    0.100308642    0.133296081    
520      I1         1.085987654    1.598148148    4.495884774    0.2257613169   0.3386831276   3.091388889    2.277777778    0.100308642    0.1484492991   
521      I1         1.085987654    1.598148148    4.470884774    0.2380113169   0.3386831276   3.091388889    2.277777778    0.100308642    0.1304438856   
522      I1         1.085987654    1.598148148    4.470884774    0.2257613169   0.3509331276   3.091388889    2.277777778    0.100308642    0.1292013492   
523      I1         1.085987654    1.598148148    4.470884774    0.2257613169   0.3386831276   3.215138889    2.277777778    0.100308642    0.1309032054   
524      I1         1.085987654    1.598148148    4.470884774    0.2257613169   0.3386831276   3.091388889    2.315277778    0.100308642    0.1341128264   
525      I1         1.085987654    1.598148148    4.470884774    0.2257613169   0.3386831276   3.091388889    2.277777778    0.102183642    0.131919065    
526      I1         1.064737654    1.598148148    4.470884774    0.2257613169   0.3386831276   3.091388889    2.277777778    0.100308642    0.1310430462   
527      I1         1.085987654    1.576898148    4.470884774    0.2257613169   0.3386831276   3.091388889    2.277777778    0.100308642    0.1299976691   
528      I1         1.085987654    1.598148148    4.470884774    0.2135113169   0.3386831276   3.091388889    2.277777778    0.100308642    0.1396721127   
529      I1         1.085987654    1.598148148    4.470884774    0.2257613169   0.3264331276   3.091388889    2.277777778    0.100308642    0.1350585244   
530      I1         1.085987654    1.598148148    4.470884774    0.2257613169   0.3386831276   2.967638889    2.277777778    0.100308642    0.131600065    
531      I1         1.085987654    1.598148148    4.470884774    0.2257613169   0.3386831276   3.091388889    2.240277778    0.100308642    0.1321032534   
532      I1         1.085987654    1.598148148    4.470884774    0.2257613169   0.3386831276   3.091388889    2.277777778    0.09843364198  0.1309376337   
533      I1         1.107237654    1.598148148    4.470884774    0.2257613169   0.3509331276   3.091388889    2.277777778    0.100308642    0.1318836151   
534      I1         1.085987654    1.619398148    4.470884774    0.2257613169   0.3509331276   3.091388889    2.277777778    0.100308642    0.1303567612   
535      I1         1.085987654    1.598148148    4.495884774    0.2257613169   0.3509331276   3.091388889    2.277777778    0.100308642    0.1519674971   
536      I1         1.085987654    1.598148148    4.470884774    0.2380113169   0.3509331276   3.091388889    2.277777778    0.100308642    0.1315297082   
537      I1         1.085987654    1.598148148    4.470884774    0.2257613169   0.3631831276   3.091388889    2.277777778    0.100308642    0.1294214792   
538      I1         1.085987654    1.598148148    4.470884774    0.2257613169   0.3509331276   3.215138889    2.277777778    0.100308642    0.1296620157   
539      I1         1.085987654    1.598148148    4.470884774    0.2257613169   0.3509331276   3.091388889    2.315277778    0.100308642    0.1308347142   
540      I1         1.085987654    1.598148148    4.470884774    0.2257613169   0.3509331276   3.091388889    2.277777778    0.102183642    0.129309493    
541      I1         1.064737654    1.598148148    4.470884774    0.2257613169   0.3509331276   3.091388889    2.277777778    0.100308642    0.1305685509   
542      I1         1.085987654    1.576898148    4.470884774    0.2257613169   0.3509331276   3.091388889    2.277777778    0.100308642    0.1292788771   
543      I1         1.085987654    1.598148148    4.470884774    0.2135113169   0.3509331276   3.091388889    2.277777778    0.100308642    0.1352540882   
544      I1         1.085987654    1.598148148    4.470884774    0.2257613169   0.3509331276   2.967638889    2.277777778    0.100308642    0.1291071579   
545      I1         1.085987654    1.598148148    4.470884774    0.2257613169   0.3509331276   3.091388889    2.240277778    0.100308642    0.1321534065   
546      I1         1.085987654    1.598148148    4.470884774    0.2257613169   0.3509331276   3.091388889    2.277777778    0.09843364198  0.1295267484   
547      I1         1.096612654    1.598148148    4.470884774    0.2257613169   0.3509331276   3.091388889    2.277777778    0.100308642    0.1303863214   
548      I1         1.085987654    1.608773148    4.470884774    0.2257613169   0.3509331276   3.091388889    2.277777778    0.100308642    0.1296554903   
549      I1         1.085987654    1.598148148    4.483384774    0.2257613169   0.3509331276   3.091388889    2.277777778    0.100308642    0.1581182218   
550      I1         1.085987654    1.598148148    4.470884774    0.2318863169   0.3509331276   3.091388889    2.277777778    0.100308642    0.1298320844   
551      I1         1.085987654    1.598148148    4.470884774    0.2257613169   0.3570581276   3.091388889    2.277777778    0.100308642    0.1290882376   
552      I1         1.085987654    1.598148148    4.470884774    0.2257613169   0.3509331276   3.153263889    2.277777778    0.100308642    0.1295922897   
553      I1         1.085987654    1.598148148    4.470884774    0.2257613169   0.3509331276   3.091388889    2.296527778    0.100308642    0.1301030172   
554      I1         1.085987654    1.598148148    4.470884774    0.2257613169   0.3509331276   3.091388889    2.277777778    0.101246142    0.1290913052   
555      I1         1.075362654    1.598148148    4.470884774    0.2257613169   0.3509331276   3.091388889    2.277777778    0.100308642    0.1297855513   
556      I1         1.085987654    1.587523148    4.470884774    0.2257613169   0.3509331276   3.091388889    2.277777778    0.100308642    0.1291870864   
557      I1         1.085987654    1.598148148    4.458384774    0.2257613169   0.3509331276   3.091388889    2.277777778    0.100308642    0.1322845359   
558      I1         1.085987654    1.598148148    4.470884774    0.2196363169   0.3509331276   3.091388889    2.277777778    0.100308642    0.1317287335   
559      I1         1.085987654    1.598148148    4.470884774    0.2257613169   0.3448081276   3.091388889    2.277777778    0.100308642    0.130012792    
560      I1         1.085987654    1.598148148    4.470884774    0.2257613169   0.3509331276   3.029513889    2.277777778    0.100308642    0.1291981756   
561      I1         1.085987654    1.598148148    4.470884774    0.2257613169   0.3509331276   3.091388889    2.259027778    0.100308642    0.1301595741   
562      I1         1.085987654    1.598148148    4.470884774    0.2257613169   0.3509331276   3.091388889    2.277777778    0.09937114198  0.1293653557   
563      I1         1.096612654    1.598148148    4.470884774    0.2257613169   0.3570581276   3.091388889    2.277777778    0.100308642    0.1295755916   
564      I1         1.085987654    1.608773148    4.470884774    0.2257613169   0.3570581276   3.091388889    2.277777778    0.100308642    0.1289924149   
565      I1         1.085987654    1.598148148    4.483384774    0.2257613169   0.3570581276   3.091388889    2.277777778    0.100308642    0.1609875201   
566      I1         1.085987654    1.598148148    4.470884774    0.2318863169   0.3570581276   3.091388889    2.277777778    0.100308642    0.1303774399   
567      I1         1.085987654    1.598148148    4.470884774    0.2257613169   0.3570581276   3.153263889    2.277777778    0.100308642    0.1295810805   
568      I1         1.085987654    1.598148148    4.470884774    0.2257613169   0.3570581276   3.091388889    2.296527778    0.100308642    0.1291614494   
569      I1         1.085987654    1.598148148    4.470884774    0.2257613169   0.3570581276   3.091388889    2.277777778    0.101246142    0.1289533547   
570      I1         1.075362654    1.598148148    4.470884774    0.2257613169   0.3570581276   3.091388889    2.277777778    0.100308642    0.1299358892   
571      I1         1.085987654    1.587523148    4.470884774    0.2257613169   0.3570581276   3.091388889    2.277777778    0.100308642    0.1292776943   
572      I1         1.085987654    1.598148148    4.458384774    0.2257613169   0.3570581276   3.091388889    2.277777778    0.100308642    0.1327121998   
573      I1         1.085987654    1.598148148    4.470884774    0.2196363169   0.3570581276   3.091388889    2.277777778    0.100308642    0.1305506901   
574      I1         1.085987654    1.598148148    4.470884774    0.2257613169   0.3570581276   3.029513889    2.277777778    0.100308642    0.1287799158   
575      I1         1.085987654    1.598148148    4.470884774    0.2257613169   0.3570581276   3.091388889    2.259027778    0.100308642    0.1302845999   
576      I1         1.085987654    1.598148148    4.470884774    0.2257613169   0.3570581276   3.091388889    2.277777778    0.09937114198  0.129310542    
577      I1         1.096612654    1.598148148    4.470884774    0.2257613169   0.3570581276   3.029513889    2.277777778    0.100308642    0.129703775    
578      I1         1.085987654    1.608773148    4.470884774    0.2257613169   0.3570581276   3.029513889    2.277777778    0.100308642    0.1290258643   
579      I1         1.085987654    1.598148148    4.483384774    0.2257613169   0.3570581276   3.029513889    2.277777778    0.100308642    0.1600762031   
580      I1         1.085987654    1.598148148    4.470884774    0.2318863169   0.3570581276   3.029513889    2.277777778    0.100308642    0.1299549898   
581      I1         1.085987654    1.598148148    4.470884774    0.2257613169   0.3631831276   3.029513889    2.277777778    0.100308642    0.1290329889   
582      I1         1.085987654    1.598148148    4.470884774    0.2257613169   0.3570581276   3.029513889    2.296527778    0.100308642    0.1292032846   
583      I1         1.085987654    1.598148148    4.470884774    0.2257613169   0.3570581276   3.029513889    2.277777778    0.101246142    0.1286720866   
584      I1         1.075362654    1.598148148    4.470884774    0.2257613169   0.3570581276   3.029513889    2.277777778    0.100308642    0.1295700463   
585      I1         1.085987654    1.587523148    4.470884774    0.2257613169   0.3570581276   3.029513889    2.277777778    0.100308642    0.1289335247   
586      I1         1.085987654    1.598148148    4.458384774    0.2257613169   0.3570581276   3.029513889    2.277777778    0.100308642    0.1323011695   
587      I1         1.085987654    1.598148148    4.470884774    0.2196363169   0.3570581276   3.029513889    2.277777778    0.100308642    0.1307485597   
588      I1         1.085987654    1.598148148    4.470884774    0.2257613169   0.3570581276   2.967638889    2.277777778    0.100308642    0.128601649    
589      I1         1.085987654    1.598148148    4.470884774    0.2257613169   0.3570581276   3.029513889    2.259027778    0.100308642    0.1299763795   
590      I1         1.085987654    1.598148148    4.470884774    0.2257613169   0.3570581276   3.029513889    2.277777778    0.09937114198  0.1289787458   
591      I1         1.096612654    1.598148148    4.470884774    0.2257613169   0.3570581276   2.967638889    2.277777778    0.100308642    0.1296060686   
592      I1         1.085987654    1.608773148    4.470884774    0.2257613169   0.3570581276   2.967638889    2.277777778    0.100308642    0.1289235081   
593      I1         1.085987654    1.598148148    4.483384774    0.2257613169   0.3570581276   2.967638889    2.277777778    0.100308642    0.1597197803   
594      I1         1.085987654    1.598148148    4.470884774    0.2318863169   0.3570581276   2.967638889    2.277777778    0.100308642    0.1297436696   
595      I1         1.085987654    1.598148148    4.470884774    0.2257613169   0.3631831276   2.967638889    2.277777778    0.100308642    0.1288322942   
596      I1         1.085987654    1.598148148    4.470884774    0.2257613169   0.3570581276   2.967638889    2.296527778    0.100308642    0.1293076785   
597      I1         1.085987654    1.598148148    4.470884774    0.2257613169   0.3570581276   2.967638889    2.277777778    0.101246142    0.1285030351   
598      I1         1.075362654    1.598148148    4.470884774    0.2257613169   0.3570581276   2.967638889    2.277777778    0.100308642    0.12937769     
599      I1         1.085987654    1.587523148    4.470884774    0.2257613169   0.3570581276   2.967638889    2.277777778    0.100308642    0.1287458145   
600      I1         1.085987654    1.598148148    4.458384774    0.2257613169   0.3570581276   2.967638889    2.277777778    0.100308642    0.132095599    
601      I1         1.085987654    1.598148148    4.470884774    0.2196363169   0.3570581276   2.967638889    2.277777778    0.100308642    0.130667028    
602      I1         1.085987654    1.598148148    4.470884774    0.2257613169   0.3509331276   2.967638889    2.277777778    0.100308642    0.1291071579   
603      I1         1.085987654    1.598148148    4.470884774    0.2257613169   0.3570581276   2.905763889    2.277777778    0.100308642    0.1286754799   
604      I1         1.085987654    1.598148148    4.470884774    0.2257613169   0.3570581276   2.967638889    2.259027778    0.100308642    0.1298630017   
605      I1         1.085987654    1.598148148    4.470884774    0.2257613169   0.3570581276   2.967638889    2.277777778    0.09937114198  0.128946747    
