%eval_id interface log__t_efold_shallow log__t_efold_soil log__t_efold_karst f_exfiltration_shallow f_exfiltration_soil PDD_melt_factor log__Hmax_shallow neg_kge        
1        I1         1.230764125    1.47684756     3.920708269    0.8661838949   0.7468992355   2.596206367    2.878425189    2.225170604    
2        I1         1.841418893    2.013724513    3.653744343    0.9711978667   0.2098740821   8.194513123    1.847829181    1.884467986    
3        I1         0.3540151082   1.783104062    2.520144982    0.08187029442  0.7724180491   4.846555464    1.392631896    1.812646683    
4        I1         1.682335925    2.186006007    3.824234156    0.8532681676   0.1985287257   6.59679333     2.410876968    1.516161464    
5        I1         1.117992494    2.689725624    4.153250314    0.8179985224   0.4484366104   9.496401716    2.123644312    2.196709991    
6        I1         0.519434217    2.578719527    4.43791119     0.9264071911   0.8255057529   6.266903658    1.759161241    2.792216191    
7        I1         0.8563423004   1.290716929    2.681218689    0.3419970723   0.812421547    4.126543821    2.622931498    2.130318994    
8        I1         0.6158441461   2.273852932    4.08083248     0.5112211774   0.05394717492  8.654259139    1.474446234    2.354665674    
9        I1         0.8192857502   1.823230549    2.549313107    0.7262102806   0.6908226698   9.929435802    1.741723812    2.385213721    
10       I1         1.192182611    1.51774427     4.334839097    0.0903694521   0.8604976298   6.409110143    1.73296427     1.709657174    
11       I1         1.266159008    2.51442489     3.732907637    0.2997027545   0.8500911906   9.36699869     2.314827831    0.7370730121   
12       I1         1.836356129    2.29651723     3.474362922    0.2626567102   0.7807575394   4.60317251     2.009567014    0.7545345305   
13       I1         1.026046435    2.037781874    4.177968403    0.1646286199   0.6631821369   7.407846489    1.037207481    2.730689738    
14       I1         0.5874682381   1.322749343    4.180923743    0.1752551528   0.5185026592   2.025216672    1.101469934    2.571992906    
15       I1         0.8352697815   1.648557062    3.609136604    0.333323562    0.9713532722   9.218734886    1.252182926    2.514912068    
16       I1         0.6401521459   2.208117891    3.898699169    0.1241161824   0.4105007558   0.803349096    1.249022616    2.133425729    
17       I1         0.5369019975   2.288418569    2.605669016    0.05814758281  0.9023741      7.952141837    1.868636931    0.8734591837   
18       I1         1.488799289    1.448917371    4.460416691    0.3091048798   0.813832477    5.955674479    2.301125446    1.509832334    
19       I1         1.64120002     1.487467654    4.068233866    0.8970061838   0.9142553178   7.516776562    1.712747488    2.105239361    
20       I1         1.040563043    2.58541142     3.717211402    0.4583877322   0.2317561964   9.849586199    3.128904574    1.101857247    
21       I1         1.23714383     2.106105563    2.797400905    0.7782062663   0.685109752    7.899259404    1.160345849    2.683173812    
22       I1         0.6558687647   1.189323103    3.510254339    0.5852573008   0.3509214385   4.529884387    1.457105575    2.4815164      
23       I1         1.674256652    2.226407977    3.395581343    0.2011009297   0.7659888071   5.08417707     1.636511103    1.752199644    
24       I1         1.79550917     2.161198875    2.782108588    0.01761344909  0.07391524674  4.124835472    2.134421948    0.4082632436   
25       I1         0.7805910733   1.840114       2.815005329    0.7351553244   0.06031807634  5.581352577    2.342573154    2.378002226    
26       I1         1.822802265    1.875005895    3.287586518    0.6478459703   0.3533398499   6.763594913    1.897459978    1.450480648    
27       I1         1.092924469    1.149679854    2.666142613    0.8096779854   0.4780046208   8.415995466    1.982777018    2.2931211      
28       I1         1.381827444    1.605384842    4.360787384    0.4085227492   0.8329797208   7.331916469    1.995923004    1.643582979    
29       I1         0.7579706501   1.116056146    2.934513602    0.6010773471   0.2239289244   7.652579117    2.795801305    2.228730842    
30       I1         1.683075573    1.346035666    2.915172285    0.5699990112   0.842247825    1.957400108    1.237292771    2.662848175    
31       I1         1.420646476    2.204138346    2.581990262    0.8873828238   0.6796230876   2.999869278    2.005978744    1.978102188    
32       I1         0.5420655705   1.328667274    3.735029668    0.4895793974   0.7289337692   5.787673809    1.787865248    2.370705052    
33       I1         0.9537959759   1.40414358     2.789409178    0.1423160262   0.7991067335   8.716605469    1.914951077    1.755744811    
34       I1         0.7856290043   1.109985789    3.178457219    0.128473036    0.5846141512   8.370357904    1.939175983    1.649801793    
35       I1         1.908649771    1.283147972    3.839459706    0.5006140939   0.5694610568   4.063302564    1.693124574    1.970681454    
36       I1         1.05919981     1.181177565    4.371764867    0.4844471541   0.1849948652   2.891081887    1.615097097    1.976473315    
37       I1         1.870099175    2.221495105    2.830048849    0.1493129      0.5760678983   3.940408519    2.910332854    0.5834149818   
38       I1         1.171461564    1.276145037    2.757391787    0.4439054183   0.09677803858  0.5941868708   1.021002136    2.783910079    
39       I1         1.659968719    1.846727143    4.222988627    0.3745234011   0.9190928976   7.868435783    2.562418642    1.302869007    
40       I1         1.527668383    2.530528148    4.218569711    0.06244660579  0.4965381045   5.451772094    1.675449878    0.7117754762   
41       I1         1.244751552    2.016681234    3.409406389    0.8700867974   0.9325752491   2.183137175    1.297965078    2.606531551    
42       I1         1.51752088     2.133923259    3.251077035    0.1569038732   0.1739787854   7.822289279    2.971264849    0.3888240459   
43       I1         1.868473146    1.705854979    4.145470396    0.4496035419   0.02848347457  8.62880349     1.930685724    0.3252559527   
44       I1         0.5702487049   1.855932989    2.725188637    0.4156345467   0.07942275114  1.20806615     2.18230542     1.752091099    
45       I1         0.4479365181   2.215010462    3.304219489    0.2366521052   0.8223547415   9.174741589    2.837037025    1.409668248    
46       I1         1.690483718    1.901955297    2.719834169    0.6923296241   0.6994658029   1.941395209    2.484000237    1.444497711    
47       I1         1.177159204    2.030189091    4.135486143    0.1339867501   0.5109124987   3.177402617    1.230063572    2.504432142    
48       I1         0.8313026433   2.241502952    3.794201365    0.7426416074   0.6360603293   3.831712223    2.54342476     2.362242411    
49       I1         1.406987481    2.347031718    3.929824668    0.9169635703   0.6802152624   7.105306752    2.393861539    2.029840389    
50       I1         1.275950592    1.442057733    2.875069965    0.1946010934   0.3997498947   3.465457878    2.903199835    0.9168189707   
51       I1         0.937441218    1.084743497    3.048511995    0.1603838599   0.182428131    1.683142635    1.80008991     0.8091032475   
52       I1         1.081726666    1.285348205    3.693600047    0.9844407052   0.5642428646   2.770534601    1.857987569    2.456787949    
53       I1         0.9314794921   2.477854227    4.109591472    0.2578996488   0.06917312631  4.956372551    1.14470054     2.655454905    
54       I1         1.254082153    2.382780579    3.042674409    0.03232881701  0.8994223175   5.071982654    1.529097193    1.635096142    
55       I1         1.557081237    2.201317947    3.060427032    0.9243459712   0.9224487796   1.989780196    1.626046344    2.250229269    
56       I1         0.9059262998   1.400965242    4.01903848     0.7479293057   0.5233939486   2.34359497     1.259489469    2.660390725    
57       I1         1.969316018    1.535255594    4.006081118    0.8351751549   0.1376139005   4.019669975    2.154174786    1.163832602    
58       I1         1.464084269    2.171886984    3.223508307    0.588488354    0.3128979224   2.653942694    3.205029226    1.168769025    
59       I1         1.622287052    1.643923416    3.385764139    0.5950280336   0.4302886432   4.365068302    2.917057999    1.181208578    
60       I1         0.5744913194   2.056057473    3.18661111     0.02682032949  0.6515158266   2.908796736    2.258941039    0.5591436859   
61       I1         1.303370076    2.103964652    3.968111588    0.8162194583   0.607010724    5.318249909    3.243481794    2.008476949    
62       I1         1.799934239    2.074017228    4.497385341    0.7827888579   0.1890601572   9.526076387    3.341203918    1.153982675    
63       I1         0.6218146609   1.236657754    3.006263884    0.7065912886   0.8820383405   3.614292698    1.752894144    2.600333371    
64       I1         0.7675012623   2.254104281    3.326822502    0.9358103204   0.3931840479   0.275446016    1.576151478    2.681856872    
65       I1         1.452181115    2.191445607    3.868783827    0.7362907138   0.6290082472   0.3582731703   3.07356733     1.661882596    
66       I1         0.3107108767   1.100195685    3.401677843    0.9063060078   0.653742217    9.053510048    1.890272128    2.870502771    
67       I1         1.467821931    2.262234132    2.710066259    0.06864317479  0.1214055083   1.113506027    1.313900634    2.587984756    
68       I1         0.7196277594   1.374843451    2.941309496    0.05106478175  0.1065470813   2.212150905    1.182338469    2.298905311    
69       I1         1.296228928    1.124789684    4.406230546    0.2528676024   0.8969460614   8.935380853    2.812952815    1.948935281    
70       I1         1.921550885    2.086270055    3.998975956    0.594645732    0.1201212604   7.03016898     2.047124486    0.5031430372   
71       I1         1.347496987    2.06095185     2.657896966    0.2689075142   0.7228376675   7.064042437    1.642919153    1.616308839    
72       I1         1.730353726    1.146068176    3.941439147    0.3297835083   0.08592714136  3.215896412    1.111029395    2.82982548     
73       I1         0.5094663364   1.963526746    3.742895652    0.7643935641   0.9077946181   9.719304767    2.724764023    2.626263957    
74       I1         0.6501714999   1.597078326    3.427281611    0.7000810092   0.8350015658   0.4383188587   2.574820401    2.493874866    
75       I1         1.250014581    1.239487442    3.845312261    0.1350522446   0.2851235629   3.411606954    2.787656451    0.2416831898   
76       I1         0.39845222     2.000874494    2.804628639    0.3534372038   0.4543216541   2.858188311    3.037056762    1.772674615    
77       I1         0.9154537974   2.25008588     2.948627563    0.6177638289   0.4852475744   4.504271809    2.929888882    2.014729806    
78       I1         1.876269462    1.684763754    3.910475407    0.7300191398   0.3380955784   2.681876318    1.204817825    2.739062914    
79       I1         1.645442561    1.266991593    3.805383155    0.6702249147   0.6568343862   9.301918015    1.834735672    1.807467812    
80       I1         0.7461268417   2.391765973    4.08921173     0.8802523054   0.2025505396   5.190489881    1.53496941     2.672393523    
81       I1         0.8884118105   2.232347639    4.166435226    0.8392264346   0.3475140804   1.813236371    1.349083296    2.651192636    
82       I1         0.7357388406   1.558553607    3.764382356    0.1205591682   0.2484786123   3.013930012    3.498405599    0.2427050751   
83       I1         0.869678216    1.368306792    3.59973603     0.8644663599   0.9527122088   7.717283805    2.108004096    2.547938614    
84       I1         1.389904313    1.353113064    3.190784844    0.2810816412   0.836560833    6.01519677     2.065274884    1.695547254    
85       I1         1.987353195    2.324481988    2.872825091    0.78766895     0.8689908005   6.52304944     3.024165153    1.076638657    
86       I1         1.832347989    2.095049203    3.681351124    0.9795582233   0.7855111937   2.118319626    1.658034061    2.173547778    
87       I1         1.82491466     1.563813263    2.767248125    0.2749906241   0.979447786    8.24717916     1.687508881    2.004663098    
88       I1         1.69721588     1.919140271    3.674383694    0.1717771929   0.2935083771   2.715362389    1.326716649    2.61843718     
89       I1         1.860860465    1.618783662    2.983373812    0.2934147745   0.2536875913   3.558779445    2.434446248    0.4932626144   
90       I1         1.382954783    1.408394001    3.984371269    0.2729217598   0.714725534    7.21046598     2.857879381    1.44232272     
91       I1         0.3285586371   1.57146601     3.831236871    0.2421199327   0.5895334026   0.3973248431   3.411552897    1.74181171     
92       I1         1.738002296    2.512240563    3.809025626    0.6421091236   0.172586491    3.372111183    3.311063793    0.6013548976   
93       I1         1.326528753    1.880140909    4.037871506    0.5496203686   0.4123488404   5.870925088    1.184937914    2.66678167     
94       I1         1.085592975    2.619524521    4.064944398    0.6318941159   0.3414620436   6.48335404     1.001621239    2.78933522     
95       I1         1.492923017    2.407301197    4.20024087     0.3438077843   0.2087928288   0.3257977483   2.728328268    0.2688967075   
96       I1         1.564016217    2.499003633    2.57275019     0.1094647061   0.4387943063   0.241138325    1.120290672    2.890530937    
97       I1         0.3131261282   1.67081122     3.667595332    0.4984778558   0.1289259313   9.65776003     1.134577945    2.722353886    
98       I1         1.221021649    1.950323918    3.45754666     0.3203010297   0.739563675    5.939641469    3.451758046    1.220943632    
99       I1         1.712625696    2.298393316    3.847275111    0.6396962211   0.9466801024   6.124559585    2.406973527    1.265422451    
100      I1         1.052531105    1.502985028    4.012869763    0.5227558373   0.03002443055  9.391928479    3.065255811    1.409210794    
101      I1         0.5144262091   2.007974284    4.393020831    0.07736213041  0.3251547208   5.371052394    3.193581599    0.3761578199   
102      I1         1.315604476    2.126531714    2.674299496    0.465210757    0.356885533    5.308717337    3.223977752    1.177563265    
103      I1         1.395449208    2.035421557    3.91705676     0.4342557839   0.5953864639   6.399624598    2.696259644    1.050450807    
104      I1         1.931563387    1.794869922    3.771107536    0.7218329044   0.7516442785   3.506294406    3.273656866    1.137501982    
105      I1         1.990996676    2.462764673    4.13262006     0.7994510876   0.3355639597   0.1383557627   2.55694486     0.7661928832   
106      I1         1.740831827    1.802122459    4.328839539    0.4563962076   0.2375262317   0.9747690129   2.804740768    0.2205251408   
107      I1         1.186805977    2.607205399    2.612978149    0.5394486182   0.4473012554   7.283779674    2.034118778    1.459499634    
108      I1         0.4240566145   1.173806576    3.087118066    0.5540566055   0.5031211313   9.121403494    2.518181823    2.468783303    
109      I1         1.911398778    1.511267464    3.859167714    0.4313628953   0.3871736439   7.789316642    2.161512037    0.221083887    
110      I1         1.444278275    1.850722746    4.353231216    0.100521532    0.4931008605   3.347979457    1.794064947    0.3528980068   
111      I1         1.618362611    2.590534515    4.095182904    0.2674938073   0.8887746462   2.171727156    2.465765395    0.5061805474   
112      I1         1.141522265    1.686736869    4.432868669    0.3579996258   0.2751800928   8.095700615    1.305595537    2.438209042    
113      I1         1.434442838    1.545416253    4.300944502    0.6578579263   0.2448017307   4.410688445    2.826130043    1.512384759    
114      I1         0.9177023502   1.614103081    3.639907075    0.4782339761   0.8014879318   3.661604156    1.671585959    2.121465706    
115      I1         1.651440729    1.720055247    3.113606452    0.8583340564   0.9584592573   6.548255037    1.014254631    2.791050815    
116      I1         0.3177406747   2.547458364    4.237773043    0.5665403297   0.2576233267   2.571069128    2.360791691    2.423309964    
117      I1         0.7409346075   2.381482366    4.397440051    0.4631838113   0.4967438265   1.593846828    2.057926537    1.742428872    
118      I1         0.7113794074   2.153882841    3.100025495    0.08532162429  0.1685791455   1.393663158    2.956226925    0.3288700063   
119      I1         0.3351591749   1.231727704    3.491418829    0.9805095429   0.5312512202   1.57776624     2.145568572    2.887898697    
120      I1         0.6957140961   1.74754868     3.549718539    0.2863724592   0.279182846    5.814931171    1.921338824    0.9913203419   
121      I1         0.8535962471   1.930591487    4.469608268    0.507708016    0.3801969768   0.7424392947   1.77103213     1.894404646    
122      I1         1.182398971    1.623563135    3.21120112     0.8608480364   0.03786302582  3.991173488    2.194981328    2.201272446    
123      I1         1.3490471      2.364682212    3.151201792    0.7502022129   0.01958054421  6.953071345    2.536759611    1.726888718    
124      I1         1.359382799    2.50296565     3.992164059    0.7909367982   0.7594634673   1.059934205    1.90589796     1.908558334    
125      I1         1.578140663    1.867335465    2.628772169    0.7134540686   0.9848527638   3.697353834    1.286243391    2.601627005    
126      I1         0.4859222711   2.673454282    4.266933182    0.6064637601   0.633732568    5.524604038    2.96616941     2.378894686    
127      I1         0.3734655823   1.542045094    4.478762658    0.6297198519   0.9622850424   1.779648702    2.131953858    2.577244578    
128      I1         1.151278613    1.693992783    3.584868323    0.1681824529   0.2602711335   8.264963864    2.233781363    0.2562177433   
129      I1         1.88843912     1.186086906    3.496524632    0.5167904168   0.1597277525   9.773474863    3.047077183    0.4142335231   
130      I1         1.340856682    1.576814556    2.635728609    0.941346387    0.3331156004   6.104156355    3.305645983    2.153137868    
131      I1         1.953548078    1.162088808    4.196549783    0.2257529178   0.06784710513  8.861973182    1.079653216    2.908962957    
132      I1         1.144801891    2.529878567    4.292586158    0.7740396554   0.4435392042   7.256774185    1.445860462    2.465466912    
133      I1         0.36004142     1.740200609    3.903464658    0.4223373309   0.1479898162   3.585673627    1.065052584    2.714728832    
134      I1         1.933004722    1.780657403    3.516151248    0.5316747404   0.871363053    7.187073331    2.65257171     1.086986049    
135      I1         1.948251375    2.024418459    3.647405117    0.9698528934   0.7282635288   3.745943433    3.010601391    1.411750079    
136      I1         1.784835303    2.044425839    3.156802105    0.5249688643   0.465508111    1.040583558    1.591318896    2.123705838    
137      I1         1.764753117    1.937680794    3.617691695    0.07083899011  0.3221937678   1.28832285     3.462024267    0.4765368308   
138      I1         1.600285292    2.27527896     4.172137493    0.1156888522   0.8435021733   8.296674237    1.379363737    2.402616784    
139      I1         0.4921449078   2.480325566    4.207658737    0.2089163743   0.3909964414   6.61131203     2.749416291    0.2563878309   
140      I1         1.665250111    1.254938783    2.615440332    0.07903790755  0.5056121611   6.216627951    3.368082352    0.9116933979   
141      I1         0.9445149779   1.051939886    3.246093392    0.9014394052   0.4023888976   9.273599008    2.451002017    2.507988363    
142      I1         1.915915018    1.806078942    2.599265732    0.2605007178   0.5280954635   0.6846961195   1.499940044    2.378979222    
143      I1         0.3830346702   1.43332527     3.419812513    0.5146411477   0.9546232434   1.177112345    1.067733821    2.710397734    
144      I1         1.024984263    2.353332986    3.068165516    0.768180211    0.5671904152   2.946877912    1.132762913    2.715796542    
145      I1         1.428226823    2.23575481     2.895061716    0.3513967573   0.0890321183   7.465637508    3.448515501    0.6426572672   
146      I1         1.628908169    1.371707752    2.93227432     0.06021600091  0.4874712745   3.161734854    1.624863909    1.783723465    
147      I1         0.4301140715   2.694562258    3.554404698    0.4257638904   0.7171644045   8.449250233    2.0700329      1.89121631     
148      I1         1.881864559    2.664262274    2.925289364    0.2137834302   0.4326145925   3.665753972    3.232414968    0.3532076747   
149      I1         1.956310536    2.6877406      2.851202478    0.8287151901   0.7113755041   9.807148281    2.390442615    1.081874579    
150      I1         0.4689079693   2.522935073    2.83496418     0.9125552918   0.3632845532   5.220264853    2.375909093    2.810585609    
151      I1         1.479476688    2.397986451    3.819235255    0.4476728921   0.537096675    0.5155318816   1.865408501    1.053112421    
152      I1         1.559430362    1.120258727    4.053596237    0.8487916483   0.4707808031   4.310346469    2.076376343    1.817487933    
153      I1         0.728718011    2.175444903    2.906036344    0.1985720714   0.757544596    9.548449799    3.160608938    1.102737396    
154      I1         1.474533859    1.090187553    2.591160766    0.2944660222   0.320086903    7.534625544    3.093389063    1.068782926    
155      I1         0.6741398318   2.660330014    3.606658393    0.7968582963   0.3985872561   4.331382158    3.17842612     2.571091409    
156      I1         0.8480205554   1.169199313    3.260898568    0.3240121076   0.7449829453   8.49266892     2.940504265    2.109791276    
157      I1         0.7724829562   1.206270639    3.938366512    0.9308505921   0.6396143959   9.442576294    2.740645832    2.657713956    
158      I1         0.6847636401   1.07842609     3.692109568    0.7156196559   0.1790726062   7.978424054    1.360166142    2.681950877    
159      I1         0.5937185563   2.543200157    3.752344211    0.6853682706   0.04071712417  7.772486148    2.636583707    2.507703198    
160      I1         0.9657950803   1.461686529    4.02533537     0.282446083    0.827400762    2.389447736    2.279363941    1.887398089    
161      I1         0.5489412889   2.306006852    3.885662293    0.1397966434   0.7898699603   8.818446818    3.428614514    0.6624096429   
162      I1         0.4433185135   1.522818988    4.446948188    0.4961993767   0.06335144982  8.893932136    2.689356423    2.235834468    
163      I1         1.101323509    1.527044211    4.105667461    0.4393065005   0.09428000369  0.6281363281   2.431475731    0.3717043411   
164      I1         1.857817526    1.952210491    2.965447787    0.8130420474   0.3027026087   6.165109595    2.755057012    1.231302537    
165      I1         1.722002096    2.436423644    3.024145158    0.7558619954   0.4692989556   6.983470842    1.212281635    2.696092536    
166      I1         0.6729906473   1.469167139    2.544647477    0.1586357021   0.191096213    9.767570232    1.04606843     2.625352234    
167      I1         0.9481382881   1.022174469    4.077979364    0.2212320219   0.7841465648   8.050056009    1.519098458    2.295842599    
168      I1         1.107474017    1.061946202    4.244486286    0.4751500174   0.1013074441   0.4714102173   1.882513269    0.8295866039   
169      I1         0.9931211435   1.833095461    3.056453917    0.4033144509   0.6961344583   0.701920532    1.546078346    2.039411011    
170      I1         0.6098356177   1.975972814    3.481052509    0.2053694139   0.5735897937   3.783799195    3.397554594    1.024874531    
171      I1         1.708819711    1.816862121    2.955537223    0.5440634302   0.6483402606   5.774861325    2.477539512    1.190984305    
172      I1         0.6263816946   2.141465459    4.251926883    0.4094759667   0.5475262182   4.286154237    3.28075897     1.752638099    
173      I1         1.636678545    1.138117183    3.168104999    0.307045893    0.3850713039   3.302655049    1.354347043    2.525472102    
174      I1         0.6296351808   1.749257324    3.526345781    0.4686115266   0.8469582789   3.486612735    1.666097965    2.204070061    
175      I1         0.7999073836   1.926213285    3.282973026    0.5353698492   0.2999623596   5.484717207    1.702350809    2.003681465    
176      I1         0.5212860984   1.629118409    3.195114581    0.9485655461   0.4067010932   0.2008739061   1.422243749    2.799555817    
177      I1         1.005887567    1.675837711    3.711363838    0.8847277457   0.6889461185   1.323055332    2.87143989     2.424660675    
178      I1         1.205255055    1.042055073    2.808007965    0.02456168552  0.1250539843   4.727184153    2.664880824    0.4430643024   
179      I1         1.892783879    2.559012186    2.908180833    0.1911231965   0.2176088771   5.133200276    2.759534361    0.3859223694   
180      I1         0.4057035626   1.664203842    4.23019236     0.09506460568  0.5565208168   9.035347113    3.28839053     0.2920178686   
181      I1         0.9989670997   1.887784017    3.665054857    0.5617577824   0.3617422335   4.78116836     2.354394372    1.823801527    
182      I1         1.069000019    2.37031698     4.028099965    0.01128075689  0.8857831008   8.13962312     3.297357431    0.4165998692   
183      I1         0.9870801418   1.899072277    2.621126085    0.8055794563   0.2682707875   9.082364385    3.120410618    2.318980581    
184      I1         1.751218561    1.034365161    4.284302384    0.668142229    0.8629435835   2.35856479     1.097642455    2.766311733    
185      I1         1.771193562    1.914040856    3.888104274    0.3140481537   0.5611679837   5.736727176    1.500558745    2.250804106    
186      I1         1.531535246    2.081967787    4.154857191    0.2099069187   0.6208331469   1.63161365     1.441605389    2.241377517    
187      I1         0.5303073602   1.386281804    2.976308004    0.5035474146   0.5424318474   8.334224322    2.33548061     2.29313859     
188      I1         0.787877155    2.129963821    4.374703127    0.1033801179   0.4617170534   4.058018758    2.824598703    0.3023771802   
189      I1         1.901462023    1.580142564    3.469245654    0.152770079    0.1505513559   3.042521913    3.169229962    0.4745091849   
190      I1         0.5783994492   1.727952704    3.014647514    0.5763089343   0.1177522271   1.149210547    3.153146854    2.220664813    
191      I1         0.8789505393   2.447268904    3.34417956     0.5788593947   0.03575032858  6.766951214    2.418465654    1.933136234    
192      I1         0.4792202012   1.1350667      3.03564899     0.9197970148   0.949165208    5.877084206    3.489893899    2.806042578    
193      I1         0.551983061    1.063528064    2.693563229    0.6160442773   0.02603853883  6.001678038    2.627786828    2.342889305    
194      I1         1.518732135    1.767639995    4.042251232    0.4149177055   0.7373991272   5.567548951    3.081848135    1.295146842    
195      I1         1.815934321    2.668874854    2.972977533    0.9664733799   0.6270359666   2.073431759    1.814968118    1.940617884    
196      I1         1.301021493    2.35817213     4.125732872    0.1060554789   0.4242836668   8.799554718    1.390362506    2.197421804    
197      I1         0.866175135    2.653075503    2.737443737    0.179527658    0.2644768829   2.271706462    1.959406696    0.5601934209   
198      I1         1.550696324    1.072841677    3.314757769    0.6520493137   0.1117894441   4.715888998    2.214667896    1.211080866    
199      I1         1.212023774    1.213851171    3.721320857    0.4528106755   0.01337837752  6.710055755    3.102060641    0.5540572767   
200      I1         0.3485504418   2.180520308    2.761519739    0.2482968935   0.8537564426   1.276621057    2.944974689    1.574686498    
201      I1         0.4175703839   2.600075591    3.349998568    0.7522225039   0.2156810159   5.275197541    2.768950355    2.697536969    
202      I1         1.031569625    2.282828503    3.306796818    0.3136359659   0.15576903     8.538878684    2.229634502    0.605039338    
203      I1         0.7482488826   2.623360368    3.253518959    0.4191608878   0.07719894133  1.010521473    2.503245116    1.44543164     
204      I1         0.9080263691   1.702042258    4.489577456    0.3334357705   0.9170078746   8.435700196    1.599352301    2.028030118    
205      I1         0.3949104709   1.303784423    3.64216882     0.1861942359   0.10346091     1.544169539    3.006983899    0.3020529861   
206      I1         1.200518864    1.425525521    2.726943377    0.4727462276   0.5982216018   2.089410644    2.847176678    1.756220493    
207      I1         1.701964074    2.339796042    3.563084631    0.04404286758  0.2052308283   8.703049179    3.147121145    0.5892860514   
208      I1         0.3902345162   2.555003389    4.116854075    0.5475402506   0.05124040972  6.634035164    1.819137968    2.429580925    
209      I1         0.4304851418   1.010688332    3.128993032    0.6022610977   0.4360470655   0.8712048423   2.374188924    2.537426576    
210      I1         0.6881199015   1.972364014    3.373360849    0.05397155562  0.2877460165   9.199591692    1.155739705    2.403542059    
211      I1         0.5014862514   1.046458867    3.296963637    0.3820957175   0.6156617733   2.837997409    2.16818102     2.325029289    
212      I1         1.280854117    1.105283673    3.593232741    0.3637232882   0.509737054    0.5511667692   1.607700684    2.046355975    
213      I1         1.507471669    1.029610094    3.075562603    0.9315443773   0.8928641198   9.583711601    1.833273034    2.079619129    
214      I1         1.498235502    2.112643846    4.357918419    0.6558531331   0.603556501    3.876418288    2.287974566    1.469495404    
215      I1         0.4737196634   2.422904768    3.54214926     0.6112363957   0.2340491312   5.436145523    1.272784412    2.686851024    
216      I1         1.962053355    1.457724002    3.624777989    0.7599331456   0.3787398946   7.15887715     1.563766349    2.298546719    
217      I1         0.7074897604   2.318754595    2.687332496    0.7102397642   0.7193760053   6.850141074    3.190779325    2.398477404    
218      I1         1.076181637    1.941346502    4.314317134    0.8399888113   0.3148766168   1.458145766    2.099260682    2.300635228    
219      I1         0.460359321    1.382261558    3.424068791    0.03599679946  0.7761797963   0.6063780837   3.345000024    1.737335109    
220      I1         0.7957480231   1.005001595    2.741246095    0.6948103972   0.8833437898   6.315550258    2.017939144    2.547140727    
221      I1         1.131380639    2.459660638    3.27858566     0.8261550649   0.5517586627   6.827758737    2.709937443    2.202309487    
222      I1         0.6363943388   1.41831238     2.651214515    0.4832078674   0.9267890524   4.934930773    1.718019718    2.360725114    
223      I1         0.8066862593   2.120810807    3.876091411    0.07396129374  0.7934731076   7.027733153    2.332507761    0.6336692263   
224      I1         0.3762842491   2.564005466    3.961198443    0.6968460319   0.622309483    7.310678901    3.265983532    2.609374526    
225      I1         1.310439953    2.091183159    3.123302953    0.7246198575   0.6425564559   5.162715657    2.782450497    1.835907956    
226      I1         0.7603459946   1.197083982    3.112754433    0.5837991308   0.5788924596   2.534502614    2.992670836    2.349451476    
227      I1         1.574434238    1.865102614    4.311366217    0.5377850523   0.807958624    9.006293536    1.090770128    2.74808077     
228      I1         0.6609580598   1.712391478    3.461227053    0.9614109575   0.459415704    5.618450393    3.255199615    2.73825677     
229      I1         0.9821751427   2.538197415    3.574528517    0.9105767505   0.7618330616   7.990311883    3.357357405    2.456199722    
230      I1         1.758476031    1.661443372    4.25617578     0.0138220575   0.9751072237   7.623043751    2.446361673    1.306833547    
231      I1         1.811396034    2.644110444    2.641115736    0.3991976672   0.9883526835   2.631645173    2.898298667    0.7055201681   
232      I1         1.998319731    1.015258679    4.413056666    0.7047729654   0.220584488    4.801508251    3.138695567    0.2556415326   
233      I1         1.361125029    1.423331016    3.951384311    0.7660642874   0.6635464248   1.905774743    1.553425089    2.332572221    
234      I1         1.775966423    2.402522684    3.03283948     0.6817590328   0.9087467498   4.884283603    3.470998266    1.181585894    
235      I1         0.872472806    2.680127378    3.788768941    0.6350235686   0.9310201391   2.456995337    2.218883641    2.087468453    
236      I1         0.9621420747   2.413440626    3.703694044    0.3857637516   0.2666295428   8.569121207    2.243003414    0.8286272259   
237      I1         1.269443469    2.267059179    3.357614425    0.02088740981  0.9372722994   1.740474131    1.737073229    1.024969681    
238      I1         1.288003539    2.594591468    3.778708329    0.3374150785   0.2417438303   2.777260348    2.088695206    0.1942459737   
239      I1         1.422242053    1.31261729     3.530301182    0.6465402684   0.1952555708   0.1095228706   2.673313704    1.423990116    
240      I1         0.6996487793   2.327072205    2.996022772    0.2887668062   0.9830281785   1.502057478    3.423253803    1.462571992    
241      I1         1.046500615    1.763486224    3.236266154    0.9752273023   0.3294683232   4.563016676    1.951766702    2.472219322    
242      I1         1.850647614    1.024249216    3.140613029    0.6251937004   0.367962828    1.857627286    2.509368311    1.011082009    
243      I1         1.80468192     1.892177349    3.537894867    0.5279734897   0.8581902132   4.247479126    1.193195169    2.728574767    
244      I1         0.5570628343   1.607062876    3.391570594    0.6742736568   0.3073840553   6.175578454    1.409865042    2.611543551    
245      I1         1.592116285    2.455724537    4.454172702    0.9033250825   0.1446908839   4.217818408    2.273167593    1.743271374    
246      I1         1.162721522    2.066444463    2.752934595    0.03961106068  0.5329572475   7.427576021    1.47547493     1.728186503    
247      I1         1.012847891    1.637809805    4.421940351    0.6890713407   0.4827215116   2.28079469     2.706674091    2.155919944    
248      I1         0.4552595495   2.333158098    3.229890596    0.3961759723   0.7054546704   3.090635965    2.18375314     1.837627712    
249      I1         0.8936899455   1.772829532    2.50197392     0.3027917464   0.8759965862   7.662693208    1.946876391    1.777031293    
250      I1         0.8114660747   2.493927199    2.538278452    0.8742615238   0.04916239375  1.696533584    1.512162257    2.637641594    
251      I1         0.9744128914   1.222511354    3.164319841    0.8202279181   0.6953665752   6.903781316    3.090544016    2.430534876    
252      I1         1.257981942    1.090962769    4.297124512    0.9534866534   0.6720925495   1.231381987    3.359789056    2.274051669    
253      I1         1.589566797    1.310918435    3.097604414    0.5748104646   0.6674393617   6.043796498    1.460551876    2.382210229    
254      I1         1.538629173    2.637878489    4.04804838     0.5638427568   0.05784624219  9.990094479    1.056579247    2.787311749    
255      I1         1.505239601    2.470183567    2.563463878    0.1134234945   0.7707287291   1.373626406    1.988513382    0.6633868458   
256      I1         1.335763744    1.496423881    2.518656767    0.8439753187   0.8178788364   8.751343945    2.2945428      2.110391427    
257      I1         0.8971714963   1.90839714     4.340212492    0.6238800601   0.2956648772   4.894030408    3.388996575    2.083003996    
258      I1         0.5625116465   2.629135782    2.510864016    0.9569122946   0.4161493205   0.8342739093   2.677983351    2.772168904    
259      I1         0.408544849    1.550618968    3.447680515    0.2398713653   0.1081480773   8.584118857    1.17345003     2.430778495    
260      I1         0.600299416    1.265502074    2.885188013    0.127562032    0.5220185425   1.447753494    3.028973259    1.499410633    
261      I1         1.583172998    2.488531847    4.278076749    0.3205776368   0.7502055389   3.812652926    1.340808712    2.505434052    
262      I1         1.112249205    1.248939516    3.860473881    0.6646589952   0.5429176497   5.682692331    3.111064988    2.121232218    
263      I1         1.542088596    1.338449556    3.362561772    0.7390744977   0.2819903394   7.375963574    2.525981301    1.569708129    
264      I1         1.748286095    1.588301778    3.217801873    0.2175845276   0.6084285145   0.9572361427   2.498154856    0.7547100639   
265      I1         1.446335508    2.419043855    2.992332302    0.04631572826  0.2717204916   9.893005244    1.279143474    2.632730592    
266      I1         1.404016156    2.635292786    2.888551602    0.876164382    0.136307493    8.08061807     3.327272653    1.942721774    
267      I1         1.415755904    2.572289077    2.824612651    0.9462985109   0.4526974088   0.7839750314   2.319904806    2.052095884    
268      I1         1.937686949    1.987294004    2.672121545    0.7772854328   0.08285317218  0.1747179927   1.97242533     1.445110515    
269      I1         1.13489634     1.995419009    3.784201027    0.3947952275   0.5544699285   0.3695975357   2.583368745    1.158767749    
270      I1         0.8239859326   2.372407311    4.440692207    0.368880236    0.7943040718   6.296109337    1.403687279    2.140636135    
271      I1         1.015064302    1.732391951    2.841873065    0.7860742005   0.5132588444   4.630881637    1.780841718    2.311140804    
272      I1         0.9241843732   1.157178291    4.324691621    0.8012678524   0.9684807231   7.751662791    2.859344672    2.496212743    
273      I1         0.3443498047   1.985846631    3.954929593    0.1448942896   0.1659209448   3.105402687    2.598481492    0.2797389296   
274      I1         0.6021373378   1.219835666    3.33756519     0.8944457742   0.964709477    4.675868525    3.381077879    2.730093453    
275      I1         1.670202853    1.259956569    4.264413472    0.1822568941   0.3700228634   4.45813412     2.890978104    0.2782422088   
276      I1         1.225710618    2.049813049    3.006847077    0.3617429562   0.4753711493   9.688580275    1.222673888    2.58576502     
277      I1         0.973829551    1.96163696     2.528631855    0.3768789556   0.1311815475   7.585434032    1.428436597    2.093027359    
278      I1         0.3677524232   1.754827795    3.571354347    0.9378834073   0.941542642    3.289680331    1.570159858    2.849500687    
279      I1         0.3237088733   1.437335597    3.979006456    0.2506824008   0.02016356509  3.251303546    3.210067409    0.3951611095   
280      I1         1.614376697    1.340093733    3.20471397     0.3908718751   0.6746964876   3.91128993     3.479283269    1.319308019    
281      I1         1.216061424    2.444789642    3.325752487    0.6090147236   0.2464161253   9.33223508     3.322483215    1.570535914    
282      I1         1.324356168    1.591783969    3.506186554    0.8314936832   0.01152641849  8.960502068    2.02915257     1.962168373    
283      I1         0.4360475337   1.831704451    3.443101497    0.8888690782   0.3045696348   5.656863288    2.613947314    2.801724429    
284      I1         0.3052678245   2.148702014    2.863239585    0.989453186    0.1413102393   6.352420219    1.026485822    2.973290072    
285      I1         1.126024947    1.327864414    4.48415467     0.3703465277   0.5857182627   2.418285222    3.440100491    1.702443848    
286      I1         1.608771412    1.359935892    3.756594181    0.09380691351  0.3434151444   5.385674145    1.368960192    2.478712449    
287      I1         1.459552999    1.654378836    3.13492306     0.8496504772   0.2271843178   5.044471134    1.317125486    2.575106159    
288      I1         1.365941496    1.394356037    2.85479035     0.5574533339   0.04468927487  4.447244152    3.40027001     1.249353742    
289      I1         0.8414926297   2.309147292    3.439605621    0.4360845678   0.7065786773   6.440097854    3.233827472    1.644022753    
290      I1         1.783188645    1.790683409    2.778552717    0.03765811168  0.4200881004   1.845591962    2.982602896    0.607712129    
291      I1         1.373481817    1.81166574     3.63207404     0.2228202545   0.5927817656   4.999514334    2.254161223    0.703114756    
292      I1         1.72488636     1.717746796    2.702744019    0.3832702037   0.1628758786   9.604909417    2.988478439    0.7307290192   
293      I1         1.979905971    1.201716412    3.370947356    0.676848485    0.6438213597   9.935364316    2.60466547     1.067969268    
294      I1         1.062583374    1.475532227    4.415591986    0.2294786622   0.7329755853   6.895136135    2.473955203    1.61399785     
295      I1         0.4976089969   2.165513297    2.576428011    0.3476104215   0.8745567966   4.166339747    2.110244726    1.801255831    
296      I1         1.098367723    2.432352504    4.191135207    0.6602045533   0.3741075441   6.688892982    2.581542838    1.893119193    
297      I1         0.719191177    2.61158016     4.382333396    0.1869733362   0.9379771955   0.9222992184   1.490517732    1.493373983    
298      I1         1.973053607    1.299671974    3.084757358    0.4929807404   0.4273640679   2.505893795    2.207458896    0.8136846137   
299      I1         0.6677877611   1.509549826    3.27268924     0.9575132077   0.805928482    9.435916875    3.050855004    2.730732544    
300      I1         1.160758497    1.487285369    2.555153062    0.2345873294   0.6121861275   8.158161341    2.648130001    1.461881474    
301      I1         1.709670782    1.570164609    4.498628258    0.1693004115   0.01201646091  0.1203703704   2.188271605    0.5143488813   
302      I1         1.434499314    2.696502058    4.495884774    0.06041152263  0.3951440329   6.72037037     2.075102881    0.5208611135   
303      I1         1.226954733    1.003497942    4.495884774    0.2781893004   0.01201646091  0.2833333333   2.664951989    0.2996833919   
304      I1         1.429835391    1.759053498    4.002057613    0.2271056241   0.1934979424   1.17962963     2.054526749    0.3005545843   
305      I1         1.240946502    2.136831276    3.831961591    0.03218106996  0.415308642    0.5685185185   1.982510288    0.4162789285   
306      I1         1.996502058    2.696502058    3.829218107    0.335994513    0.3144855967   7.82037037     2.219135802    0.3572947526   
307      I1         0.8678326475   2.696502058    3.829218107    0.09670781893  0.3386831276   7.412962963    2.630658436    0.4483593631   
308      I1         1.180315501    2.696502058    3.755144033    0.1854320988   0.5524279835   4.887037037    2.033950617    0.2851601205   
309      I1         0.8981481481   1.332304527    3.919753086    0.1773662551   0.02814814815  6.706790123    3.155349794    0.3284761881   
310      I1         1.744650206    1.430246914    4.495884774    0.335994513    0.1330041152   6.72037037     2.270576132    0.3489394934   
311      I1         1.998834019    1.23436214     3.829218107    0.01201646091  0.1209053498   6.72037037     2.517489712    0.6339473915   
312      I1         1.017078189    1.39526749     3.417695473    0.131659808    0.07251028807  3.705555556    2.404320988    0.3485086488   
313      I1         0.8678326475   1.83600823     4.100823045    0.1733333333   0.1773662551   3.37962963     2.815843621    0.2949948228   
314      I1         0.6742798354   2.129835391    3.609739369    0.1088065844   0.3346502058   9.97962963     3.371399177    0.3057101935   
315      I1         0.8701646091   1.570164609    3.574074074    0.1975308642   0.01067215364  0.1203703704   3.350823045    0.2832170481   
316      I1         1.996502058    2.696502058    4.273662551    0.335994513    0.01201646091  1.17962963     3.145061728    0.4786736366   
317      I1         1.432167353    1.003497942    3.952674897    0.3346502058   0.06041152263  0.8537037037   2.898148148    0.2369435203   
318      I1         1.429835391    1.001165981    4.446502058    0.05637860082  0.2822222222   2.32037037     2.959876543    0.3684237624   
319      I1         1.432167353    1.563168724    4.495884774    0.07251028807  0.2983539095   5.05           1.972222222    0.3459283939   
320      I1         1.450823045    2.129835391    2.501371742    0.02814814815  0.1451028807   9.97962963     2.352880658    0.6106345345   
321      I1         1.429835391    1.940946502    4.051440329    0.335994513    0.1572016461   3.42037037     2.157407407    0.234380233    
322      I1         1.996502058    2.199794239    4.498628258    0.04024691358  0.5040329218   0.1203703704   1.961934156    0.4180752273   
323      I1         1.429835391    2.220781893    3.755144033    0.1894650206   0.3373388203   8.064814815    1.972222222    0.302613419    
324      I1         1.240946502    2.101851852    4.199588477    0.1451028807   0.335994513    3.42037037     1.961934156    0.3296592269   
325      I1         1.996502058    2.696502058    4.100823045    0.335994513    0.4274074074   6.72037037     3.031893004    0.4017038376   
326      I1         1.4718107      2.698834019    3.384773663    0.2983539095   0.3870781893   6.72037037     2.147119342    0.2626457985   
327      I1         1.059053498    1.185390947    3.829218107    0.1209053498   0.2257613169   9.97962963     2.664951989    0.2666210863   
328      I1         0.8701646091   2.512277092    4.273662551    0.05234567901  0.6411522634   9.97962963     3.278806584    0.389117081    
329      I1         1.998834019    2.696502058    3.83744856     0.01201646091  0.6613168724   0.1203703704   3.422839506    0.5373278604   
330      I1         1.996502058    2.136831276    4.240740741    0.335994513    0.3467489712   0.1203703704   2.79526749     0.3950844659   
331      I1         1.499794239    1.192386831    3.615226337    0.1612345679   0.2338271605   6.706790123    2.291152263    0.2977769115   
332      I1         1.996502058    2.696502058    2.726337449    0.1209053498   0.01067215364  3.42037037     2.352880658    0.4702801535   
333      I1         1.324897119    1.003497942    3.829218107    0.335994513    0.01201646091  0.1203703704   2.219135802    0.2355255681   
334      I1         1.352880658    1.752057613    3.137860082    0.1612345679   0.2217283951   3.393209877    2.116255144    0.3257556318   
335      I1         0.3174897119   2.325720165    4.133744856    0.09267489712  0.4475720165   6.72037037     2.664951989    0.3240003269   
336      I1         1.436831276    2.698834019    4.059670782    0.2217283951   0.4475720165   6.72037037     2.949588477    0.3544788213   
337      I1         1.996502058    2.136831276    3.829218107    0.335994513    0.4475720165   9.97962963     2.208847737    0.2849829291   
338      I1         1.434499314    2.633539095    3.829218107    0.02814814815  0.6613168724   6.72037037     2.00308642     0.4045407155   
339      I1         0.8678326475   2.696502058    3.829218107    0.1733333333   0.4516049383   0.1203703704   2.630658436    0.2856196691   
340      I1         1.998834019    2.696502058    4.059670782    0.0846090535   0.3386831276   0.1203703704   2.91872428     0.6041963604   
341      I1         0.5693415638   2.512277092    3.829218107    0.1652674897   0.3749794239   6.72037037     2.568930041    0.2535177183   
342      I1         1.534773663    2.136831276    4.495884774    0.0846090535   0.4959670782   2.524074074    1.927640604    0.2874832548   
343      I1         0.3034979424   2.134499314    3.393004115    0.1289711934   0.01201646091  3.42037037     3.145061728    0.3359195027   
344      I1         0.933127572    2.647530864    3.228395062    0.1209053498   0.5537722908   6.72037037     2.116255144    0.2983967302   
345      I1         1.998834019    2.696502058    2.504115226    0.01201646091  0.01201646091  0.1203703704   3.494855967    0.5094558143   
346      I1         1.017078189    2.514609053    2.652263374    0.0846090535   0.01067215364  0.1203703704   3.330246914    0.3716662115   
347      I1         1.996502058    2.698834019    2.504115226    0.1572016461   0.01201646091  3.37962963     3.04218107     0.4177878869   
348      I1         0.3104938272   2.514609053    3.831961591    0.1451028807   0.2983539095   0.812962963    2.764403292    0.2809415502   
349      I1         1.240946502    2.696502058    3.384773663    0.1733333333   0.1894650206   2.32037037     3.498285322    0.3710550746   
350      I1         1.240946502    2.698834019    3.170781893    0.201563786    0.1773662551   0.1203703704   3.103909465    0.3117320761   
351      I1         1.429835391    2.696502058    3.829218107    0.335994513    0.116872428    0.1203703704   2.075102881    0.2608076701   
352      I1         1.177983539    2.50994513     3.606995885    0.2257613169   0.3346502058   5.62037037     2.177983539    0.2671119126   
353      I1         0.6043209877   1.567832647    3.755144033    0.116872428    0.1693004115   6.72037037     3.402263374    0.2975437895   
354      I1         1.059053498    1.563168724    3.96090535     0.1209053498   0.2257613169   5.294444444    3.498285322    0.3272414669   
355      I1         1.331893004    1.339300412    4.388888889    0.335994513    0.1209053498   0.1203703704   2.486625514    0.2047558489   
356      I1         1.429835391    1.192386831    3.829218107    0.1612345679   0.2096296296   6.72037037     2.664951989    0.3281357059   
357      I1         1.996502058    1.570164609    3.829218107    0.335994513    0.2257613169   7.77962963     2.105967078    0.2652246657   
358      I1         1.996502058    2.696502058    3.16255144     0.01067215364  0.3386831276   9.97962963     2.116255144    0.4328087889   
359      I1         1.996502058    2.696502058    3.83744856     0.01201646091  0.9893278464   9.97962963     3.268518519    0.4436153463   
360      I1         1.998834019    2.696502058    3.83744856     0.2176954733   0.9879835391   6.72037037     3.41255144     0.4728425218   
361      I1         1.998834019    2.31872428     4.059670782    0.2096296296   0.4475720165   9.97962963     3.494855967    0.4430505705   
362      I1         1.61872428     2.134499314    4.273662551    0.3346502058   0.1572016461   6.72037037     3.083333333    0.3319769359   
363      I1         1.998834019    2.696502058    4.495884774    0.137037037    0.8790946502   6.72037037     3.04218107     0.3746784133   
364      I1         1.998834019    2.136831276    4.199588477    0.1451028807   0.5161316872   9.97962963     3.114197531    0.4277383628   
365      I1         1.996502058    2.698834019    3.384773663    0.330617284    0.6613168724   6.72037037     2.466049383    0.3257365107   
366      I1         1.998834019    2.696502058    3.442386831    0.1733333333   0.6613168724   9.97962963     2.568930041    0.4197429335   
367      I1         1.44382716     2.696502058    3.829218107    0.335994513    0.3386831276   0.4462962963   2.157407407    0.2408611383   
368      I1         0.8771604938   2.698834019    3.16255144     0.05234567901  0.883127572    1.17962963     2.177983539    0.3882244486   
369      I1         1.052057613    2.698834019    2.940329218    0.201563786    0.01201646091  6.72037037     3.16563786     0.3461982031   
370      I1         0.4014403292   2.134499314    4.133744856    0.1410699588   0.3749794239   9.97962963     2.980452675    0.2315217423   
371      I1         0.7582304527   2.134499314    3.425925926    0.1693004115   0.1410699588   3.42037037     3.299382716    0.2661457616   
372      I1         0.4574074074   2.698834019    4.281893004    0.1733333333   0.3588477366   6.72037037     2.805555556    0.2746308668   
373      I1         0.7442386831   2.134499314    4.273662551    0.1410699588   0.4435390947   9.97962963     3.217078189    0.2465525946   
374      I1         0.4644032922   2.134499314    3.829218107    0.1410699588   0.2983539095   6.72037037     2.764403292    0.2508448878   
375      I1         0.3034979424   2.323388203    4.495884774    0.1330041152   0.5            9.97962963     3.186213992    0.2258031855   
376      I1         0.6742798354   2.696502058    4.479423868    0.1693004115   0.5161316872   6.72037037     2.668381344    0.2491828598   
377      I1         1.052057613    2.698834019    3.738683128    0.1693004115   0.5524279835   9.97962963     2.435185185    0.2950490345   
378      I1         1.998834019    2.696502058    2.504115226    0.2257613169   0.6613168724   8.92037037     2.352880658    0.4085694233   
379      I1         1.436831276    2.698834019    3.368312757    0.181399177    0.6250205761   9.97962963     2.157407407    0.3118195601   
380      I1         1.996502058    2.698834019    3.244855967    0.2176954733   0.6613168724   3.42037037     2.383744856    0.3769286304   
381      I1         1.059053498    2.698834019    3.16255144     0.1330041152   0.6613168724   3.37962963     2.383744856    0.3278554919   
382      I1         1.61872428     1.570164609    3.820987654    0.335994513    0.2499588477   9.97962963     2.105967078    0.2162124543   
383      I1         0.4923868313   2.512277092    4.380658436    0.1693004115   0.3951440329   2.27962963     2.62037037     0.2485529728   
384      I1         1.996502058    1.626131687    3.384773663    0.1195610425   0.2297942387   9.97962963     2.12654321     0.3572205994   
385      I1         0.3034979424   2.512277092    3.87037037     0.1693004115   0.3467489712   8.87962963     3.206790123    0.3009207666   
386      I1         0.5553497942   2.696502058    4.067901235    0.1572016461   0.5161316872   6.72037037     2.946159122    0.2549498856   
387      I1         1.436831276    1.269341564    3.165294925    0.1572016461   0.06444444444  9.97962963     2.105967078    0.332932941    
388      I1         0.5273662551   2.640534979    3.384773663    0.1209053498   0.116872428    0.1203703704   3.498285322    0.3537974265   
389      I1         0.6113168724   2.696502058    3.170781893    0.1572016461   0.01201646091  0.1067901235   3.134773663    0.3154590887   
390      I1         0.4853909465   2.698834019    3.829218107    0.1410699588   0.5524279835   2.157407407    2.599794239    0.2494146802   
391      I1         0.7092592593   1.185390947    3.927983539    0.09267489712  0.1854320988   3.42037037     2.706104252    0.2758145718   
392      I1         0.8002057613   1.185390947    4.462962963    0.1249382716   0.335994513    9.97962963     3.052469136    0.1541186958   
393      I1         1.996502058    1.003497942    4.495884774    0.335994513    0.1209053498   8.92037037     3.155349794    0.425780855    
394      I1         1.623388203    1.38127572     4.495884774    0.4677366255   0.02411522634  0.1203703704   2.291152263    0.2316412101   
395      I1         1.998834019    2.129835391    3.812757202    0.01201646091  0.01201646091  9.97962963     2.075102881    0.4559138991   
396      I1         1.996502058    1.570164609    3.829218107    0.335994513    0.3346502058   9.97962963     2.394032922    0.3282679206   
397      I1         1.998834019    1.563168724    4.191358025    0.4677366255   0.2257613169   9.97962963     2.198559671    0.2448909597   
398      I1         1.996502058    2.696502058    4.355967078    0.5161316872   0.1209053498   0.1203703704   2.664951989    0.3353708752   
399      I1         1.998834019    2.136831276    4.355967078    0.5443621399   0.03218106996  0.812962963    3.186213992    0.3096314753   
400      I1         1.814609053    2.696502058    4.281893004    0.4556378601   0.1934979424   3.37962963     2.112825789    0.2377521919   
%eval_id interface log__t_efold_shallow log__t_efold_soil log__t_efold_karst f_exfiltration_shallow f_exfiltration_soil PDD_melt_factor log__Hmax_shallow neg_kge        
401      I1         0.8002057613   1.185390947    4.462962963    0.1249382716   0.335994513    9.97962963     3.052469136    0.1541186958   
402      I1         0.9702057613   1.185390947    4.462962963    0.1249382716   0.335994513    9.97962963     3.052469136    0.1662645026   
403      I1         0.8002057613   1.355390947    4.462962963    0.1249382716   0.335994513    9.97962963     3.052469136    0.1733638117   
404      I1         0.8002057613   1.185390947    4.462962963    0.2229382716   0.335994513    9.97962963     3.052469136    0.2678532075   
405      I1         0.8002057613   1.185390947    4.462962963    0.1249382716   0.433994513    9.97962963     3.052469136    0.2307862951   
406      I1         0.8002057613   1.185390947    4.462962963    0.1249382716   0.335994513    9.97962963     3.302469136    0.1541186958   
407      I1         0.6302057613   1.185390947    4.462962963    0.1249382716   0.335994513    9.97962963     3.052469136    0.1597793901   
408      I1         0.8002057613   1.015390947    4.462962963    0.1249382716   0.335994513    9.97962963     3.052469136    0.1694900096   
409      I1         0.8002057613   1.185390947    4.262962963    0.1249382716   0.335994513    9.97962963     3.052469136    0.1741796987   
410      I1         0.8002057613   1.185390947    4.462962963    0.0269382716   0.335994513    9.97962963     3.052469136    0.2539629185   
411      I1         0.8002057613   1.185390947    4.462962963    0.1249382716   0.237994513    9.97962963     3.052469136    0.2370052599   
412      I1         0.8002057613   1.185390947    4.462962963    0.1249382716   0.335994513    8.98962963     3.052469136    0.1530027621   
413      I1         0.8002057613   1.185390947    4.462962963    0.1249382716   0.335994513    9.97962963     2.802469136    0.1541186958   
414      I1         0.8852057613   1.185390947    4.462962963    0.1249382716   0.335994513    9.97962963     3.052469136    0.1561647954   
415      I1         0.8002057613   1.270390947    4.462962963    0.1249382716   0.335994513    9.97962963     3.052469136    0.1567281143   
416      I1         0.8002057613   1.185390947    4.462962963    0.1739382716   0.335994513    9.97962963     3.052469136    0.174196664    
417      I1         0.8002057613   1.185390947    4.462962963    0.1249382716   0.384994513    9.97962963     3.052469136    0.1626781572   
418      I1         0.8002057613   1.185390947    4.462962963    0.1249382716   0.335994513    9.97962963     3.177469136    0.1541186958   
419      I1         0.7152057613   1.185390947    4.462962963    0.1249382716   0.335994513    9.97962963     3.052469136    0.1551927442   
420      I1         0.8002057613   1.100390947    4.462962963    0.1249382716   0.335994513    9.97962963     3.052469136    0.1578070756   
421      I1         0.8002057613   1.185390947    4.362962963    0.1249382716   0.335994513    9.97962963     3.052469136    0.1793601173   
422      I1         0.8002057613   1.185390947    4.462962963    0.0759382716   0.335994513    9.97962963     3.052469136    0.1920431081   
423      I1         0.8002057613   1.185390947    4.462962963    0.1249382716   0.286994513    9.97962963     3.052469136    0.1856332214   
424      I1         0.8002057613   1.185390947    4.462962963    0.1249382716   0.335994513    9.48462963     3.052469136    0.1535538698   
425      I1         0.8002057613   1.185390947    4.462962963    0.1249382716   0.335994513    9.97962963     2.927469136    0.1541186958   
426      I1         0.8427057613   1.185390947    4.462962963    0.1249382716   0.335994513    9.97962963     3.052469136    0.1547254909   
427      I1         0.8002057613   1.227890947    4.462962963    0.1249382716   0.335994513    9.97962963     3.052469136    0.1546377002   
428      I1         0.8002057613   1.185390947    4.462962963    0.1494382716   0.335994513    9.97962963     3.052469136    0.1540526706   
429      I1         0.8002057613   1.185390947    4.462962963    0.1249382716   0.360494513    9.97962963     3.052469136    0.1507991102   
430      I1         0.8002057613   1.185390947    4.462962963    0.1249382716   0.335994513    9.97962963     3.114969136    0.1541186958   
431      I1         0.7577057613   1.185390947    4.462962963    0.1249382716   0.335994513    9.97962963     3.052469136    0.1542442083   
432      I1         0.8002057613   1.142890947    4.462962963    0.1249382716   0.335994513    9.97962963     3.052469136    0.1550572093   
433      I1         0.8002057613   1.185390947    4.412962963    0.1249382716   0.335994513    9.97962963     3.052469136    0.1621421485   
434      I1         0.8002057613   1.185390947    4.462962963    0.1004382716   0.335994513    9.97962963     3.052469136    0.1673374278   
435      I1         0.8002057613   1.185390947    4.462962963    0.1249382716   0.311494513    9.97962963     3.052469136    0.1673602654   
436      I1         0.8002057613   1.185390947    4.462962963    0.1249382716   0.335994513    9.73212963     3.052469136    0.1538356508   
437      I1         0.8002057613   1.185390947    4.462962963    0.1249382716   0.335994513    9.97962963     2.989969136    0.1541186958   
438      I1         0.8427057613   1.185390947    4.462962963    0.1249382716   0.360494513    9.97962963     3.052469136    0.1480690574   
439      I1         0.8002057613   1.227890947    4.462962963    0.1249382716   0.360494513    9.97962963     3.052469136    0.1466834418   
440      I1         0.8002057613   1.185390947    4.462962963    0.1494382716   0.360494513    9.97962963     3.052469136    0.1668900027   
441      I1         0.8002057613   1.185390947    4.462962963    0.1249382716   0.384994513    9.97962963     3.052469136    0.1626781572   
442      I1         0.8002057613   1.185390947    4.462962963    0.1249382716   0.360494513    9.97962963     3.114969136    0.1507991102   
443      I1         0.7577057613   1.185390947    4.462962963    0.1249382716   0.360494513    9.97962963     3.052469136    0.1545615599   
444      I1         0.8002057613   1.142890947    4.462962963    0.1249382716   0.360494513    9.97962963     3.052469136    0.1571934399   
445      I1         0.8002057613   1.185390947    4.412962963    0.1249382716   0.360494513    9.97962963     3.052469136    0.1705263681   
446      I1         0.8002057613   1.185390947    4.462962963    0.1004382716   0.360494513    9.97962963     3.052469136    0.1530660047   
447      I1         0.8002057613   1.185390947    4.462962963    0.1249382716   0.360494513    9.73212963     3.052469136    0.1505488093   
448      I1         0.8002057613   1.185390947    4.462962963    0.1249382716   0.360494513    9.97962963     2.989969136    0.1507991102   
449      I1         0.8427057613   1.227890947    4.462962963    0.1249382716   0.360494513    9.97962963     3.052469136    0.1456835515   
450      I1         0.8002057613   1.270390947    4.462962963    0.1249382716   0.360494513    9.97962963     3.052469136    0.1451200889   
451      I1         0.8002057613   1.227890947    4.462962963    0.1494382716   0.360494513    9.97962963     3.052469136    0.1561644783   
452      I1         0.8002057613   1.227890947    4.462962963    0.1249382716   0.384994513    9.97962963     3.052469136    0.1518586724   
453      I1         0.8002057613   1.227890947    4.462962963    0.1249382716   0.360494513    9.97962963     3.114969136    0.1466834418   
454      I1         0.7577057613   1.227890947    4.462962963    0.1249382716   0.360494513    9.97962963     3.052469136    0.1486541606   
455      I1         0.8002057613   1.227890947    4.412962963    0.1249382716   0.360494513    9.97962963     3.052469136    0.1614550115   
456      I1         0.8002057613   1.227890947    4.462962963    0.1004382716   0.360494513    9.97962963     3.052469136    0.1540525746   
457      I1         0.8002057613   1.227890947    4.462962963    0.1249382716   0.360494513    9.73212963     3.052469136    0.1464226267   
458      I1         0.8002057613   1.227890947    4.462962963    0.1249382716   0.360494513    9.97962963     2.989969136    0.1466834418   
459      I1         0.8427057613   1.270390947    4.462962963    0.1249382716   0.360494513    9.97962963     3.052469136    0.1455692523   
460      I1         0.8002057613   1.312890947    4.462962963    0.1249382716   0.360494513    9.97962963     3.052469136    0.1460146436   
461      I1         0.8002057613   1.270390947    4.462962963    0.1494382716   0.360494513    9.97962963     3.052469136    0.1480379235   
462      I1         0.8002057613   1.270390947    4.462962963    0.1249382716   0.384994513    9.97962963     3.052469136    0.1440866451   
463      I1         0.8002057613   1.270390947    4.462962963    0.1249382716   0.360494513    9.97962963     3.114969136    0.1451200889   
464      I1         0.7577057613   1.270390947    4.462962963    0.1249382716   0.360494513    9.97962963     3.052469136    0.145507527    
465      I1         0.8002057613   1.270390947    4.412962963    0.1249382716   0.360494513    9.97962963     3.052469136    0.1550879603   
466      I1         0.8002057613   1.270390947    4.462962963    0.1004382716   0.360494513    9.97962963     3.052469136    0.1587313576   
467      I1         0.8002057613   1.270390947    4.462962963    0.1249382716   0.360494513    9.73212963     3.052469136    0.1448585581   
468      I1         0.8002057613   1.270390947    4.462962963    0.1249382716   0.360494513    9.97962963     2.989969136    0.1451200889   
469      I1         0.8427057613   1.270390947    4.462962963    0.1249382716   0.384994513    9.97962963     3.052469136    0.1411451502   
470      I1         0.8002057613   1.312890947    4.462962963    0.1249382716   0.384994513    9.97962963     3.052469136    0.1395836028   
471      I1         0.8002057613   1.270390947    4.462962963    0.1494382716   0.384994513    9.97962963     3.052469136    0.1630788709   
472      I1         0.8002057613   1.270390947    4.462962963    0.1249382716   0.409494513    9.97962963     3.052469136    0.1580961136   
473      I1         0.8002057613   1.270390947    4.462962963    0.1249382716   0.384994513    9.97962963     3.114969136    0.1440866451   
474      I1         0.7577057613   1.270390947    4.462962963    0.1249382716   0.384994513    9.97962963     3.052469136    0.1480684551   
475      I1         0.8002057613   1.270390947    4.412962963    0.1249382716   0.384994513    9.97962963     3.052469136    0.1656695095   
476      I1         0.8002057613   1.270390947    4.462962963    0.1004382716   0.384994513    9.97962963     3.052469136    0.1440048221   
477      I1         0.8002057613   1.270390947    4.462962963    0.1249382716   0.384994513    9.73212963     3.052469136    0.1438614755   
478      I1         0.8002057613   1.270390947    4.462962963    0.1249382716   0.384994513    9.97962963     2.989969136    0.1440866451   
479      I1         0.8852057613   1.312890947    4.462962963    0.1249382716   0.384994513    9.97962963     3.052469136    0.1398431613   
480      I1         0.8002057613   1.397890947    4.462962963    0.1249382716   0.384994513    9.97962963     3.052469136    0.1441032175   
481      I1         0.8002057613   1.312890947    4.462962963    0.1739382716   0.384994513    9.97962963     3.052469136    0.1831584919   
482      I1         0.8002057613   1.312890947    4.462962963    0.1249382716   0.433994513    9.97962963     3.052469136    0.168053053    
483      I1         0.8002057613   1.312890947    4.462962963    0.1249382716   0.384994513    9.97962963     3.177469136    0.1395836028   
484      I1         0.7152057613   1.312890947    4.462962963    0.1249382716   0.384994513    9.97962963     3.052469136    0.1446082844   
485      I1         0.8002057613   1.312890947    4.362962963    0.1249382716   0.384994513    9.97962963     3.052469136    0.1802898523   
486      I1         0.8002057613   1.312890947    4.462962963    0.0759382716   0.384994513    9.97962963     3.052469136    0.1735251036   
487      I1         0.8002057613   1.312890947    4.462962963    0.1249382716   0.335994513    9.97962963     3.052469136    0.1630677764   
488      I1         0.8002057613   1.312890947    4.462962963    0.1249382716   0.384994513    9.48462963     3.052469136    0.1391138627   
489      I1         0.8002057613   1.312890947    4.462962963    0.1249382716   0.384994513    9.97962963     2.927469136    0.1395836028   
490      I1         0.8427057613   1.312890947    4.462962963    0.1249382716   0.384994513    9.97962963     3.052469136    0.1385429781   
491      I1         0.8002057613   1.355390947    4.462962963    0.1249382716   0.384994513    9.97962963     3.052469136    0.1382151611   
492      I1         0.8002057613   1.312890947    4.462962963    0.1494382716   0.384994513    9.97962963     3.052469136    0.1512862888   
493      I1         0.8002057613   1.312890947    4.462962963    0.1249382716   0.409494513    9.97962963     3.052469136    0.1462639189   
494      I1         0.8002057613   1.312890947    4.462962963    0.1249382716   0.384994513    9.97962963     3.114969136    0.1395836028   
495      I1         0.7577057613   1.312890947    4.462962963    0.1249382716   0.384994513    9.97962963     3.052469136    0.1415948222   
496      I1         0.8002057613   1.312890947    4.412962963    0.1249382716   0.384994513    9.97962963     3.052469136    0.155672704    
497      I1         0.8002057613   1.312890947    4.462962963    0.1004382716   0.384994513    9.97962963     3.052469136    0.148348329    
498      I1         0.8002057613   1.312890947    4.462962963    0.1249382716   0.384994513    9.73212963     3.052469136    0.1393457724   
499      I1         0.8002057613   1.312890947    4.462962963    0.1249382716   0.384994513    9.97962963     2.989969136    0.1395836028   
500      I1         0.8427057613   1.355390947    4.462962963    0.1249382716   0.384994513    9.97962963     3.052469136    0.1415581607   
501      I1         0.8002057613   1.355390947    4.462962963    0.1494382716   0.384994513    9.97962963     3.052469136    0.1425092662   
502      I1         0.8002057613   1.355390947    4.462962963    0.1249382716   0.409494513    9.97962963     3.052469136    0.1380393266   
503      I1         0.8002057613   1.355390947    4.462962963    0.1249382716   0.384994513    9.97962963     3.114969136    0.1382151611   
504      I1         0.7577057613   1.355390947    4.462962963    0.1249382716   0.384994513    9.97962963     3.052469136    0.1385649184   
505      I1         0.8002057613   1.355390947    4.412962963    0.1249382716   0.384994513    9.97962963     3.052469136    0.1489386376   
506      I1         0.8002057613   1.355390947    4.462962963    0.1004382716   0.384994513    9.97962963     3.052469136    0.1582611      
507      I1         0.8002057613   1.355390947    4.462962963    0.1249382716   0.360494513    9.97962963     3.052469136    0.1523207812   
508      I1         0.8002057613   1.355390947    4.462962963    0.1249382716   0.384994513    9.73212963     3.052469136    0.1379744293   
509      I1         0.8002057613   1.355390947    4.462962963    0.1249382716   0.384994513    9.97962963     2.989969136    0.1382151611   
510      I1         0.8214557613   1.355390947    4.462962963    0.1249382716   0.384994513    9.97962963     3.052469136    0.1391063764   
511      I1         0.8002057613   1.376640947    4.462962963    0.1249382716   0.384994513    9.97962963     3.052469136    0.140248452    
512      I1         0.8002057613   1.355390947    4.487962963    0.1249382716   0.384994513    9.97962963     3.052469136    0.1538677645   
513      I1         0.8002057613   1.355390947    4.462962963    0.1371882716   0.384994513    9.97962963     3.052469136    0.1379206752   
514      I1         0.8002057613   1.355390947    4.462962963    0.1249382716   0.397244513    9.97962963     3.052469136    0.1364938789   
515      I1         0.8002057613   1.355390947    4.462962963    0.1249382716   0.384994513    9.97962963     3.083719136    0.1382151611   
516      I1         0.7789557613   1.355390947    4.462962963    0.1249382716   0.384994513    9.97962963     3.052469136    0.1382912402   
517      I1         0.8002057613   1.334140947    4.462962963    0.1249382716   0.384994513    9.97962963     3.052469136    0.1385240302   
518      I1         0.8002057613   1.355390947    4.437962963    0.1249382716   0.384994513    9.97962963     3.052469136    0.1423408725   
519      I1         0.8002057613   1.355390947    4.462962963    0.1126882716   0.384994513    9.97962963     3.052469136    0.1463750326   
520      I1         0.8002057613   1.355390947    4.462962963    0.1249382716   0.372744513    9.97962963     3.052469136    0.1436409802   
521      I1         0.8002057613   1.355390947    4.462962963    0.1249382716   0.384994513    9.85587963     3.052469136    0.1380943037   
522      I1         0.8002057613   1.355390947    4.462962963    0.1249382716   0.384994513    9.97962963     3.021219136    0.1382151611   
523      I1         0.8214557613   1.355390947    4.462962963    0.1249382716   0.397244513    9.97962963     3.052469136    0.1358724744   
524      I1         0.8002057613   1.376640947    4.462962963    0.1249382716   0.397244513    9.97962963     3.052469136    0.1354998937   
525      I1         0.8002057613   1.355390947    4.487962963    0.1249382716   0.397244513    9.97962963     3.052469136    0.1589263076   
526      I1         0.8002057613   1.355390947    4.462962963    0.1371882716   0.397244513    9.97962963     3.052469136    0.1399355172   
527      I1         0.8002057613   1.355390947    4.462962963    0.1249382716   0.409494513    9.97962963     3.052469136    0.1380393266   
528      I1         0.8002057613   1.355390947    4.462962963    0.1249382716   0.397244513    9.97962963     3.083719136    0.1364938789   
529      I1         0.7789557613   1.355390947    4.462962963    0.1249382716   0.397244513    9.97962963     3.052469136    0.1373500906   
530      I1         0.8002057613   1.334140947    4.462962963    0.1249382716   0.397244513    9.97962963     3.052469136    0.1383060665   
531      I1         0.8002057613   1.355390947    4.437962963    0.1249382716   0.397244513    9.97962963     3.052469136    0.1433789052   
532      I1         0.8002057613   1.355390947    4.462962963    0.1126882716   0.397244513    9.97962963     3.052469136    0.139146042    
533      I1         0.8002057613   1.355390947    4.462962963    0.1249382716   0.397244513    9.85587963     3.052469136    0.1363800548   
534      I1         0.8002057613   1.355390947    4.462962963    0.1249382716   0.397244513    9.97962963     3.021219136    0.1364938789   
535      I1         0.8214557613   1.376640947    4.462962963    0.1249382716   0.397244513    9.97962963     3.052469136    0.1366940003   
536      I1         0.8002057613   1.397890947    4.462962963    0.1249382716   0.397244513    9.97962963     3.052469136    0.1376284649   
537      I1         0.8002057613   1.376640947    4.487962963    0.1249382716   0.397244513    9.97962963     3.052469136    0.1545086422   
538      I1         0.8002057613   1.376640947    4.462962963    0.1371882716   0.397244513    9.97962963     3.052469136    0.137081234    
539      I1         0.8002057613   1.376640947    4.462962963    0.1249382716   0.409494513    9.97962963     3.052469136    0.1353651339   
540      I1         0.8002057613   1.376640947    4.462962963    0.1249382716   0.397244513    9.97962963     3.083719136    0.1354998937   
541      I1         0.7789557613   1.376640947    4.462962963    0.1249382716   0.397244513    9.97962963     3.052469136    0.1359311599   
542      I1         0.8002057613   1.376640947    4.437962963    0.1249382716   0.397244513    9.97962963     3.052469136    0.1409855598   
543      I1         0.8002057613   1.376640947    4.462962963    0.1126882716   0.397244513    9.97962963     3.052469136    0.1428304342   
544      I1         0.8002057613   1.376640947    4.462962963    0.1249382716   0.397244513    9.85587963     3.052469136    0.1353844734   
545      I1         0.8002057613   1.376640947    4.462962963    0.1249382716   0.397244513    9.97962963     3.021219136    0.1354998937   
546      I1         0.8108307613   1.376640947    4.462962963    0.1249382716   0.397244513    9.97962963     3.052469136    0.1357317992   
547      I1         0.8002057613   1.387265947    4.462962963    0.1249382716   0.397244513    9.97962963     3.052469136    0.1361583396   
548      I1         0.8002057613   1.376640947    4.475462963    0.1249382716   0.397244513    9.97962963     3.052469136    0.1598044569   
549      I1         0.8002057613   1.376640947    4.462962963    0.1310632716   0.397244513    9.97962963     3.052469136    0.1357007236   
550      I1         0.8002057613   1.376640947    4.462962963    0.1249382716   0.403369513    9.97962963     3.052469136    0.1350279888   
551      I1         0.8002057613   1.376640947    4.462962963    0.1249382716   0.397244513    9.97962963     3.068094136    0.1354998937   
552      I1         0.7895807613   1.376640947    4.462962963    0.1249382716   0.397244513    9.97962963     3.052469136    0.1356895956   
553      I1         0.8002057613   1.366015947    4.462962963    0.1249382716   0.397244513    9.97962963     3.052469136    0.1358985781   
554      I1         0.8002057613   1.376640947    4.450462963    0.1249382716   0.397244513    9.97962963     3.052469136    0.1379188528   
555      I1         0.8002057613   1.376640947    4.462962963    0.1188132716   0.397244513    9.97962963     3.052469136    0.13841604     
556      I1         0.8002057613   1.376640947    4.462962963    0.1249382716   0.391119513    9.97962963     3.052469136    0.1372221299   
557      I1         0.8002057613   1.376640947    4.462962963    0.1249382716   0.397244513    9.91775463     3.052469136    0.1354422605   
558      I1         0.8002057613   1.376640947    4.462962963    0.1249382716   0.397244513    9.97962963     3.036844136    0.1354998937   
559      I1         0.8108307613   1.376640947    4.462962963    0.1249382716   0.403369513    9.97962963     3.052469136    0.1346953574   
560      I1         0.8002057613   1.387265947    4.462962963    0.1249382716   0.403369513    9.97962963     3.052469136    0.1344476058   
561      I1         0.8002057613   1.376640947    4.475462963    0.1249382716   0.403369513    9.97962963     3.052469136    0.1633646992   
562      I1         0.8002057613   1.376640947    4.462962963    0.1310632716   0.403369513    9.97962963     3.052469136    0.1361553527   
563      I1         0.8002057613   1.376640947    4.462962963    0.1249382716   0.403369513    9.97962963     3.068094136    0.1350279888   
564      I1         0.7895807613   1.376640947    4.462962963    0.1249382716   0.403369513    9.97962963     3.052469136    0.1354153951   
565      I1         0.8002057613   1.366015947    4.462962963    0.1249382716   0.403369513    9.97962963     3.052469136    0.1358167759   
566      I1         0.8002057613   1.376640947    4.450462963    0.1249382716   0.403369513    9.97962963     3.052469136    0.1381484267   
567      I1         0.8002057613   1.376640947    4.462962963    0.1188132716   0.403369513    9.97962963     3.052469136    0.1359022389   
568      I1         0.8002057613   1.376640947    4.462962963    0.1249382716   0.403369513    9.91775463     3.052469136    0.1349721861   
569      I1         0.8002057613   1.376640947    4.462962963    0.1249382716   0.403369513    9.97962963     3.036844136    0.1350279888   
570      I1         0.8108307613   1.387265947    4.462962963    0.1249382716   0.403369513    9.97962963     3.052469136    0.1349553282   
571      I1         0.8002057613   1.397890947    4.462962963    0.1249382716   0.403369513    9.97962963     3.052469136    0.1352955709   
572      I1         0.8002057613   1.387265947    4.475462963    0.1249382716   0.403369513    9.97962963     3.052469136    0.1607159341   
573      I1         0.8002057613   1.387265947    4.462962963    0.1310632716   0.403369513    9.97962963     3.052469136    0.1351066624   
574      I1         0.8002057613   1.387265947    4.462962963    0.1249382716   0.409494513    9.97962963     3.052469136    0.1343703415   
575      I1         0.8002057613   1.387265947    4.462962963    0.1249382716   0.403369513    9.97962963     3.068094136    0.1344476058   
576      I1         0.7895807613   1.387265947    4.462962963    0.1249382716   0.403369513    9.97962963     3.052469136    0.1347241493   
577      I1         0.8002057613   1.387265947    4.450462963    0.1249382716   0.403369513    9.97962963     3.052469136    0.137210106    
578      I1         0.8002057613   1.387265947    4.462962963    0.1188132716   0.403369513    9.97962963     3.052469136    0.1373156307   
579      I1         0.8002057613   1.387265947    4.462962963    0.1249382716   0.403369513    9.91775463     3.052469136    0.1343915959   
580      I1         0.8002057613   1.387265947    4.462962963    0.1249382716   0.403369513    9.97962963     3.036844136    0.1344476058   
581      I1         0.8108307613   1.387265947    4.462962963    0.1249382716   0.409494513    9.97962963     3.052469136    0.1339449558   
582      I1         0.8002057613   1.397890947    4.462962963    0.1249382716   0.409494513    9.97962963     3.052469136    0.1336769935   
583      I1         0.8002057613   1.387265947    4.475462963    0.1249382716   0.409494513    9.97962963     3.052469136    0.1646713073   
584      I1         0.8002057613   1.387265947    4.462962963    0.1310632716   0.409494513    9.97962963     3.052469136    0.1359825973   
585      I1         0.8002057613   1.387265947    4.462962963    0.1249382716   0.415619513    9.97962963     3.052469136    0.1351301891   
586      I1         0.8002057613   1.387265947    4.462962963    0.1249382716   0.409494513    9.97962963     3.068094136    0.1343703415   
587      I1         0.7895807613   1.387265947    4.462962963    0.1249382716   0.409494513    9.97962963     3.052469136    0.1348546392   
588      I1         0.8002057613   1.387265947    4.450462963    0.1249382716   0.409494513    9.97962963     3.052469136    0.1378478772   
589      I1         0.8002057613   1.387265947    4.462962963    0.1188132716   0.409494513    9.97962963     3.052469136    0.1351791053   
590      I1         0.8002057613   1.387265947    4.462962963    0.1249382716   0.409494513    9.91775463     3.052469136    0.134316226    
591      I1         0.8002057613   1.387265947    4.462962963    0.1249382716   0.409494513    9.97962963     3.036844136    0.1343703415   
592      I1         0.8108307613   1.397890947    4.462962963    0.1249382716   0.409494513    9.97962963     3.052469136    0.1343740768   
593      I1         0.8002057613   1.408515947    4.462962963    0.1249382716   0.409494513    9.97962963     3.052469136    0.1346434784   
594      I1         0.8002057613   1.397890947    4.475462963    0.1249382716   0.409494513    9.97962963     3.052469136    0.1617978208   
595      I1         0.8002057613   1.397890947    4.462962963    0.1310632716   0.409494513    9.97962963     3.052469136    0.1347141661   
596      I1         0.8002057613   1.397890947    4.462962963    0.1249382716   0.415619513    9.97962963     3.052469136    0.1339070046   
597      I1         0.8002057613   1.397890947    4.462962963    0.1249382716   0.409494513    9.97962963     3.068094136    0.1336769935   
598      I1         0.7895807613   1.397890947    4.462962963    0.1249382716   0.409494513    9.97962963     3.052469136    0.1339560941   
599      I1         0.8002057613   1.397890947    4.450462963    0.1249382716   0.409494513    9.97962963     3.052469136    0.1366895139   
600      I1         0.8002057613   1.397890947    4.462962963    0.1188132716   0.409494513    9.97962963     3.052469136    0.1363955932   
601      I1         0.8002057613   1.397890947    4.462962963    0.1249382716   0.409494513    9.91775463     3.052469136    0.1336211651   
602      I1         0.8002057613   1.397890947    4.462962963    0.1249382716   0.409494513    9.97962963     3.036844136    0.1336769935   
