%eval_id interface log__t_efold_shallow log__t_efold_soil log__t_efold_karst f_exfiltration_shallow f_exfiltration_soil PDD_melt_factor log__Hmax_shallow neg_kge        
1        I1         1.230764125    1.47684756     3.920708269    0.8661838949   0.7468992355   2.596206367    2.878425189    1.859394364    
2        I1         1.841418893    2.013724513    3.653744343    0.9711978667   0.2098740821   8.194513123    1.847829181    1.744470827    
3        I1         0.3540151082   1.783104062    2.520144982    0.08187029442  0.7724180491   4.846555464    1.392631896    1.664674209    
4        I1         1.682335925    2.186006007    3.824234156    0.8532681676   0.1985287257   6.59679333     2.410876968    1.436799527    
5        I1         1.117992494    2.689725624    4.153250314    0.8179985224   0.4484366104   9.496401716    2.123644312    1.82964073     
6        I1         0.519434217    2.578719527    4.43791119     0.9264071911   0.8255057529   6.266903658    1.759161241    2.359149323    
7        I1         0.8563423004   1.290716929    2.681218689    0.3419970723   0.812421547    4.126543821    2.622931498    1.788118515    
8        I1         0.6158441461   2.273852932    4.08083248     0.5112211774   0.05394717492  8.654259139    1.474446234    2.072748732    
9        I1         0.8192857502   1.823230549    2.549313107    0.7262102806   0.6908226698   9.929435802    1.741723812    1.982175535    
10       I1         1.192182611    1.51774427     4.334839097    0.0903694521   0.8604976298   6.409110143    1.73296427     1.526979829    
11       I1         1.266159008    2.51442489     3.732907637    0.2997027545   0.8500911906   9.36699869     2.314827831    0.9232704973   
12       I1         1.836356129    2.29651723     3.474362922    0.2626567102   0.7807575394   4.60317251     2.009567014    0.8586181114   
13       I1         1.026046435    2.037781874    4.177968403    0.1646286199   0.6631821369   7.407846489    1.037207481    2.577762096    
14       I1         0.5874682381   1.322749343    4.180923743    0.1752551528   0.5185026592   2.025216672    1.101469934    2.398850106    
15       I1         0.8352697815   1.648557062    3.609136604    0.333323562    0.9713532722   9.218734886    1.252182926    2.328913852    
16       I1         0.6401521459   2.208117891    3.898699169    0.1241161824   0.4105007558   0.803349096    1.249022616    2.067018769    
17       I1         0.5369019975   2.288418569    2.605669016    0.05814758281  0.9023741      7.952141837    1.868636931    1.051069741    
18       I1         1.488799289    1.448917371    4.460416691    0.3091048798   0.813832477    5.955674479    2.301125446    1.448984881    
19       I1         1.64120002     1.487467654    4.068233866    0.8970061838   0.9142553178   7.516776562    1.712747488    1.931453694    
20       I1         1.040563043    2.58541142     3.717211402    0.4583877322   0.2317561964   9.849586199    3.128904574    1.071075902    
21       I1         1.23714383     2.106105563    2.797400905    0.7782062663   0.685109752    7.899259404    1.160345849    2.509141838    
22       I1         0.6558687647   1.189323103    3.510254339    0.5852573008   0.3509214385   4.529884387    1.457105575    2.173768694    
23       I1         1.674256652    2.226407977    3.395581343    0.2011009297   0.7659888071   5.08417707     1.636511103    1.745465913    
24       I1         1.79550917     2.161198875    2.782108588    0.01761344909  0.07391524674  4.124835472    2.134421948    0.771061216    
25       I1         0.7805910733   1.840114       2.815005329    0.7351553244   0.06031807634  5.581352577    2.342573154    1.942699825    
26       I1         1.822802265    1.875005895    3.287586518    0.6478459703   0.3533398499   6.763594913    1.897459978    1.391351997    
27       I1         1.092924469    1.149679854    2.666142613    0.8096779854   0.4780046208   8.415995466    1.982777018    1.900199727    
28       I1         1.381827444    1.605384842    4.360787384    0.4085227492   0.8329797208   7.331916469    1.995923004    1.506630295    
29       I1         0.7579706501   1.116056146    2.934513602    0.6010773471   0.2239289244   7.652579117    2.795801305    1.83199748     
30       I1         1.683075573    1.346035666    2.915172285    0.5699990112   0.842247825    1.957400108    1.237292771    2.517555046    
31       I1         1.420646476    2.204138346    2.581990262    0.8873828238   0.6796230876   2.999869278    2.005978744    1.697515517    
32       I1         0.5420655705   1.328667274    3.735029668    0.4895793974   0.7289337692   5.787673809    1.787865248    1.94817515     
33       I1         0.9537959759   1.40414358     2.789409178    0.1423160262   0.7991067335   8.716605469    1.914951077    1.579432465    
34       I1         0.7856290043   1.109985789    3.178457219    0.128473036    0.5846141512   8.370357904    1.939175983    1.474583495    
35       I1         1.908649771    1.283147972    3.839459706    0.5006140939   0.5694610568   4.063302564    1.693124574    1.922002759    
36       I1         1.05919981     1.181177565    4.371764867    0.4844471541   0.1849948652   2.891081887    1.615097097    1.755976612    
37       I1         1.870099175    2.221495105    2.830048849    0.1493129      0.5760678983   3.940408519    2.910332854    0.9710639836   
38       I1         1.171461564    1.276145037    2.757391787    0.4439054183   0.09677803858  0.5941868708   1.021002136    2.619651441    
39       I1         1.659968719    1.846727143    4.222988627    0.3745234011   0.9190928976   7.868435783    2.562418642    1.332920724    
40       I1         1.527668383    2.530528148    4.218569711    0.06244660579  0.4965381045   5.451772094    1.675449878    1.094807669    
41       I1         1.244751552    2.016681234    3.409406389    0.8700867974   0.9325752491   2.183137175    1.297965078    2.423960806    
42       I1         1.51752088     2.133923259    3.251077035    0.1569038732   0.1739787854   7.822289279    2.971264849    0.7635203716   
43       I1         1.868473146    1.705854979    4.145470396    0.4496035419   0.02848347457  8.62880349     1.930685724    0.6217674445   
44       I1         0.5702487049   1.855932989    2.725188637    0.4156345467   0.07942275114  1.20806615     2.18230542     1.484987052    
45       I1         0.4479365181   2.215010462    3.304219489    0.2366521052   0.8223547415   9.174741589    2.837037025    1.32322228     
46       I1         1.690483718    1.901955297    2.719834169    0.6923296241   0.6994658029   1.941395209    2.484000237    1.39664263     
47       I1         1.177159204    2.030189091    4.135486143    0.1339867501   0.5109124987   3.177402617    1.230063572    2.377650941    
48       I1         0.8313026433   2.241502952    3.794201365    0.7426416074   0.6360603293   3.831712223    2.54342476     1.929181897    
49       I1         1.406987481    2.347031718    3.929824668    0.9169635703   0.6802152624   7.105306752    2.393861539    1.743146468    
50       I1         1.275950592    1.442057733    2.875069965    0.1946010934   0.3997498947   3.465457878    2.903199835    1.046045983    
51       I1         0.937441218    1.084743497    3.048511995    0.1603838599   0.182428131    1.683142635    1.80008991     0.8677308256   
52       I1         1.081726666    1.285348205    3.693600047    0.9844407052   0.5642428646   2.770534601    1.857987569    2.031711488    
53       I1         0.9314794921   2.477854227    4.109591472    0.2578996488   0.06917312631  4.956372551    1.14470054     2.500203381    
54       I1         1.254082153    2.382780579    3.042674409    0.03232881701  0.8994223175   5.071982654    1.529097193    1.623597064    
55       I1         1.557081237    2.201317947    3.060427032    0.9243459712   0.9224487796   1.989780196    1.626046344    2.08508636     
56       I1         0.9059262998   1.400965242    4.01903848     0.7479293057   0.5233939486   2.34359497     1.259489469    2.440335717    
57       I1         1.969316018    1.535255594    4.006081118    0.8351751549   0.1376139005   4.019669975    2.154174786    1.162568305    
58       I1         1.464084269    2.171886984    3.223508307    0.588488354    0.3128979224   2.653942694    3.205029226    1.182368391    
59       I1         1.622287052    1.643923416    3.385764139    0.5950280336   0.4302886432   4.365068302    2.917057999    1.21000343     
60       I1         0.5744913194   2.056057473    3.18661111     0.02682032949  0.6515158266   2.908796736    2.258941039    0.8430956209   
61       I1         1.303370076    2.103964652    3.968111588    0.8162194583   0.607010724    5.318249909    3.243481794    1.712748671    
62       I1         1.799934239    2.074017228    4.497385341    0.7827888579   0.1890601572   9.526076387    3.341203918    1.207442436    
63       I1         0.6218146609   1.236657754    3.006263884    0.7065912886   0.8820383405   3.614292698    1.752894144    2.1613878      
64       I1         0.7675012623   2.254104281    3.326822502    0.9358103204   0.3931840479   0.275446016    1.576151478    2.330887153    
65       I1         1.452181115    2.191445607    3.868783827    0.7362907138   0.6290082472   0.3582731703   3.07356733     1.514575263    
66       I1         0.3107108767   1.100195685    3.401677843    0.9063060078   0.653742217    9.053510048    1.890272128    2.47083788     
67       I1         1.467821931    2.262234132    2.710066259    0.06864317479  0.1214055083   1.113506027    1.313900634    2.467050658    
68       I1         0.7196277594   1.374843451    2.941309496    0.05106478175  0.1065470813   2.212150905    1.182338469    2.209734517    
69       I1         1.296228928    1.124789684    4.406230546    0.2528676024   0.8969460614   8.935380853    2.812952815    1.729224083    
70       I1         1.921550885    2.086270055    3.998975956    0.594645732    0.1201212604   7.03016898     2.047124486    0.6352374329   
71       I1         1.347496987    2.06095185     2.657896966    0.2689075142   0.7228376675   7.064042437    1.642919153    1.541574399    
72       I1         1.730353726    1.146068176    3.941439147    0.3297835083   0.08592714136  3.215896412    1.111029395    2.650884821    
73       I1         0.5094663364   1.963526746    3.742895652    0.7643935641   0.9077946181   9.719304767    2.724764023    2.191515395    
74       I1         0.6501714999   1.597078326    3.427281611    0.7000810092   0.8350015658   0.4383188587   2.574820401    2.0704984      
75       I1         1.250014581    1.239487442    3.845312261    0.1350522446   0.2851235629   3.411606954    2.787656451    0.5428765602   
76       I1         0.39845222     2.000874494    2.804628639    0.3534372038   0.4543216541   2.858188311    3.037056762    1.504114106    
77       I1         0.9154537974   2.25008588     2.948627563    0.6177638289   0.4852475744   4.504271809    2.929888882    1.671938209    
78       I1         1.876269462    1.684763754    3.910475407    0.7300191398   0.3380955784   2.681876318    1.204817825    2.576956697    
79       I1         1.645442561    1.266991593    3.805383155    0.6702249147   0.6568343862   9.301918015    1.834735672    1.631603442    
80       I1         0.7461268417   2.391765973    4.08921173     0.8802523054   0.2025505396   5.190489881    1.53496941     2.302530649    
81       I1         0.8884118105   2.232347639    4.166435226    0.8392264346   0.3475140804   1.813236371    1.349083296    2.402482803    
82       I1         0.7357388406   1.558553607    3.764382356    0.1205591682   0.2484786123   3.013930012    3.498405599    0.5284927815   
83       I1         0.869678216    1.368306792    3.59973603     0.8644663599   0.9527122088   7.717283805    2.108004096    2.098512401    
84       I1         1.389904313    1.353113064    3.190784844    0.2810816412   0.836560833    6.01519677     2.065274884    1.566272035    
85       I1         1.987353195    2.324481988    2.872825091    0.78766895     0.8689908005   6.52304944     3.024165153    1.183662851    
86       I1         1.832347989    2.095049203    3.681351124    0.9795582233   0.7855111937   2.118319626    1.658034061    2.076900575    
87       I1         1.82491466     1.563813263    2.767248125    0.2749906241   0.979447786    8.24717916     1.687508881    1.925667601    
88       I1         1.69721588     1.919140271    3.674383694    0.1717771929   0.2935083771   2.715362389    1.326716649    2.482849555    
89       I1         1.860860465    1.618783662    2.983373812    0.2934147745   0.2536875913   3.558779445    2.434446248    0.8388381922   
90       I1         1.382954783    1.408394001    3.984371269    0.2729217598   0.714725534    7.21046598     2.857879381    1.397061837    
91       I1         0.3285586371   1.57146601     3.831236871    0.2421199327   0.5895334026   0.3973248431   3.411552897    1.512277522    
92       I1         1.738002296    2.512240563    3.809025626    0.6421091236   0.172586491    3.372111183    3.311063793    0.7986316668   
93       I1         1.326528753    1.880140909    4.037871506    0.5496203686   0.4123488404   5.870925088    1.184937914    2.514150193    
94       I1         1.085592975    2.619524521    4.064944398    0.6318941159   0.3414620436   6.48335404     1.001621239    2.607733316    
95       I1         1.492923017    2.407301197    4.20024087     0.3438077843   0.2087928288   0.3257977483   2.728328268    0.574969269    
96       I1         1.564016217    2.499003633    2.57275019     0.1094647061   0.4387943063   0.241138325    1.120290672    2.7360051      
97       I1         0.3131261282   1.67081122     3.667595332    0.4984778558   0.1289259313   9.65776003     1.134577945    2.485417113    
98       I1         1.221021649    1.950323918    3.45754666     0.3203010297   0.739563675    5.939641469    3.451758046    1.234124474    
99       I1         1.712625696    2.298393316    3.847275111    0.6396962211   0.9466801024   6.124559585    2.406973527    1.283483961    
100      I1         1.052531105    1.502985028    4.012869763    0.5227558373   0.03002443055  9.391928479    3.065255811    1.268954573    
101      I1         0.5144262091   2.007974284    4.393020831    0.07736213041  0.3251547208   5.371052394    3.193581599    0.6545119229   
102      I1         1.315604476    2.126531714    2.674299496    0.465210757    0.356885533    5.308717337    3.223977752    1.193309894    
103      I1         1.395449208    2.035421557    3.91705676     0.4342557839   0.5953864639   6.399624598    2.696259644    1.116596101    
104      I1         1.931563387    1.794869922    3.771107536    0.7218329044   0.7516442785   3.506294406    3.273656866    1.219064388    
105      I1         1.990996676    2.462764673    4.13262006     0.7994510876   0.3355639597   0.1383557627   2.55694486     0.9766040615   
106      I1         1.740831827    1.802122459    4.328839539    0.4563962076   0.2375262317   0.9747690129   2.804740768    0.5337508681   
107      I1         1.186805977    2.607205399    2.612978149    0.5394486182   0.4473012554   7.283779674    2.034118778    1.347624428    
108      I1         0.4240566145   1.173806576    3.087118066    0.5540566055   0.5031211313   9.121403494    2.518181823    2.039079517    
109      I1         1.911398778    1.511267464    3.859167714    0.4313628953   0.3871736439   7.789316642    2.161512037    0.4254106825   
110      I1         1.444278275    1.850722746    4.353231216    0.100521532    0.4931008605   3.347979457    1.794064947    0.6449012941   
111      I1         1.618362611    2.590534515    4.095182904    0.2674938073   0.8887746462   2.171727156    2.465765395    0.8183173927   
112      I1         1.141522265    1.686736869    4.432868669    0.3579996258   0.2751800928   8.095700615    1.305595537    2.305762047    
113      I1         1.434442838    1.545416253    4.300944502    0.6578579263   0.2448017307   4.410688445    2.826130043    1.397903111    
114      I1         0.9177023502   1.614103081    3.639907075    0.4782339761   0.8014879318   3.661604156    1.671585959    1.799075859    
115      I1         1.651440729    1.720055247    3.113606452    0.8583340564   0.9584592573   6.548255037    1.014254631    2.622110729    
116      I1         0.3177406747   2.547458364    4.237773043    0.5665403297   0.2576233267   2.571069128    2.360791691    1.998158263    
117      I1         0.7409346075   2.381482366    4.397440051    0.4631838113   0.4967438265   1.593846828    2.057926537    1.471819982    
118      I1         0.7113794074   2.153882841    3.100025495    0.08532162429  0.1685791455   1.393663158    2.956226925    0.7163848863   
119      I1         0.3351591749   1.231727704    3.491418829    0.9805095429   0.5312512202   1.57776624     2.145568572    2.497103714    
120      I1         0.6957140961   1.74754868     3.549718539    0.2863724592   0.279182846    5.814931171    1.921338824    0.9876490561   
121      I1         0.8535962471   1.930591487    4.469608268    0.507708016    0.3801969768   0.7424392947   1.77103213     1.598250311    
122      I1         1.182398971    1.623563135    3.21120112     0.8608480364   0.03786302582  3.991173488    2.194981328    1.827596651    
123      I1         1.3490471      2.364682212    3.151201792    0.7502022129   0.01958054421  6.953071345    2.536759611    1.528002021    
124      I1         1.359382799    2.50296565     3.992164059    0.7909367982   0.7594634673   1.059934205    1.90589796     1.652993884    
125      I1         1.578140663    1.867335465    2.628772169    0.7134540686   0.9848527638   3.697353834    1.286243391    2.452608947    
126      I1         0.4859222711   2.673454282    4.266933182    0.6064637601   0.633732568    5.524604038    2.96616941     1.957223269    
127      I1         0.3734655823   1.542045094    4.478762658    0.6297198519   0.9622850424   1.779648702    2.131953858    2.146770528    
128      I1         1.151278613    1.693992783    3.584868323    0.1681824529   0.2602711335   8.264963864    2.233781363    0.5734051952   
129      I1         1.88843912     1.186086906    3.496524632    0.5167904168   0.1597277525   9.773474863    3.047077183    0.726490119    
130      I1         1.340856682    1.576814556    2.635728609    0.941346387    0.3331156004   6.104156355    3.305645983    1.818363563    
131      I1         1.953548078    1.162088808    4.196549783    0.2257529178   0.06784710513  8.861973182    1.079653216    2.718660187    
132      I1         1.144801891    2.529878567    4.292586158    0.7740396554   0.4435392042   7.256774185    1.445860462    2.244817136    
133      I1         0.36004142     1.740200609    3.903464658    0.4223373309   0.1479898162   3.585673627    1.065052584    2.494620808    
134      I1         1.933004722    1.780657403    3.516151248    0.5316747404   0.871363053    7.187073331    2.65257171     1.207842837    
135      I1         1.948251375    2.024418459    3.647405117    0.9698528934   0.7282635288   3.745943433    3.010601391    1.392446861    
136      I1         1.784835303    2.044425839    3.156802105    0.5249688643   0.465508111    1.040583558    1.591318896    2.067447285    
137      I1         1.764753117    1.937680794    3.617691695    0.07083899011  0.3221937678   1.28832285     3.462024267    0.903949894    
138      I1         1.600285292    2.27527896     4.172137493    0.1156888522   0.8435021733   8.296674237    1.379363737    2.307506573    
139      I1         0.4921449078   2.480325566    4.207658737    0.2089163743   0.3909964414   6.61131203     2.749416291    0.4931275173   
140      I1         1.665250111    1.254938783    2.615440332    0.07903790755  0.5056121611   6.216627951    3.368082352    1.103950238    
141      I1         0.9445149779   1.051939886    3.246093392    0.9014394052   0.4023888976   9.273599008    2.451002017    2.065373121    
142      I1         1.915915018    1.806078942    2.599265732    0.2605007178   0.5280954635   0.6846961195   1.499940044    2.295037243    
143      I1         0.3830346702   1.43332527     3.419812513    0.5146411477   0.9546232434   1.177112345    1.067733821    2.476354857    
144      I1         1.024984263    2.353332986    3.068165516    0.768180211    0.5671904152   2.946877912    1.132762913    2.518757668    
145      I1         1.428226823    2.23575481     2.895061716    0.3513967573   0.0890321183   7.465637508    3.448515501    0.8701183717   
146      I1         1.628908169    1.371707752    2.93227432     0.06021600091  0.4874712745   3.161734854    1.624863909    1.766409765    
147      I1         0.4301140715   2.694562258    3.554404698    0.4257638904   0.7171644045   8.449250233    2.0700329      1.598901193    
148      I1         1.881864559    2.664262274    2.925289364    0.2137834302   0.4326145925   3.665753972    3.232414968    0.8232941459   
149      I1         1.956310536    2.6877406      2.851202478    0.8287151901   0.7113755041   9.807148281    2.390442615    1.178653888    
150      I1         0.4689079693   2.522935073    2.83496418     0.9125552918   0.3632845532   5.220264853    2.375909093    2.374907201    
151      I1         1.479476688    2.397986451    3.819235255    0.4476728921   0.537096675    0.5155318816   1.865408501    1.061315914    
152      I1         1.559430362    1.120258727    4.053596237    0.8487916483   0.4707808031   4.310346469    2.076376343    1.606041706    
153      I1         0.728718011    2.175444903    2.906036344    0.1985720714   0.757544596    9.548449799    3.160608938    1.159729243    
154      I1         1.474533859    1.090187553    2.591160766    0.2944660222   0.320086903    7.534625544    3.093389063    1.152432789    
155      I1         0.6741398318   2.660330014    3.606658393    0.7968582963   0.3985872561   4.331382158    3.17842612     2.113356282    
156      I1         0.8480205554   1.169199313    3.260898568    0.3240121076   0.7449829453   8.49266892     2.940504265    1.775673434    
157      I1         0.7724829562   1.206270639    3.938366512    0.9308505921   0.6396143959   9.442576294    2.740645832    2.202568711    
158      I1         0.6847636401   1.07842609     3.692109568    0.7156196559   0.1790726062   7.978424054    1.360166142    2.393090026    
159      I1         0.5937185563   2.543200157    3.752344211    0.6853682706   0.04071712417  7.772486148    2.636583707    2.058386763    
160      I1         0.9657950803   1.461686529    4.02533537     0.282446083    0.827400762    2.389447736    2.279363941    1.645767807    
161      I1         0.5489412889   2.306006852    3.885662293    0.1397966434   0.7898699603   8.818446818    3.428614514    0.8714751367   
162      I1         0.4433185135   1.522818988    4.446948188    0.4961993767   0.06335144982  8.893932136    2.689356423    1.849331063    
163      I1         1.101323509    1.527044211    4.105667461    0.4393065005   0.09428000369  0.6281363281   2.431475731    0.4884282212   
164      I1         1.857817526    1.952210491    2.965447787    0.8130420474   0.3027026087   6.165109595    2.755057012    1.262779539    
165      I1         1.722002096    2.436423644    3.024145158    0.7558619954   0.4692989556   6.983470842    1.212281635    2.546540686    
166      I1         0.6729906473   1.469167139    2.544647477    0.1586357021   0.191096213    9.767570232    1.04606843     2.478000944    
167      I1         0.9481382881   1.022174469    4.077979364    0.2212320219   0.7841465648   8.050056009    1.519098458    2.017125762    
168      I1         1.107474017    1.061946202    4.244486286    0.4751500174   0.1013074441   0.4714102173   1.882513269    0.7772873298   
169      I1         0.9931211435   1.833095461    3.056453917    0.4033144509   0.6961344583   0.701920532    1.546078346    1.869582206    
170      I1         0.6098356177   1.975972814    3.481052509    0.2053694139   0.5735897937   3.783799195    3.397554594    1.054197329    
171      I1         1.708819711    1.816862121    2.955537223    0.5440634302   0.6483402606   5.774861325    2.477539512    1.237522119    
172      I1         0.6263816946   2.141465459    4.251926883    0.4094759667   0.5475262182   4.286154237    3.28075897     1.484381769    
173      I1         1.636678545    1.138117183    3.168104999    0.307045893    0.3850713039   3.302655049    1.354347043    2.393644983    
174      I1         0.6296351808   1.749257324    3.526345781    0.4686115266   0.8469582789   3.486612735    1.666097965    1.836972467    
175      I1         0.7999073836   1.926213285    3.282973026    0.5353698492   0.2999623596   5.484717207    1.702350809    1.680986952    
176      I1         0.5212860984   1.629118409    3.195114581    0.9485655461   0.4067010932   0.2008739061   1.422243749    2.482169974    
177      I1         1.005887567    1.675837711    3.711363838    0.8847277457   0.6889461185   1.323055332    2.87143989     2.001222791    
178      I1         1.205255055    1.042055073    2.808007965    0.02456168552  0.1250539843   4.727184153    2.664880824    0.8387698491   
179      I1         1.892783879    2.559012186    2.908180833    0.1911231965   0.2176088771   5.133200276    2.759534361    0.8612706362   
180      I1         0.4057035626   1.664203842    4.23019236     0.09506460568  0.5565208168   9.035347113    3.28839053     0.5117079028   
181      I1         0.9989670997   1.887784017    3.665054857    0.5617577824   0.3617422335   4.78116836     2.354394372    1.550323252    
182      I1         1.069000019    2.37031698     4.028099965    0.01128075689  0.8857831008   8.13962312     3.297357431    0.837625916    
183      I1         0.9870801418   1.899072277    2.621126085    0.8055794563   0.2682707875   9.082364385    3.120410618    1.911034633    
184      I1         1.751218561    1.034365161    4.284302384    0.668142229    0.8629435835   2.35856479     1.097642455    2.596731182    
185      I1         1.771193562    1.914040856    3.888104274    0.3140481537   0.5611679837   5.736727176    1.500558745    2.169060472    
186      I1         1.531535246    2.081967787    4.154857191    0.2099069187   0.6208331469   1.63161365     1.441605389    2.164961269    
187      I1         0.5303073602   1.386281804    2.976308004    0.5035474146   0.5424318474   8.334224322    2.33548061     1.887409803    
188      I1         0.787877155    2.129963821    4.374703127    0.1033801179   0.4617170534   4.058018758    2.824598703    0.5910322394   
189      I1         1.901462023    1.580142564    3.469245654    0.152770079    0.1505513559   3.042521913    3.169229962    0.8710247536   
190      I1         0.5783994492   1.727952704    3.014647514    0.5763089343   0.1177522271   1.149210547    3.153146854    1.819073588    
191      I1         0.8789505393   2.447268904    3.34417956     0.5788593947   0.03575032858  6.766951214    2.418465654    1.616316803    
192      I1         0.4792202012   1.1350667      3.03564899     0.9197970148   0.949165208    5.877084206    3.489893899    2.377988323    
193      I1         0.551983061    1.063528064    2.693563229    0.6160442773   0.02603853883  6.001678038    2.627786828    1.923912651    
194      I1         1.518732135    1.767639995    4.042251232    0.4149177055   0.7373991272   5.567548951    3.081848135    1.297749786    
195      I1         1.815934321    2.668874854    2.972977533    0.9664733799   0.6270359666   2.073431759    1.814968118    1.811463346    
196      I1         1.301021493    2.35817213     4.125732872    0.1060554789   0.4242836668   8.799554718    1.390362506    2.139214199    
197      I1         0.866175135    2.653075503    2.737443737    0.179527658    0.2644768829   2.271706462    1.959406696    0.8046198664   
198      I1         1.550696324    1.072841677    3.314757769    0.6520493137   0.1117894441   4.715888998    2.214667896    1.216649203    
199      I1         1.212023774    1.213851171    3.721320857    0.4528106755   0.01337837752  6.710055755    3.102060641    0.6893067347   
200      I1         0.3485504418   2.180520308    2.761519739    0.2482968935   0.8537564426   1.276621057    2.944974689    1.409809366    
201      I1         0.4175703839   2.600075591    3.349998568    0.7522225039   0.2156810159   5.275197541    2.768950355    2.251954093    
202      I1         1.031569625    2.282828503    3.306796818    0.3136359659   0.15576903     8.538878684    2.229634502    0.7895824308   
203      I1         0.7482488826   2.623360368    3.253518959    0.4191608878   0.07719894133  1.010521473    2.503245116    1.272370731    
204      I1         0.9080263691   1.702042258    4.489577456    0.3334357705   0.9170078746   8.435700196    1.599352301    1.772240967    
205      I1         0.3949104709   1.303784423    3.64216882     0.1861942359   0.10346091     1.544169539    3.006983899    0.5139114532   
206      I1         1.200518864    1.425525521    2.726943377    0.4727462276   0.5982216018   2.089410644    2.847176678    1.555023804    
207      I1         1.701964074    2.339796042    3.563084631    0.04404286758  0.2052308283   8.703049179    3.147121145    1.04276738     
208      I1         0.3902345162   2.555003389    4.116854075    0.5475402506   0.05124040972  6.634035164    1.819137968    2.008762197    
209      I1         0.4304851418   1.010688332    3.128993032    0.6022610977   0.4360470655   0.8712048423   2.374188924    2.098527983    
210      I1         0.6881199015   1.972364014    3.373360849    0.05397155562  0.2877460165   9.199591692    1.155739705    2.30699309     
211      I1         0.5014862514   1.046458867    3.296963637    0.3820957175   0.6156617733   2.837997409    2.16818102     1.899496868    
212      I1         1.280854117    1.105283673    3.593232741    0.3637232882   0.509737054    0.5511667692   1.607700684    1.915994186    
213      I1         1.507471669    1.029610094    3.075562603    0.9315443773   0.8928641198   9.583711601    1.833273034    1.800484657    
214      I1         1.498235502    2.112643846    4.357918419    0.6558531331   0.603556501    3.876418288    2.287974566    1.38970247     
215      I1         0.4737196634   2.422904768    3.54214926     0.6112363957   0.2340491312   5.436145523    1.272784412    2.415960402    
216      I1         1.962053355    1.457724002    3.624777989    0.7599331456   0.3787398946   7.15887715     1.563766349    2.216278094    
217      I1         0.7074897604   2.318754595    2.687332496    0.7102397642   0.7193760053   6.850141074    3.190779325    1.966385452    
218      I1         1.076181637    1.941346502    4.314317134    0.8399888113   0.3148766168   1.458145766    2.099260682    1.898626709    
219      I1         0.460359321    1.382261558    3.424068791    0.03599679946  0.7761797963   0.6063780837   3.345000024    1.554930154    
220      I1         0.7957480231   1.005001595    2.741246095    0.6948103972   0.8833437898   6.315550258    2.017939144    2.095092875    
221      I1         1.131380639    2.459660638    3.27858566     0.8261550649   0.5517586627   6.827758737    2.709937443    1.828161422    
222      I1         0.6363943388   1.41831238     2.651214515    0.4832078674   0.9267890524   4.934930773    1.718019718    1.957727151    
223      I1         0.8066862593   2.120810807    3.876091411    0.07396129374  0.7934731076   7.027733153    2.332507761    0.8676668511   
224      I1         0.3762842491   2.564005466    3.961198443    0.6968460319   0.622309483    7.310678901    3.265983532    2.179052496    
225      I1         1.310439953    2.091183159    3.123302953    0.7246198575   0.6425564559   5.162715657    2.782450497    1.599102416    
226      I1         0.7603459946   1.197083982    3.112754433    0.5837991308   0.5788924596   2.534502614    2.992670836    1.922148602    
227      I1         1.574434238    1.865102614    4.311366217    0.5377850523   0.807958624    9.006293536    1.090770128    2.586597371    
228      I1         0.6609580598   1.712391478    3.461227053    0.9614109575   0.459415704    5.618450393    3.255199615    2.285526661    
229      I1         0.9821751427   2.538197415    3.574528517    0.9105767505   0.7618330616   7.990311883    3.357357405    2.019091008    
230      I1         1.758476031    1.661443372    4.25617578     0.0138220575   0.9751072237   7.623043751    2.446361673    1.403700671    
231      I1         1.811396034    2.644110444    2.641115736    0.3991976672   0.9883526835   2.631645173    2.898298667    0.9574573061   
232      I1         1.998319731    1.015258679    4.413056666    0.7047729654   0.220584488    4.801508251    3.138695567    0.5661475439   
233      I1         1.361125029    1.423331016    3.951384311    0.7660642874   0.6635464248   1.905774743    1.553425089    2.139336639    
234      I1         1.775966423    2.402522684    3.03283948     0.6817590328   0.9087467498   4.884283603    3.470998266    1.228284716    
235      I1         0.872472806    2.680127378    3.788768941    0.6350235686   0.9310201391   2.456995337    2.218883641    1.719027044    
236      I1         0.9621420747   2.413440626    3.703694044    0.3857637516   0.2666295428   8.569121207    2.243003414    0.878313623    
237      I1         1.269443469    2.267059179    3.357614425    0.02088740981  0.9372722994   1.740474131    1.737073229    1.073055354    
238      I1         1.288003539    2.594591468    3.778708329    0.3374150785   0.2417438303   2.777260348    2.088695206    0.4314621206   
239      I1         1.422242053    1.31261729     3.530301182    0.6465402684   0.1952555708   0.1095228706   2.673313704    1.354316305    
240      I1         0.6996487793   2.327072205    2.996022772    0.2887668062   0.9830281785   1.502057478    3.423253803    1.344728306    
241      I1         1.046500615    1.763486224    3.236266154    0.9752273023   0.3294683232   4.563016676    1.951766702    2.037410649    
242      I1         1.850647614    1.024249216    3.140613029    0.6251937004   0.367962828    1.857627286    2.509368311    1.121629254    
243      I1         1.80468192     1.892177349    3.537894867    0.5279734897   0.8581902132   4.247479126    1.193195169    2.572213223    
244      I1         0.5570628343   1.607062876    3.391570594    0.6742736568   0.3073840553   6.175578454    1.409865042    2.298485221    
245      I1         1.592116285    2.455724537    4.454172702    0.9033250825   0.1446908839   4.217818408    2.273167593    1.571318006    
246      I1         1.162721522    2.066444463    2.752934595    0.03961106068  0.5329572475   7.427576021    1.47547493     1.71867814     
247      I1         1.012847891    1.637809805    4.421940351    0.6890713407   0.4827215116   2.28079469     2.706674091    1.784594679    
248      I1         0.4552595495   2.333158098    3.229890596    0.3961759723   0.7054546704   3.090635965    2.18375314     1.542656803    
249      I1         0.8936899455   1.772829532    2.50197392     0.3027917464   0.8759965862   7.662693208    1.946876391    1.578136481    
250      I1         0.8114660747   2.493927199    2.538278452    0.8742615238   0.04916239375  1.696533584    1.512162257    2.309713948    
251      I1         0.9744128914   1.222511354    3.164319841    0.8202279181   0.6953665752   6.903781316    3.090544016    1.99836594     
252      I1         1.257981942    1.090962769    4.297124512    0.9534866534   0.6720925495   1.231381987    3.359789056    1.903749899    
253      I1         1.589566797    1.310918435    3.097604414    0.5748104646   0.6674393617   6.043796498    1.460551876    2.248308868    
254      I1         1.538629173    2.637878489    4.04804838     0.5638427568   0.05784624219  9.990094479    1.056579247    2.61979209     
255      I1         1.505239601    2.470183567    2.563463878    0.1134234945   0.7707287291   1.373626406    1.988513382    0.8698188292   
256      I1         1.335763744    1.496423881    2.518656767    0.8439753187   0.8178788364   8.751343945    2.2945428      1.80055024     
257      I1         0.8971714963   1.90839714     4.340212492    0.6238800601   0.2956648772   4.894030408    3.388996575    1.719029721    
258      I1         0.5625116465   2.629135782    2.510864016    0.9569122946   0.4161493205   0.8342739093   2.677983351    2.340720552    
259      I1         0.408544849    1.550618968    3.447680515    0.2398713653   0.1081480773   8.584118857    1.17345003     2.282694231    
260      I1         0.600299416    1.265502074    2.885188013    0.127562032    0.5220185425   1.447753494    3.028973259    1.370594565    
261      I1         1.583172998    2.488531847    4.278076749    0.3205776368   0.7502055389   3.812652926    1.340808712    2.382322159    
262      I1         1.112249205    1.248939516    3.860473881    0.6646589952   0.5429176497   5.682692331    3.111064988    1.775907483    
263      I1         1.542088596    1.338449556    3.362561772    0.7390744977   0.2819903394   7.375963574    2.525981301    1.460219248    
264      I1         1.748286095    1.588301778    3.217801873    0.2175845276   0.6084285145   0.9572361427   2.498154856    0.9947413479   
265      I1         1.446335508    2.419043855    2.992332302    0.04631572826  0.2717204916   9.893005244    1.279143474    2.500927414    
266      I1         1.404016156    2.635292786    2.888551602    0.876164382    0.136307493    8.08061807     3.327272653    1.684145372    
267      I1         1.415755904    2.572289077    2.824612651    0.9462985109   0.4526974088   0.7839750314   2.319904806    1.763613845    
268      I1         1.937686949    1.987294004    2.672121545    0.7772854328   0.08285317218  0.1747179927   1.97242533     1.429591095    
269      I1         1.13489634     1.995419009    3.784201027    0.3947952275   0.5544699285   0.3695975357   2.583368745    1.153277357    
270      I1         0.8239859326   2.372407311    4.440692207    0.368880236    0.7943040718   6.296109337    1.403687279    1.979912914    
271      I1         1.015064302    1.732391951    2.841873065    0.7860742005   0.5132588444   4.630881637    1.780841718    1.919422839    
272      I1         0.9241843732   1.157178291    4.324691621    0.8012678524   0.9684807231   7.751662791    2.859344672    2.056530342    
273      I1         0.3443498047   1.985846631    3.954929593    0.1448942896   0.1659209448   3.105402687    2.598481492    0.5659061396   
274      I1         0.6021373378   1.219835666    3.33756519     0.8944457742   0.964709477    4.675868525    3.381077879    2.282167183    
275      I1         1.670202853    1.259956569    4.264413472    0.1822568941   0.3700228634   4.45813412     2.890978104    0.6049827981   
276      I1         1.225710618    2.049813049    3.006847077    0.3617429562   0.4753711493   9.688580275    1.222673888    2.444564868    
277      I1         0.973829551    1.96163696     2.528631855    0.3768789556   0.1311815475   7.585434032    1.428436597    1.965303382    
278      I1         0.3677524232   1.754827795    3.571354347    0.9378834073   0.941542642    3.289680331    1.570159858    2.467679803    
279      I1         0.3237088733   1.437335597    3.979006456    0.2506824008   0.02016356509  3.251303546    3.210067409    0.530421725    
280      I1         1.614376697    1.340093733    3.20471397     0.3908718751   0.6746964876   3.91128993     3.479283269    1.319688188    
281      I1         1.216061424    2.444789642    3.325752487    0.6090147236   0.2464161253   9.33223508     3.322483215    1.41775054     
282      I1         1.324356168    1.591783969    3.506186554    0.8314936832   0.01152641849  8.960502068    2.02915257     1.686540617    
283      I1         0.4360475337   1.831704451    3.443101497    0.8888690782   0.3045696348   5.656863288    2.613947314    2.371018472    
284      I1         0.3052678245   2.148702014    2.863239585    0.989453186    0.1413102393   6.352420219    1.026485822    2.711283087    
285      I1         1.126024947    1.327864414    4.48415467     0.3703465277   0.5857182627   2.418285222    3.440100491    1.517372327    
286      I1         1.608771412    1.359935892    3.756594181    0.09380691351  0.3434151444   5.385674145    1.368960192    2.364545653    
287      I1         1.459552999    1.654378836    3.13492306     0.8496504772   0.2271843178   5.044471134    1.317125486    2.414329082    
288      I1         1.365941496    1.394356037    2.85479035     0.5574533339   0.04468927487  4.447244152    3.40027001     1.226308377    
289      I1         0.8414926297   2.309147292    3.439605621    0.4360845678   0.7065786773   6.440097854    3.233827472    1.436034776    
290      I1         1.783188645    1.790683409    2.778552717    0.03765811168  0.4200881004   1.845591962    2.982602896    1.005713852    
291      I1         1.373481817    1.81166574     3.63207404     0.2228202545   0.5927817656   4.999514334    2.254161223    0.8987529739   
292      I1         1.72488636     1.717746796    2.702744019    0.3832702037   0.1628758786   9.604909417    2.988478439    0.962096375    
293      I1         1.979905971    1.201716412    3.370947356    0.676848485    0.6438213597   9.935364316    2.60466547     1.179540228    
294      I1         1.062583374    1.475532227    4.415591986    0.2294786622   0.7329755853   6.895136135    2.473955203    1.485968808    
295      I1         0.4976089969   2.165513297    2.576428011    0.3476104215   0.8745567966   4.166339747    2.110244726    1.537182011    
296      I1         1.098367723    2.432352504    4.191135207    0.6602045533   0.3741075441   6.688892982    2.581542838    1.608216435    
297      I1         0.719191177    2.61158016     4.382333396    0.1869733362   0.9379771955   0.9222992184   1.490517732    1.4489614      
298      I1         1.973053607    1.299671974    3.084757358    0.4929807404   0.4273640679   2.505893795    2.207458896    0.9343000384   
299      I1         0.6677877611   1.509549826    3.27268924     0.9575132077   0.805928482    9.435916875    3.050855004    2.282393878    
300      I1         1.160758497    1.487285369    2.555153062    0.2345873294   0.6121861275   8.158161341    2.648130001    1.403079753    
301      I1         1.653703704    1.318312757    4.498628258    0.1894650206   0.01201646091  0.1203703704   2.198559671    0.7794716614   
302      I1         1.625720165    1.565500686    4.413580247    0.3911111111   0.1572016461   1.587037037    2.198559671    0.4918717381   
303      I1         1.352880658    2.507613169    4.355967078    0.1330041152   0.335994513    4.153703704    2.033950617    0.6299706538   
304      I1         1.998834019    2.136831276    3.99382716     0.3911111111   0.2983539095   9.97962963     2.177983539    0.4829880094   
305      I1         1.812277092    1.185390947    3.952674897    0.3467489712   0.1975308642   7.087037037    2.136831276    0.4537354037   
306      I1         1.998834019    1.003497942    4.380658436    0.4072427984   0.04024691358  1.546296296    3.021604938    0.7363414345   
307      I1         1.998834019    1.500205761    3.985596708    0.4233744856   0.3346502058   7.412962963    2.229423868    0.4909810228   
308      I1         1.998834019    2.514609053    4.33127572     0.4677366255   0.2257613169   1.17962963     3.052469136    0.6876734249   
309      I1         1.499794239    1.759053498    3.895061728    0.3373388203   0.1854320988   6.72037037     2.044238683    0.4258752503   
310      I1         1.814609053    2.696502058    3.535665295    0.3346502058   0.4556378601   9.653703704    2.12654321     0.5033236816   
311      I1         1.434499314    2.136831276    3.820987654    0.1531687243   0.3386831276   0.1203703704   1.992798354    0.5456517162   
312      I1         1.434499314    2.136831276    4.092592593    0.3991769547   0.01201646091  0.1203703704   2.105967078    0.4681687385   
313      I1         1.434499314    2.696502058    3.16255144     0.01201646091  0.4475720165   7.82037037     2.383744856    1.071508029    
314      I1         1.814609053    2.696502058    3.886831276    0.4475720165   0.116872428    1.17962963     2.112825789    0.4566291413   
315      I1         1.625720165    2.696502058    4.043209877    0.4112757202   0.1182167353   3.37962963     2.054526749    0.3963329392   
316      I1         1.812277092    2.514609053    4.067901235    0.3870781893   0.3185185185   5.905555556    2.054526749    0.4215891299   
317      I1         1.4718107      2.698834019    4.281893004    0.3911111111   0.04427983539  3.42037037     2.208847737    0.5093431207   
318      I1         1.814609053    2.696502058    3.911522634    0.4462277092   0.266090535    6.353703704    2.116255144    0.43554219     
319      I1         1.434499314    1.003497942    4.281893004    0.3386831276   0.1572016461   6.72037037     2.136831276    0.4350946816   
320      I1         1.919547325    1.451234568    3.829218107    0.3346502058   0.335994513    9.97962963     2.075102881    0.4389116091   
321      I1         1.436831276    1.185390947    4.183127572    0.3373388203   0.01201646091  6.72037037     2.630658436    0.5742895011   
322      I1         1.436831276    1.332304527    4.355967078    0.3373388203   0.1209053498   0.1203703704   2.6718107      0.5426906582   
323      I1         1.434499314    1.192386831    4.059670782    0.3386831276   0.04427983539  6.72037037     2.229423868    0.5458639787   
324      I1         1.434499314    1.066460905    3.862139918    0.2338271605   0.01201646091  6.72037037     3.031893004    0.7020077743   
325      I1         1.436831276    2.134499314    4.059670782    0.3427160494   0.2055967078   2.27962963     2.054526749    0.4109035871   
326      I1         1.434499314    1.003497942    3.829218107    0.2983539095   0.1733333333   2.32037037     2.095679012    0.4156149823   
327      I1         1.434499314    1.563168724    4.092592593    0.2257613169   0.1934979424   6.72037037     2.62037037     0.6177834175   
328      I1         0.676611797    1.563168724    3.969135802    0.201563786    0.06041152263  5.742592593    3.04218107     0.5380160241   
329      I1         1.998834019    1.059465021    4.059670782    0.6209876543   0.02008230453  3.37962963     3.247942387    0.5785295391   
330      I1         1.998834019    1.017489712    4.462962963    0.4475720165   0.3346502058   2.687037037    2.949588477    0.6021498932   
331      I1         1.758641975    1.367283951    4.27914952     0.4072427984   0.266090535    7.087037037    2.064814815    0.365646802    
332      I1         1.345884774    1.444238683    4.495884774    0.04024691358  0.2781893004   2.401851852    1.985939643    0.5550977243   
333      I1         1.045061728    1.003497942    3.829218107    0.335994513    0.02814814815  0.1203703704   2.394032922    0.4686536789   
334      I1         0.8701646091   1.185390947    3.831961591    0.137037037    0.1854320988   3.37962963     2.568930041    0.5245894791   
335      I1         0.8701646091   1.192386831    3.83744856     0.2459259259   0.01067215364  0.1203703704   3.299382716    0.5326639415   
336      I1         1.429835391    1.001165981    3.434156379    0.116872428    0.116872428    3.37962963     2.12654321     0.6572124168   
337      I1         0.8678326475   2.696502058    4.355967078    0.1531687243   0.2257613169   3.37962963     2.6718107      0.6688806815   
338      I1         0.4853909465   2.323388203    4.059670782    0.1088065844   0.3548148148   9.97962963     2.661522634    0.647507655    
339      I1         0.3664609053   2.698834019    4.290123457    0.1572016461   0.4879012346   1.22037037     2.661522634    0.541836892    
340      I1         0.6462962963   2.698834019    3.83744856     0.1894650206   0.4959670782   4.968518519    2.476337449    0.5232575829   
341      I1         1.15           1.731069959    3.829218107    0.1451028807   0.2271056241   3.37962963     1.961934156    0.4989041539   
342      I1         1.716666667    1.003497942    4.281893004    0.4475720165   0.2257613169   7.82037037     2.112825789    0.3703988398   
343      I1         1.436831276    1.003497942    4.306584362    0.4462277092   0.1047736626   1.17962963     2.12654321     0.3735946978   
344      I1         1.998834019    1.563168724    4.281893004    0.4838683128   0.01201646091  6.72037037     2.661522634    0.6844759065   
345      I1         1.998834019    1.192386831    4.191358025    0.5524279835   0.2257613169   3.37962963     3.258230453    0.5824714715   
346      I1         1.688683128    1.003497942    4.27914952     0.415308642    0.2257613169   6.72037037     2.064814815    0.3483772933   
347      I1         1.996502058    2.698834019    4.45473251     0.5241975309   0.01201646091  0.1203703704   2.589506173    0.6972535102   
348      I1         1.996502058    2.696502058    4.462962963    0.4798353909   0.01067215364  2.27962963     2.013374486    0.5711707106   
349      I1         1.623388203    2.696502058    4.281893004    0.4677366255   0.1572016461   0.1203703704   2.075102881    0.4188449566   
350      I1         0.8561728395   1.633127572    3.977366255    0.1894650206   0.1693004115   0.1067901235   2.208847737    0.5405114341   
351      I1         1.45781893     2.698834019    3.532921811    0.286255144    0.08057613169  0.1203703704   1.992798354    0.5134741685   
352      I1         1.436831276    2.696502058    3.277777778    0.01201646091  0.01067215364  0.1203703704   2.394032922    1.270754973    
353      I1         1.436831276    2.136831276    4.495884774    0.4838683128   0.01067215364  0.1203703704   2.383744856    0.4662882836   
354      I1         1.996502058    2.698834019    3.16255144     0.01201646091  0.9879835391   0.1203703704   2.229423868    0.851660498    
355      I1         1.744650206    2.129835391    4.059670782    0.4072427984   0.01067215364  6.72037037     3.330246914    0.6311228491   
356      I1         1.499794239    1.563168724    3.834705075    0.3386831276   0.1047736626   2.809259259    2.877572016    0.5459198821   
357      I1         1.998834019    2.696502058    3.16255144     0.3144855967   0.6613168724   0.4462962963   2.291152263    0.7257294618   
358      I1         1.998834019    1.003497942    2.718106996    0.01201646091  0.01201646091  9.97962963     2.507201646    1.04728102     
359      I1         1.996502058    2.696502058    4.495884774    0.4475720165   0.335994513    1.17962963     2.661522634    0.694182502    
360      I1         1.996502058    1.563168724    4.495884774    0.3870781893   0.2257613169   9.653703704    2.946159122    0.7003599239   
361      I1         1.807613169    1.570164609    4.27914952     0.4596707819   0.2136625514   6.72037037     2.064814815    0.3754870387   
362      I1         1.646707819    1.947942387    4.498628258    0.5201646091   0.02008230453  6.72037037     2.116255144    0.3791397068   
363      I1         0.6323045267   2.134499314    3.829218107    0.1330041152   0.2983539095   9.97962963     3.46399177     0.5963871595   
364      I1         0.625308642    2.136831276    3.277777778    0.1773662551   0.01067215364  1.22037037     3.361111111    0.6386195092   
365      I1         0.5203703704   1.003497942    3.829218107    0.1410699588   0.1182167353   6.72037037     3.361111111    0.5264797531   
366      I1         1.240946502    1.633127572    2.504115226    0.1894650206   0.01201646091  0.1203703704   2.112825789    0.9823824375   
367      I1         1.807613169    2.129835391    4.498628258    0.5443621399   0.01201646091  6.72037037     2.208847737    0.4652411285   
368      I1         1.61872428     1.570164609    4.281893004    0.4556378601   0.1894650206   8.906790123    2.075102881    0.3633260684   
369      I1         0.933127572    2.698834019    4.495884774    0.1652674897   0.5443621399   9.97962963     3.145061728    0.6157175667   
370      I1         0.8631687243   2.696502058    4.059670782    0.06847736626  0.6626611797   0.6907407407   1.951646091    0.6621192151   
371      I1         0.8655006859   2.696502058    4.076131687    0.2943209877   0.01201646091  0.1203703704   3.124485597    0.4820350653   
372      I1         0.6532921811   1.563168724    4.430041152    0.2271056241   0.1330041152   0.1203703704   2.712962963    0.4563915022   
373      I1         0.8561728395   2.321056241    4.347736626    0.2459259259   0.2217283951   0.1203703704   2.980452675    0.5000251573   
374      I1         0.5553497942   2.136831276    4.495884774    0.1975308642   0.2943209877   6.706790123    2.476337449    0.471615888    
375      I1         0.8631687243   1.444238683    4.495884774    0.2983539095   0.05234567901  3.406790123    2.414609053    0.4202502707   
376      I1         1.814609053    2.696502058    2.940329218    0.3225514403   0.2902880658   6.706790123    2.033950617    0.637802747    
377      I1         1.44382716     1.567832647    4.487654321    0.4717695473   0.06444444444  3.746296296    2.116255144    0.3733259625   
378      I1         1.709670782    2.129835391    4.498628258    0.4879012346   0.1693004115   8.92037037     2.085390947    0.3646135605   
379      I1         1.807613169    1.947942387    4.281893004    0.4516049383   0.3265843621   9.97962963     2.112825789    0.3911267679   
380      I1         1.681687243    1.947942387    4.495884774    0.4838683128   0.1209053498   8.92037037     2.112825789    0.3913439772   
381      I1         1.61872428     2.514609053    4.498628258    0.5161316872   0.07251028807  5.212962963    2.075102881    0.340618237    
382      I1         1.998834019    2.136831276    3.829218107    0.01201646091  0.01201646091  9.898148148    2.033950617    0.6575656559   
383      I1         1.998834019    2.696502058    3.170781893    0.1330041152   0.01201646091  9.653703704    2.136831276    0.6421063951   
384      I1         1.996502058    1.500205761    4.495884774    0.0846090535   0.3346502058   6.706790123    2.00308642     0.6001649876   
385      I1         1.597736626    2.1718107      4.446502058    0.5040329218   0.0846090535   3.393209877    2.075102881    0.3374202095   
386      I1         1.998834019    2.696502058    4.495884774    0.0846090535   0.9879835391   3.257407407    3.330246914    0.9703069911   
387      I1         1.996502058    2.698834019    2.718106996    0.2378600823   0.9879835391   8.92037037     2.383744856    0.9284065251   
388      I1         1.996502058    2.696502058    4.495884774    0.116872428    0.664005487    0.1203703704   2.887860082    0.9820278178   
389      I1         1.814609053    2.514609053    4.495884774    0.01067215364  0.6734156379   0.1203703704   1.972222222    0.6629840444   
390      I1         1.996502058    2.698834019    4.495884774    0.1773662551   0.9879835391   0.1203703704   2.147119342    0.8053161925   
391      I1         1.998834019    2.696502058    3.170781893    0.3225514403   0.9879835391   1.17962963     3.453703704    0.9409710982   
392      I1         1.436831276    2.696502058    3.170781893    0.01201646091  0.9893278464   0.1203703704   2.702674897    0.9956784584   
393      I1         1.61872428     2.696502058    3.170781893    0.01201646091  0.9879835391   1.17962963     3.498285322    1.002315704    
394      I1         1.506790123    2.698834019    3.170781893    0.1894650206   0.9879835391   0.1203703704   3.155349794    0.9189814687   
395      I1         1.434499314    2.696502058    3.384773663    0.1209053498   0.9879835391   0.1203703704   2.177983539    0.9119045954   
396      I1         1.998834019    2.696502058    2.504115226    0.4395061728   0.6653497942   9.97962963     3.494855967    0.9179030376   
397      I1         1.998834019    2.696502058    2.504115226    0.5080658436   0.9879835391   9.97962963     3.217078189    0.9621024488   
398      I1         1.998834019    2.696502058    3.16255144     0.4193415638   0.883127572    9.97962963     2.188271605    0.798145357    
399      I1         1.996502058    1.003497942    3.16255144     0.01067215364  0.9879835391   1.17962963     3.114197531    1.375128123    
400      I1         1.996502058    1.563168724    2.504115226    0.1934979424   0.9879835391   9.97962963     3.498285322    1.311557676    
%eval_id interface log__t_efold_shallow log__t_efold_soil log__t_efold_karst f_exfiltration_shallow f_exfiltration_soil PDD_melt_factor log__Hmax_shallow neg_kge        
401      I1         1.597736626    2.1718107      4.446502058    0.5040329218   0.0846090535   3.393209877    2.075102881    0.3374202095   
402      I1         1.767736626    2.1718107      4.446502058    0.5040329218   0.0846090535   3.393209877    2.075102881    0.3555713907   
403      I1         1.597736626    2.3418107      4.446502058    0.5040329218   0.0846090535   3.393209877    2.075102881    0.3388920531   
404      I1         1.597736626    2.1718107      4.446502058    0.6020329218   0.0846090535   3.393209877    2.075102881    0.3718131471   
405      I1         1.597736626    2.1718107      4.446502058    0.5040329218   0.1826090535   3.393209877    2.075102881    0.3367258539   
406      I1         1.597736626    2.1718107      4.446502058    0.5040329218   0.0846090535   4.383209877    2.075102881    0.3330425982   
407      I1         1.597736626    2.1718107      4.446502058    0.5040329218   0.0846090535   3.393209877    2.325102881    0.4570767915   
408      I1         1.427736626    2.1718107      4.446502058    0.5040329218   0.0846090535   3.393209877    2.075102881    0.3406275533   
409      I1         1.597736626    2.0018107      4.446502058    0.5040329218   0.0846090535   3.393209877    2.075102881    0.3360043802   
410      I1         1.597736626    2.1718107      4.246502058    0.5040329218   0.0846090535   3.393209877    2.075102881    0.3580753831   
411      I1         1.597736626    2.1718107      4.446502058    0.4060329218   0.0846090535   3.393209877    2.075102881    0.4079201754   
412      I1         1.597736626    2.1718107      4.446502058    0.5040329218   0.0846090535   2.403209877    2.075102881    0.3371239663   
413      I1         1.597736626    2.1718107      4.446502058    0.5040329218   0.0846090535   3.393209877    1.825102881    0.7527044062   
414      I1         1.682736626    2.1718107      4.446502058    0.5040329218   0.0846090535   3.393209877    2.075102881    0.3429444572   
415      I1         1.597736626    2.2568107      4.446502058    0.5040329218   0.0846090535   3.393209877    2.075102881    0.3381814546   
416      I1         1.597736626    2.1718107      4.446502058    0.5530329218   0.0846090535   3.393209877    2.075102881    0.3342218654   
417      I1         1.597736626    2.1718107      4.446502058    0.5040329218   0.1336090535   3.393209877    2.075102881    0.3361457226   
418      I1         1.597736626    2.1718107      4.446502058    0.5040329218   0.0846090535   3.888209877    2.075102881    0.3357088139   
419      I1         1.597736626    2.1718107      4.446502058    0.5040329218   0.0846090535   3.393209877    2.200102881    0.428056094    
420      I1         1.512736626    2.1718107      4.446502058    0.5040329218   0.0846090535   3.393209877    2.075102881    0.336059568    
421      I1         1.597736626    2.0868107      4.446502058    0.5040329218   0.0846090535   3.393209877    2.075102881    0.336672527    
422      I1         1.597736626    2.1718107      4.346502058    0.5040329218   0.0846090535   3.393209877    2.075102881    0.3620876009   
423      I1         1.597736626    2.1718107      4.446502058    0.4550329218   0.0846090535   3.393209877    2.075102881    0.3668353758   
424      I1         1.597736626    2.1718107      4.446502058    0.5040329218   0.0356090535   3.393209877    2.075102881    0.3400643104   
425      I1         1.597736626    2.1718107      4.446502058    0.5040329218   0.0846090535   2.898209877    2.075102881    0.336664861    
426      I1         1.597736626    2.1718107      4.446502058    0.5040329218   0.0846090535   3.393209877    1.950102881    0.4091440392   
427      I1         1.682736626    2.1718107      4.446502058    0.5530329218   0.0846090535   3.393209877    2.075102881    0.3318698214   
428      I1         1.597736626    2.2568107      4.446502058    0.5530329218   0.0846090535   3.393209877    2.075102881    0.3339915642   
429      I1         1.597736626    2.1718107      4.446502058    0.6020329218   0.0846090535   3.393209877    2.075102881    0.3718131471   
430      I1         1.597736626    2.1718107      4.446502058    0.5530329218   0.1336090535   3.393209877    2.075102881    0.340504258    
431      I1         1.597736626    2.1718107      4.446502058    0.5530329218   0.0846090535   3.888209877    2.075102881    0.3325154449   
432      I1         1.597736626    2.1718107      4.446502058    0.5530329218   0.0846090535   3.393209877    2.200102881    0.4064844161   
433      I1         1.512736626    2.1718107      4.446502058    0.5530329218   0.0846090535   3.393209877    2.075102881    0.3507231706   
434      I1         1.597736626    2.0868107      4.446502058    0.5530329218   0.0846090535   3.393209877    2.075102881    0.3346245454   
435      I1         1.597736626    2.1718107      4.346502058    0.5530329218   0.0846090535   3.393209877    2.075102881    0.3827159729   
436      I1         1.597736626    2.1718107      4.446502058    0.5530329218   0.0356090535   3.393209877    2.075102881    0.330274404    
437      I1         1.597736626    2.1718107      4.446502058    0.5530329218   0.0846090535   2.898209877    2.075102881    0.3341880901   
438      I1         1.597736626    2.1718107      4.446502058    0.5530329218   0.0846090535   3.393209877    1.950102881    0.4512470265   
439      I1         1.682736626    2.1718107      4.446502058    0.5530329218   0.0356090535   3.393209877    2.075102881    0.3300360336   
440      I1         1.597736626    2.2568107      4.446502058    0.5530329218   0.0356090535   3.393209877    2.075102881    0.3302359297   
441      I1         1.597736626    2.1718107      4.446502058    0.6020329218   0.0356090535   3.393209877    2.075102881    0.3596424957   
442      I1         1.597736626    2.1718107      4.446502058    0.5530329218   0.0356090535   3.888209877    2.075102881    0.3285659539   
443      I1         1.597736626    2.1718107      4.446502058    0.5530329218   0.0356090535   3.393209877    2.200102881    0.406008813    
444      I1         1.512736626    2.1718107      4.446502058    0.5530329218   0.0356090535   3.393209877    2.075102881    0.3434472833   
445      I1         1.597736626    2.0868107      4.446502058    0.5530329218   0.0356090535   3.393209877    2.075102881    0.3303559933   
446      I1         1.597736626    2.1718107      4.346502058    0.5530329218   0.0356090535   3.393209877    2.075102881    0.3743527231   
447      I1         1.597736626    2.1718107      4.446502058    0.5530329218   0.0356090535   2.898209877    2.075102881    0.3301009697   
448      I1         1.597736626    2.1718107      4.446502058    0.5530329218   0.0356090535   3.393209877    1.950102881    0.439159326    
449      I1         1.640236626    2.1718107      4.446502058    0.5530329218   0.0356090535   3.393209877    2.075102881    0.3285270638   
450      I1         1.597736626    2.2143107      4.446502058    0.5530329218   0.0356090535   3.393209877    2.075102881    0.3302503545   
451      I1         1.597736626    2.1718107      4.496502058    0.5530329218   0.0356090535   3.393209877    2.075102881    0.3455947187   
452      I1         1.597736626    2.1718107      4.446502058    0.5775329218   0.0356090535   3.393209877    2.075102881    0.3393192084   
453      I1         1.597736626    2.1718107      4.446502058    0.5530329218   0.0601090535   3.393209877    2.075102881    0.3319829136   
454      I1         1.597736626    2.1718107      4.446502058    0.5530329218   0.0356090535   3.640709877    2.075102881    0.3301972972   
455      I1         1.597736626    2.1718107      4.446502058    0.5530329218   0.0356090535   3.393209877    2.137602881    0.365916476    
456      I1         1.555236626    2.1718107      4.446502058    0.5530329218   0.0356090535   3.393209877    2.075102881    0.335500584    
457      I1         1.597736626    2.1293107      4.446502058    0.5530329218   0.0356090535   3.393209877    2.075102881    0.3303083006   
458      I1         1.597736626    2.1718107      4.396502058    0.5530329218   0.0356090535   3.393209877    2.075102881    0.350310354    
459      I1         1.597736626    2.1718107      4.446502058    0.5285329218   0.0356090535   3.393209877    2.075102881    0.3311549952   
460      I1         1.597736626    2.1718107      4.446502058    0.5530329218   0.0111090535   3.393209877    2.075102881    0.3290479855   
461      I1         1.597736626    2.1718107      4.446502058    0.5530329218   0.0356090535   3.145709877    2.075102881    0.3301808802   
462      I1         1.597736626    2.1718107      4.446502058    0.5530329218   0.0356090535   3.393209877    2.012602881    0.3406034124   
463      I1         1.640236626    2.2143107      4.446502058    0.5530329218   0.0356090535   3.393209877    2.075102881    0.3285444068   
464      I1         1.640236626    2.1718107      4.496502058    0.5530329218   0.0356090535   3.393209877    2.075102881    0.3417236404   
465      I1         1.640236626    2.1718107      4.446502058    0.5775329218   0.0356090535   3.393209877    2.075102881    0.3334520468   
466      I1         1.640236626    2.1718107      4.446502058    0.5530329218   0.0601090535   3.393209877    2.075102881    0.3296402307   
467      I1         1.640236626    2.1718107      4.446502058    0.5530329218   0.0356090535   3.640709877    2.075102881    0.3271083943   
468      I1         1.640236626    2.1718107      4.446502058    0.5530329218   0.0356090535   3.393209877    2.137602881    0.3671489845   
469      I1         1.640236626    2.1293107      4.446502058    0.5530329218   0.0356090535   3.393209877    2.075102881    0.3285179319   
470      I1         1.640236626    2.1718107      4.396502058    0.5530329218   0.0356090535   3.393209877    2.075102881    0.3457294704   
471      I1         1.640236626    2.1718107      4.446502058    0.5285329218   0.0356090535   3.393209877    2.075102881    0.3323106457   
472      I1         1.640236626    2.1718107      4.446502058    0.5530329218   0.0111090535   3.393209877    2.075102881    0.3278442742   
473      I1         1.640236626    2.1718107      4.446502058    0.5530329218   0.0356090535   3.145709877    2.075102881    0.3287158857   
474      I1         1.640236626    2.1718107      4.446502058    0.5530329218   0.0356090535   3.393209877    2.012602881    0.34934273     
475      I1         1.682736626    2.1718107      4.446502058    0.5530329218   0.0356090535   3.640709877    2.075102881    0.3276187904   
476      I1         1.640236626    2.2143107      4.446502058    0.5530329218   0.0356090535   3.640709877    2.075102881    0.3271260574   
477      I1         1.640236626    2.1718107      4.496502058    0.5530329218   0.0356090535   3.640709877    2.075102881    0.3403191293   
478      I1         1.640236626    2.1718107      4.446502058    0.5775329218   0.0356090535   3.640709877    2.075102881    0.332028122    
479      I1         1.640236626    2.1718107      4.446502058    0.5530329218   0.0601090535   3.640709877    2.075102881    0.3282164254   
480      I1         1.640236626    2.1718107      4.446502058    0.5530329218   0.0356090535   3.888209877    2.075102881    0.3255877051   
481      I1         1.640236626    2.1718107      4.446502058    0.5530329218   0.0356090535   3.640709877    2.137602881    0.3677709596   
482      I1         1.640236626    2.1293107      4.446502058    0.5530329218   0.0356090535   3.640709877    2.075102881    0.3270989718   
483      I1         1.640236626    2.1718107      4.396502058    0.5530329218   0.0356090535   3.640709877    2.075102881    0.344328256    
484      I1         1.640236626    2.1718107      4.446502058    0.5285329218   0.0356090535   3.640709877    2.075102881    0.3309218525   
485      I1         1.640236626    2.1718107      4.446502058    0.5530329218   0.0111090535   3.640709877    2.075102881    0.3264327037   
486      I1         1.640236626    2.1718107      4.446502058    0.5530329218   0.0356090535   3.640709877    2.012602881    0.3480565929   
487      I1         1.682736626    2.1718107      4.446502058    0.5530329218   0.0356090535   3.888209877    2.075102881    0.3261737306   
488      I1         1.640236626    2.2143107      4.446502058    0.5530329218   0.0356090535   3.888209877    2.075102881    0.3256056253   
489      I1         1.640236626    2.1718107      4.496502058    0.5530329218   0.0356090535   3.888209877    2.075102881    0.3388145715   
490      I1         1.640236626    2.1718107      4.446502058    0.5775329218   0.0356090535   3.888209877    2.075102881    0.3305094602   
491      I1         1.640236626    2.1718107      4.446502058    0.5530329218   0.0601090535   3.888209877    2.075102881    0.3266912528   
492      I1         1.640236626    2.1718107      4.446502058    0.5530329218   0.0356090535   4.135709877    2.075102881    0.3243432661   
493      I1         1.640236626    2.1718107      4.446502058    0.5530329218   0.0356090535   3.888209877    2.137602881    0.3684637211   
494      I1         1.640236626    2.1293107      4.446502058    0.5530329218   0.0356090535   3.888209877    2.075102881    0.3255780427   
495      I1         1.640236626    2.1718107      4.396502058    0.5530329218   0.0356090535   3.888209877    2.075102881    0.3428271257   
496      I1         1.640236626    2.1718107      4.446502058    0.5285329218   0.0356090535   3.888209877    2.075102881    0.3294116247   
497      I1         1.640236626    2.1718107      4.446502058    0.5530329218   0.0111090535   3.888209877    2.075102881    0.3249177836   
498      I1         1.640236626    2.1718107      4.446502058    0.5530329218   0.0356090535   3.888209877    2.012602881    0.3465027919   
499      I1         1.682736626    2.1718107      4.446502058    0.5530329218   0.0356090535   4.135709877    2.075102881    0.3252909706   
500      I1         1.640236626    2.2143107      4.446502058    0.5530329218   0.0356090535   4.135709877    2.075102881    0.3243600416   
501      I1         1.640236626    2.1718107      4.496502058    0.5530329218   0.0356090535   4.135709877    2.075102881    0.3376446927   
502      I1         1.640236626    2.1718107      4.446502058    0.5775329218   0.0356090535   4.135709877    2.075102881    0.3293823561   
503      I1         1.640236626    2.1718107      4.446502058    0.5530329218   0.0601090535   4.135709877    2.075102881    0.3254635779   
504      I1         1.640236626    2.1718107      4.446502058    0.5530329218   0.0356090535   4.383209877    2.075102881    0.3234697157   
505      I1         1.640236626    2.1718107      4.446502058    0.5530329218   0.0356090535   4.135709877    2.137602881    0.3691983685   
506      I1         1.597736626    2.1718107      4.446502058    0.5530329218   0.0356090535   4.135709877    2.075102881    0.3272988687   
507      I1         1.640236626    2.1293107      4.446502058    0.5530329218   0.0356090535   4.135709877    2.075102881    0.324334877    
508      I1         1.640236626    2.1718107      4.396502058    0.5530329218   0.0356090535   4.135709877    2.075102881    0.3416761857   
509      I1         1.640236626    2.1718107      4.446502058    0.5285329218   0.0356090535   4.135709877    2.075102881    0.3280586757   
510      I1         1.640236626    2.1718107      4.446502058    0.5530329218   0.0111090535   4.135709877    2.075102881    0.3236586605   
511      I1         1.640236626    2.1718107      4.446502058    0.5530329218   0.0356090535   3.888209877    2.075102881    0.3255877051   
512      I1         1.640236626    2.1718107      4.446502058    0.5530329218   0.0356090535   4.135709877    2.012602881    0.3463036324   
513      I1         1.725236626    2.1718107      4.446502058    0.5530329218   0.0356090535   4.383209877    2.075102881    0.3309744474   
514      I1         1.640236626    2.2568107      4.446502058    0.5530329218   0.0356090535   4.383209877    2.075102881    0.3235092947   
515      I1         1.640236626    2.1718107      4.446502058    0.6020329218   0.0356090535   4.383209877    2.075102881    0.3442464951   
516      I1         1.640236626    2.1718107      4.446502058    0.5530329218   0.0846090535   4.383209877    2.075102881    0.3262301905   
517      I1         1.640236626    2.1718107      4.446502058    0.5530329218   0.0356090535   4.878209877    2.075102881    0.3233064459   
518      I1         1.640236626    2.1718107      4.446502058    0.5530329218   0.0356090535   4.383209877    2.200102881    0.4177360109   
519      I1         1.555236626    2.1718107      4.446502058    0.5530329218   0.0356090535   4.383209877    2.075102881    0.3327471963   
520      I1         1.640236626    2.0868107      4.446502058    0.5530329218   0.0356090535   4.383209877    2.075102881    0.3234640316   
521      I1         1.640236626    2.1718107      4.346502058    0.5530329218   0.0356090535   4.383209877    2.075102881    0.3622680517   
522      I1         1.640236626    2.1718107      4.446502058    0.5040329218   0.0356090535   4.383209877    2.075102881    0.3373447906   
523      I1         1.640236626    2.1718107      4.446502058    0.5530329218   0.0356090535   3.888209877    2.075102881    0.3255877051   
524      I1         1.640236626    2.1718107      4.446502058    0.5530329218   0.0356090535   4.383209877    1.950102881    0.4597509118   
525      I1         1.682736626    2.1718107      4.446502058    0.5530329218   0.0356090535   4.383209877    2.075102881    0.3244462321   
526      I1         1.640236626    2.2143107      4.446502058    0.5530329218   0.0356090535   4.383209877    2.075102881    0.3234852231   
527      I1         1.640236626    2.1718107      4.496502058    0.5530329218   0.0356090535   4.383209877    2.075102881    0.3368360437   
528      I1         1.640236626    2.1718107      4.446502058    0.5775329218   0.0356090535   4.383209877    2.075102881    0.3286361418   
529      I1         1.640236626    2.1718107      4.446502058    0.5530329218   0.0601090535   4.383209877    2.075102881    0.3246063176   
530      I1         1.640236626    2.1718107      4.446502058    0.5530329218   0.0356090535   4.630709877    2.075102881    0.3225797856   
531      I1         1.640236626    2.1718107      4.446502058    0.5530329218   0.0356090535   4.383209877    2.137602881    0.3690994551   
532      I1         1.597736626    2.1718107      4.446502058    0.5530329218   0.0356090535   4.383209877    2.075102881    0.3263073602   
533      I1         1.640236626    2.1293107      4.446502058    0.5530329218   0.0356090535   4.383209877    2.075102881    0.3234627161   
534      I1         1.640236626    2.1718107      4.396502058    0.5530329218   0.0356090535   4.383209877    2.075102881    0.3408831441   
535      I1         1.640236626    2.1718107      4.446502058    0.5285329218   0.0356090535   4.383209877    2.075102881    0.3270635497   
536      I1         1.640236626    2.1718107      4.446502058    0.5530329218   0.0111090535   4.383209877    2.075102881    0.3227706185   
537      I1         1.640236626    2.1718107      4.446502058    0.5530329218   0.0356090535   4.383209877    2.012602881    0.347506669    
538      I1         1.682736626    2.1718107      4.446502058    0.5530329218   0.0356090535   4.630709877    2.075102881    0.3240103362   
539      I1         1.640236626    2.2143107      4.446502058    0.5530329218   0.0356090535   4.630709877    2.075102881    0.3225937824   
540      I1         1.640236626    2.1718107      4.496502058    0.5530329218   0.0356090535   4.630709877    2.075102881    0.3360220419   
541      I1         1.640236626    2.1718107      4.446502058    0.5775329218   0.0356090535   4.630709877    2.075102881    0.3278955159   
542      I1         1.640236626    2.1718107      4.446502058    0.5530329218   0.0601090535   4.630709877    2.075102881    0.32373722     
543      I1         1.640236626    2.1718107      4.446502058    0.5530329218   0.0356090535   4.878209877    2.075102881    0.3233064459   
544      I1         1.640236626    2.1718107      4.446502058    0.5530329218   0.0356090535   4.630709877    2.137602881    0.3674173353   
545      I1         1.597736626    2.1718107      4.446502058    0.5530329218   0.0356090535   4.630709877    2.075102881    0.3254516493   
546      I1         1.640236626    2.1293107      4.446502058    0.5530329218   0.0356090535   4.630709877    2.075102881    0.3225744109   
547      I1         1.640236626    2.1718107      4.396502058    0.5530329218   0.0356090535   4.630709877    2.075102881    0.3400878201   
548      I1         1.640236626    2.1718107      4.446502058    0.5285329218   0.0356090535   4.630709877    2.075102881    0.3260313782   
549      I1         1.640236626    2.1718107      4.446502058    0.5530329218   0.0111090535   4.630709877    2.075102881    0.3218618109   
550      I1         1.640236626    2.1718107      4.446502058    0.5530329218   0.0356090535   4.630709877    2.012602881    0.3493634341   
551      I1         1.682736626    2.1718107      4.446502058    0.5530329218   0.0111090535   4.630709877    2.075102881    0.3236741292   
552      I1         1.640236626    2.2143107      4.446502058    0.5530329218   0.0111090535   4.630709877    2.075102881    0.3218593165   
553      I1         1.640236626    2.1718107      4.496502058    0.5530329218   0.0111090535   4.630709877    2.075102881    0.3345182255   
554      I1         1.640236626    2.1718107      4.446502058    0.5775329218   0.0111090535   4.630709877    2.075102881    0.3254103238   
555      I1         1.640236626    2.1718107      4.446502058    0.5530329218   0.0111090535   4.878209877    2.075102881    0.322613384    
556      I1         1.640236626    2.1718107      4.446502058    0.5530329218   0.0111090535   4.630709877    2.137602881    0.3680370052   
557      I1         1.597736626    2.1718107      4.446502058    0.5530329218   0.0111090535   4.630709877    2.075102881    0.324180916    
558      I1         1.640236626    2.1293107      4.446502058    0.5530329218   0.0111090535   4.630709877    2.075102881    0.3218636417   
559      I1         1.640236626    2.1718107      4.396502058    0.5530329218   0.0111090535   4.630709877    2.075102881    0.3383301029   
560      I1         1.640236626    2.1718107      4.446502058    0.5285329218   0.0111090535   4.630709877    2.075102881    0.3267992778   
561      I1         1.640236626    2.1718107      4.446502058    0.5530329218   0.0111090535   4.630709877    2.012602881    0.3467729607   
562      I1         1.661486626    2.1718107      4.446502058    0.5530329218   0.0111090535   4.630709877    2.075102881    0.3222511769   
563      I1         1.640236626    2.1930607      4.446502058    0.5530329218   0.0111090535   4.630709877    2.075102881    0.3218607194   
564      I1         1.640236626    2.1718107      4.471502058    0.5530329218   0.0111090535   4.630709877    2.075102881    0.3438390077   
565      I1         1.640236626    2.1718107      4.446502058    0.5652829218   0.0111090535   4.630709877    2.075102881    0.3224520814   
566      I1         1.640236626    2.1718107      4.446502058    0.5530329218   0.0233590535   4.630709877    2.075102881    0.3221688431   
567      I1         1.640236626    2.1718107      4.446502058    0.5530329218   0.0111090535   4.754459877    2.075102881    0.3221892347   
568      I1         1.640236626    2.1718107      4.446502058    0.5530329218   0.0111090535   4.630709877    2.106352881    0.3412959678   
569      I1         1.618986626    2.1718107      4.446502058    0.5530329218   0.0111090535   4.630709877    2.075102881    0.3224259337   
570      I1         1.640236626    2.1505607      4.446502058    0.5530329218   0.0111090535   4.630709877    2.075102881    0.3218627346   
571      I1         1.640236626    2.1718107      4.421502058    0.5530329218   0.0111090535   4.630709877    2.075102881    0.3295413587   
572      I1         1.640236626    2.1718107      4.446502058    0.5407829218   0.0111090535   4.630709877    2.075102881    0.3233998514   
573      I1         1.640236626    2.1718107      4.446502058    0.5530329218   0.0111090535   4.506959877    2.075102881    0.3222587491   
574      I1         1.640236626    2.1718107      4.446502058    0.5530329218   0.0111090535   4.630709877    2.043852881    0.321528888    
575      I1         1.661486626    2.1718107      4.446502058    0.5530329218   0.0111090535   4.630709877    2.043852881    0.3257553433   
576      I1         1.640236626    2.1930607      4.446502058    0.5530329218   0.0111090535   4.630709877    2.043852881    0.3215143823   
577      I1         1.640236626    2.1718107      4.471502058    0.5530329218   0.0111090535   4.630709877    2.043852881    0.3479166524   
578      I1         1.640236626    2.1718107      4.446502058    0.5652829218   0.0111090535   4.630709877    2.043852881    0.3248095845   
579      I1         1.640236626    2.1718107      4.446502058    0.5530329218   0.0233590535   4.630709877    2.043852881    0.322284807    
580      I1         1.640236626    2.1718107      4.446502058    0.5530329218   0.0111090535   4.754459877    2.043852881    0.3215270175   
581      I1         1.618986626    2.1718107      4.446502058    0.5530329218   0.0111090535   4.630709877    2.043852881    0.3190120213   
582      I1         1.640236626    2.1505607      4.446502058    0.5530329218   0.0111090535   4.630709877    2.043852881    0.3215432859   
583      I1         1.640236626    2.1718107      4.421502058    0.5530329218   0.0111090535   4.630709877    2.043852881    0.3309399323   
584      I1         1.640236626    2.1718107      4.446502058    0.5407829218   0.0111090535   4.630709877    2.043852881    0.3204228658   
585      I1         1.640236626    2.1718107      4.446502058    0.5530329218   0.0111090535   4.506959877    2.043852881    0.3211508324   
586      I1         1.618986626    2.1930607      4.446502058    0.5530329218   0.0111090535   4.630709877    2.043852881    0.3189941075   
587      I1         1.618986626    2.1718107      4.471502058    0.5530329218   0.0111090535   4.630709877    2.043852881    0.3470029716   
588      I1         1.618986626    2.1718107      4.446502058    0.5652829218   0.0111090535   4.630709877    2.043852881    0.3230750783   
589      I1         1.618986626    2.1718107      4.446502058    0.5530329218   0.0233590535   4.630709877    2.043852881    0.3198778743   
590      I1         1.618986626    2.1718107      4.446502058    0.5530329218   0.0111090535   4.754459877    2.043852881    0.3190730041   
591      I1         1.597736626    2.1718107      4.446502058    0.5530329218   0.0111090535   4.630709877    2.043852881    0.3182873579   
592      I1         1.618986626    2.1505607      4.446502058    0.5530329218   0.0111090535   4.630709877    2.043852881    0.319029883    
593      I1         1.618986626    2.1718107      4.421502058    0.5530329218   0.0111090535   4.630709877    2.043852881    0.3290503407   
594      I1         1.618986626    2.1718107      4.446502058    0.5407829218   0.0111090535   4.630709877    2.043852881    0.3172687688   
595      I1         1.618986626    2.1718107      4.446502058    0.5530329218   0.0111090535   4.506959877    2.043852881    0.3188302677   
596      I1         1.618986626    2.1718107      4.446502058    0.5530329218   0.0111090535   4.630709877    2.012602881    0.3415327947   
597      I1         1.618986626    2.1930607      4.446502058    0.5407829218   0.0111090535   4.630709877    2.043852881    0.3172636882   
598      I1         1.618986626    2.1718107      4.471502058    0.5407829218   0.0111090535   4.630709877    2.043852881    0.3414097879   
599      I1         1.618986626    2.1718107      4.446502058    0.5407829218   0.0233590535   4.630709877    2.043852881    0.317719676    
600      I1         1.618986626    2.1718107      4.446502058    0.5407829218   0.0111090535   4.754459877    2.043852881    0.3173631027   
601      I1         1.618986626    2.1718107      4.446502058    0.5407829218   0.0111090535   4.630709877    2.075102881    0.3232461057   
602      I1         1.597736626    2.1718107      4.446502058    0.5407829218   0.0111090535   4.630709877    2.043852881    0.3158246295   
603      I1         1.618986626    2.1505607      4.446502058    0.5407829218   0.0111090535   4.630709877    2.043852881    0.3172737173   
604      I1         1.618986626    2.1718107      4.421502058    0.5407829218   0.0111090535   4.630709877    2.043852881    0.3257718602   
605      I1         1.618986626    2.1718107      4.446502058    0.5285329218   0.0111090535   4.630709877    2.043852881    0.317633084    
606      I1         1.618986626    2.1718107      4.446502058    0.5407829218   0.0111090535   4.506959877    2.043852881    0.3171238597   
607      I1         1.618986626    2.1718107      4.446502058    0.5407829218   0.0111090535   4.630709877    2.012602881    0.3370241056   
