%eval_id interface log__t_efold_shallow log__t_efold_soil log__t_efold_karst f_exfiltration_shallow f_exfiltration_soil neg_kge        
1        I1         1.340856682    1.063528064    3.831236871    0.6520493137   0.03786302582  1.423679414    
2        I1         0.7724829562   1.189323103    3.681351124    0.9358103204   0.5220185425   2.547587105    
3        I1         0.3485504418   1.702042258    2.841873065    0.9844407052   0.3741075441   2.792378323    
4        I1         1.13489634     1.542045094    2.782108588    0.1350522446   0.813832477    1.516955166    
5        I1         0.7999073836   1.833095461    4.23019236     0.4085227492   0.3850713039   1.536607906    
6        I1         1.531535246    1.509549826    2.710066259    0.8392264346   0.7934731076   1.834008377    
7        I1         1.160758497    1.675837711    3.21120112     0.04404286758  0.3221937678   0.3522881611   
8        I1         1.64120002     2.559012186    3.140613029    0.1646286199   0.979447786    0.6401487479   
9        I1         1.841418893    1.780657403    3.941439147    0.876164382    0.842247825    1.500773882    
10       I1         0.7113794074   1.310918435    4.01903848     0.8496504772   0.871363053    2.531362337    
11       I1         1.126024947    1.116056146    2.510864016    0.0903694521   0.8255057529   1.847134146    
12       I1         1.257981942    1.887784017    3.809025626    0.1717771929   0.4753711493   0.2437642797   
13       I1         0.6296351808   2.221495105    3.703694044    0.01128075689  0.4360470655   0.4594068989   
14       I1         1.171461564    2.61158016     3.653744343    0.2099069187   0.2682707875   0.3627545192   
15       I1         1.751218561    1.1350667      4.116854075    0.4686115266   0.04071712417  0.3007724905   
16       I1         0.3677524232   1.394356037    2.824612651    0.6064637601   0.1479898162   2.327644102    
17       I1         1.636678545    2.06095185     4.478762658    0.8261550649   0.7065786773   1.587266136    
18       I1         1.151278613    2.391765973    3.370947356    0.7994510876   0.1413102393   2.024908525    
19       I1         0.5874682381   1.717746796    4.292586158    0.9105767505   0.2484786123   2.633696824    
20       I1         0.9154537974   1.222511354    3.764382356    0.2257529178   0.9684807231   2.109658298    
21       I1         1.434442838    2.103964652    3.903464658    0.3820957175   0.9848527638   1.338483609    
22       I1         0.551983061    1.090962769    3.824234156    0.5440634302   0.3931840479   2.268669883    
23       I1         1.665250111    1.328667274    3.530301182    0.7643935641   0.6121861275   1.56340277     
24       I1         1.550696324    1.231727704    2.983373812    0.179527658    0.6802152624   1.224538865    
25       I1         1.422242053    1.926213285    2.761519739    0.2863724592   0.4387943063   0.8825671652   
26       I1         0.4433185135   1.816862121    3.075562603    0.307045893    0.2317561964   1.384362707    
27       I1         0.6158441461   2.339796042    3.34417956     0.4929807404   0.1013074441   1.83348574     
28       I1         1.799934239    1.157178291    3.123302953    0.465210757    0.3871736439   0.9156350488   
29       I1         0.9481382881   1.74754868     4.251926883    0.2689075142   0.367962828    0.2433268519   
30       I1         0.5094663364   1.840114       3.282973026    0.6421091236   0.9267890524   2.37593735     
31       I1         0.8884118105   2.419043855    4.177968403    0.5146411477   0.9224487796   1.75882221     
32       I1         0.869678216    2.664262274    3.778708329    0.4727462276   0.03575032858  1.339787543    
33       I1         1.962053355    2.543200157    2.628772169    0.03961106068  0.739563675    0.500074903    
34       I1         1.969316018    1.285348205    3.584868323    0.1681824529   0.6889461185   0.6628317526   
35       I1         1.645442561    2.673454282    3.998975956    0.9315443773   0.4617170534   1.682004306    
36       I1         1.026046435    1.487467654    2.563463878    0.9752273023   0.2644768829   2.378999959    
37       I1         1.836356129    2.653075503    3.784201027    0.8944457742   0.459415704    1.372592276    
38       I1         0.6401521459   2.241502952    2.549313107    0.9534866534   0.7228376675   2.635130182    
39       I1         1.860860465    1.686736869    4.300944502    0.07903790755  0.8223547415   0.868203899    
40       I1         0.4552595495   1.010688332    2.615440332    0.6090147236   0.4967438265   2.447006926    
41       I1         0.3540151082   1.963526746    4.489577456    0.7660642874   0.6674393617   2.600081303    
42       I1         1.326528753    2.564005466    3.391570594    0.4631838113   0.2956648772   0.8138857521   
43       I1         0.3237088733   2.607205399    2.934513602    0.03232881701  0.4302886432   0.3890362148   
44       I1         0.6021373378   2.347031718    2.555153062    0.3768789556   0.1505513559   1.519120906    
45       I1         0.9870801418   2.095049203    3.606658393    0.08532162429  0.8014879318   0.8281925401   
46       I1         0.3830346702   2.273852932    3.042674409    0.6396962211   0.8994223175   2.379087815    
47       I1         1.420646476    2.215010462    3.325752487    0.4496035419   0.8178788364   1.196324647    
48       I1         1.771193562    1.43332527     3.304219489    0.8847277457   0.1597277525   1.458968953    
49       I1         1.474533859    2.444789642    4.042251232    0.5496203686   0.4200881004   0.924029531    
50       I1         0.9445149779   2.522935073    2.752934595    0.4342557839   0.2239289244   1.330350057    
51       I1         1.956310536    1.042055073    3.506186554    0.8970061838   0.3985872561   1.264651742    
52       I1         1.622287052    1.31261729     4.145470396    0.8608480364   0.2375262317   1.604694803    
53       I1         1.527668383    2.25008588     3.929824668    0.989453186    0.2666295428   1.924277135    
54       I1         0.5702487049   2.030189091    3.424068791    0.8873828238   0.07942275114  2.626614178    
55       I1         0.7357388406   1.408394001    2.851202478    0.6297198519   0.6483402606   2.264409861    
56       I1         1.335763744    1.661443372    2.651214515    0.5837991308   0.1952555708   1.446098115    
57       I1         1.361125029    2.694562258    4.064944398    0.6602045533   0.6908226698   1.473949145    
58       I1         0.39845222     1.029610094    3.113606452    0.8179985224   0.04468927487  2.649916252    
59       I1         1.953548078    2.382780579    3.006847077    0.9125552918   0.2448017307   1.238896824    
60       I1         0.9177023502   2.186006007    4.08921173     0.7909367982   0.6635464248   2.252112595    
61       I1         0.3351591749   2.044425839    3.419812513    0.9243459712   0.5132588444   2.751582223    
62       I1         1.024984263    2.133923259    3.13492306     0.8888690782   0.9622850424   2.295722388    
63       I1         1.659968719    1.535255594    3.910475407    0.9795582233   0.1685791455   1.770275415    
64       I1         1.192182611    2.529878567    2.725188637    0.2011009297   0.8745567966   0.7415630797   
65       I1         0.4479365181   2.153882841    3.246093392    0.3419970723   0.5671904152   1.612189875    
66       I1         0.9657950803   2.327072205    3.885662293    0.6251937004   0.2052308283   1.852559487    
67       I1         0.8066862593   1.867335465    4.006081118    0.100521532    0.191096213    0.4377669169   
68       I1         0.4921449078   1.138117183    2.737443737    0.7102397642   0.9466801024   2.577071231    
69       I1         0.6363943388   1.823230549    2.544647477    0.333323562    0.4273640679   1.609455162    
70       I1         1.225710618    2.493927199    3.060427032    0.4191608878   0.356885533    0.9623445537   
71       I1         0.7579706501   1.952210491    4.04804838     0.9711978667   0.1849948652   2.577575392    
72       I1         0.9621420747   1.100195685    3.845312261    0.4393065005   0.6796230876   2.043880828    
73       I1         1.578140663    1.51774427     2.808007965    0.6177638289   0.4526974088   1.398099071    
74       I1         1.131380639    1.580142564    4.154857191    0.6350235686   0.941542642    2.055452008    
75       I1         0.4240566145   2.112643846    3.54214926     0.7047729654   0.1628758786   2.479101426    
76       I1         1.670202853    1.783104062    2.767248125    0.02088740981  0.7329755853   0.9465699572   
77       I1         1.505239601    2.51442489     3.574528517    0.2674938073   0.8350015658   0.5376427539   
78       I1         0.3177406747   2.267059179    4.297124512    0.8162194583   0.09677803858  2.683820487    
79       I1         1.492923017    2.397986451    3.024145158    0.5763089343   0.685109752    1.20559471     
80       I1         1.815934321    1.987294004    2.872825091    0.3617429562   0.01152641849  0.4689556245   
81       I1         0.9537959759   1.022174469    4.440692207    0.3703465277   0.2098740821   0.4137482009   
82       I1         1.324356168    2.288418569    2.976308004    0.6238800601   0.465508111    1.488524293    
83       I1         1.857817526    1.749257324    3.968111588    0.6318941159   0.3997498947   0.9153124143   
84       I1         1.933004722    2.091183159    2.57275019     0.2605007178   0.5517586627   0.7071846828   
85       I1         0.9314794921   1.664203842    2.518656767    0.282446083    0.7724180491   1.667702155    
86       I1         0.6729906473   2.623360368    4.20024087     0.7351553244   0.02016356509  2.377561426    
87       I1         1.987353195    2.50296565     3.048511995    0.07736213041  0.2087928288   0.5193852435   
88       I1         1.583172998    1.359935892    4.08083248     0.06864317479  0.6746964876   0.7428900825   
89       I1         1.085592975    1.558553607    3.100025495    0.3136359659   0.7943040718   1.664569307    
90       I1         1.82491466     2.637878489    2.702744019    0.941346387    0.7113755041   1.508770817    
91       I1         0.8480205554   1.005001595    3.593232741    0.4033144509   0.9087467498   2.27357432     
92       I1         1.404016156    2.538197415    2.925289364    0.9197970148   0.9379771955   1.962829543    
93       I1         0.6558687647   1.511267464    4.360787384    0.6010773471   0.9325752491   2.32707388     
94       I1         1.784835303    1.290716929    4.454172702    0.2528676024   0.03002443055  0.5183192972   
95       I1         1.464084269    1.219835666    3.373360849    0.368880236    0.6720925495   1.431703307    
96       I1         1.589566797    1.475532227    2.599265732    0.7558619954   0.1376139005   1.49436874     
97       I1         0.7805910733   1.618783662    3.954929593    0.8802523054   0.8629435835   2.493370626    
98       I1         1.690483718    1.109985789    2.875069965    0.9698528934   0.4780046208   1.7415832      
99       I1         1.347496987    1.259956569    3.992164059    0.3579996258   0.4692989556   1.157993397    
100      I1         1.107474017    2.512240563    2.719834169    0.3637232882   0.7659888071   1.10787168     
101      I1         1.031569625    2.635292786    3.190784844    0.5574533339   0.5611679837   1.608324905    
102      I1         0.3052678245   2.459660638    3.195114581    0.4751500174   0.06335144982  2.0688417      
103      I1         0.4859222711   2.462764673    3.674383694    0.3091048798   0.04916239375  0.8015945981   
104      I1         0.8114660747   2.175444903    4.077979364    0.4439054183   0.3251547208   1.499329016    
105      I1         1.811396034    2.232347639    3.920708269    0.2228202545   0.633732568    0.312920862    
106      I1         1.892783879    1.705854979    2.591160766    0.128473036    0.6568343862   0.8812940675   
107      I1         0.5625116465   1.169199313    2.528631855    0.4782339761   0.7855111937   2.327903515    
108      I1         1.288003539    1.794869922    4.13262006     0.4895793974   0.8435021733   1.636143476    
109      I1         0.4175703839   2.007974284    3.395581343    0.8287151901   0.9883526835   2.636762286    
110      I1         1.911398778    2.6877406      3.401677843    0.9264071911   0.279182846    1.319074743    
111      I1         1.186805977    2.226407977    3.439605621    0.8439753187   0.9527122088   2.097759274    
112      I1         1.23714383     2.324481988    3.385764139    0.9485655461   0.8928641198   2.170236903    
113      I1         1.444278275    1.487285369    4.406230546    0.1241161824   0.509737054    0.2387957606   
114      I1         1.144801891    1.563813263    3.156802105    0.152770079    0.6953665752   1.251363806    
115      I1         1.230764125    2.470183567    4.244486286    0.1397966434   0.6290082472   0.3460351037   
116      I1         0.3734655823   1.41831238     2.657896966    0.1205591682   0.9546232434   2.042253696    
117      I1         1.542088596    2.689725624    3.236266154    0.8130420474   0.537096675    1.570305154    
118      I1         0.6741398318   2.126531714    3.537894867    0.8661838949   0.4827215116   2.538510535    
119      I1         0.937441218    1.684763754    3.692109568    0.6968460319   0.2464161253   2.089750775    
120      I1         1.05919981     2.499003633    2.948627563    0.5788593947   0.5280954635   1.65351692     
121      I1         1.052531105    1.40414358     2.778552717    0.2944660222   0.2176088771   1.073441755    
122      I1         1.564016217    1.712391478    2.672121545    0.2398713653   0.1659209448   0.6684110463   
123      I1         0.6098356177   1.96163696     3.306796818    0.8742615238   0.7502055389   2.583176379    
124      I1         1.112249205    2.035421557    4.207658737    0.5112211774   0.4105007558   1.473972874    
125      I1         0.3443498047   1.461686529    4.095182904    0.3513967573   0.8969460614   2.194596084    
126      I1         0.9241843732   1.371707752    2.641115736    0.6742736568   0.1289259313   2.058395206    
127      I1         1.040563043    1.727952704    3.326822502    0.3027917464   0.4473012554   1.115835983    
128      I1         0.5570628343   1.763486224    3.717211402    0.3857637516   0.4435392042   1.728697709    
129      I1         1.254082153    2.680127378    3.63207404     0.7860742005   0.6515158266   1.875620215    
130      I1         0.8971714963   2.066444463    3.481052509    0.3374150785   0.2417438303   0.8834900722   
131      I1         0.4301140715   2.024418459    2.666142613    0.9805095429   0.8833437898   2.755777044    
132      I1         1.200518864    2.056057473    4.446948188    0.7262102806   0.3128979224   1.842034417    
133      I1         0.4737196634   1.802122459    4.218569711    0.7599331456   0.1890601572   2.540615452    
134      I1         0.3762842491   1.254938783    2.93227432     0.1423160262   0.3617422335   1.234626285    
135      I1         0.8239859326   2.254104281    2.895061716    0.2810816412   0.4707808031   1.064657362    
136      I1         0.5937185563   2.191445607    3.805383155    0.1569038732   0.7282635288   0.8152109256   
137      I1         1.712625696    1.423331016    4.264413472    0.4257638904   0.757544596    1.298265713    
138      I1         1.850647614    1.07842609     3.693600047    0.9614109575   0.2717204916   1.516452524    
139      I1         1.708819711    1.754827795    3.03564899     0.1493129      0.949165208    1.273837656    
140      I1         1.783188645    2.000874494    4.324691621    0.594645732    0.812421547    1.196774118    
141      I1         1.614376697    1.442057733    2.621126085    0.8314936832   0.1985287257   1.592775162    
142      I1         1.315604476    1.892177349    3.314757769    0.9462985109   0.5895334026   2.103926047    
143      I1         0.9821751427   1.607062876    2.941309496    0.676848485    0.4965381045   2.088535996    
144      I1         0.973829551    1.637809805    4.284302384    0.6817590328   0.3027026087   2.048935999    
145      I1         0.4304851418   1.865102614    2.955537223    0.6578579263   0.6360603293   2.411279171    
146      I1         0.5144262091   2.180520308    3.860473881    0.2089163743   0.2536875913   0.2635444021   
147      I1         0.6501714999   1.914040856    2.972977533    0.05814758281  0.8329797208   1.192885796    
148      I1         1.244751552    1.846727143    3.491418829    0.01761344909  0.8469582789   1.128868414    
149      I1         0.3285586371   1.105283673    3.510254339    0.5316747404   0.653742217    2.44523954     
150      I1         0.866175135    2.120810807    3.178457219    0.02456168552  0.02603853883  0.5540940469   
151      I1         1.758476031    2.547458364    3.756594181    0.2482968935   0.2271843178   0.4648724336   
152      I1         0.7074897604   1.623563135    2.674299496    0.7772854328   0.06784710513  2.388465787    
153      I1         1.51752088     1.061946202    4.172137493    0.2212320219   0.4874712745   0.3451194145   
154      I1         0.7482488826   1.368306792    3.087118066    0.5167904168   0.1201212604   1.836309001    
155      I1         0.5420655705   1.386281804    3.409406389    0.6558531331   0.6156617733   2.410586328    
156      I1         1.162721522    2.364682212    3.496524632    0.03765811168  0.2576233267   0.5479373352   
157      I1         1.488799289    2.353332986    3.287586518    0.5665403297   0.4242836668   1.094011711    
158      I1         0.7196277594   2.161198875    3.839459706    0.7246198575   0.172586491    2.304602183    
159      I1         1.069000019    1.806078942    4.135486143    0.3297835083   0.7449829453   1.480410531    
160      I1         0.4976089969   1.67081122     3.609136604    0.3947952275   0.3434151444   1.75992576     
161      I1         1.098367723    1.654378836    4.334839097    0.4360845678   0.9077946181   1.86388352     
162      I1         0.9080263691   2.37031698     2.789409178    0.04631572826  0.3414620436   0.4100576318   
163      I1         1.990996676    1.283147972    2.908180833    0.5377850523   0.9310201391   1.246807259    
164      I1         1.80468192     2.436423644    3.984371269    0.7156196559   0.7618330616   1.146350979    
165      I1         1.764753117    2.422904768    3.068165516    0.3205776368   0.7807575394   0.6539290085   
166      I1         1.301021493    2.555003389    2.992332302    0.9664733799   0.2819903394   2.128843167    
167      I1         0.7409346075   2.407301197    3.859167714    0.3961759723   0.320086903    1.18209472     
168      I1         1.382954783    1.457724002    2.996022772    0.4094759667   0.5927817656   1.399724534    
169      I1         1.518732135    1.995419009    3.639907075    0.7782062663   0.5982216018   1.628522372    
170      I1         0.9059262998   1.901955297    4.497385341    0.2421199327   0.9713532722   1.615942794    
171      I1         0.5369019975   1.146068176    3.006263884    0.3334357705   0.7193760053   2.17163252     
172      I1         1.651440729    1.693992783    2.538278452    0.2934147745   0.3787398946   0.9165907559   
173      I1         1.459552999    2.477854227    2.863239585    0.668142229    0.7373991272   1.43867213     
174      I1         1.141522265    1.303784423    3.253518959    0.2997027545   0.15576903     0.6520887497   
175      I1         1.365941496    2.447268904    3.647405117    0.5950280336   0.7289337692   1.382079324    
176      I1         1.081726666    2.29651723     4.371764867    0.7827888579   0.827400762    2.106447989    
177      I1         0.5212860984   2.488531847    3.357614425    0.1861942359   0.0890321183   0.3633127979   
178      I1         1.628908169    1.340093733    3.084757358    0.4313628953   0.06031807634  0.6037674907   
179      I1         1.275950592    1.545416253    3.667595332    0.7218329044   0.2999623596   1.777441636    
180      I1         0.4057035626   2.049813049    3.752344211    0.9378834073   0.5109124987   2.736235878    
181      I1         1.931563387    2.204138346    2.888551602    0.6890713407   0.3801969768   0.9586033525   
182      I1         1.101323509    1.605384842    3.91705676     0.4984778558   0.4023888976   1.575897821    
183      I1         1.250014581    1.732391951    2.85479035     0.4832078674   0.7516442785   1.640369284    
184      I1         1.682335925    2.27527896     3.847275111    0.2887668062   0.3380955784   0.3689130509   
185      I1         1.373481817    1.149679854    3.711363838    0.1094647061   0.8537564426   1.644539486    
186      I1         1.973053607    1.338449556    4.382333396    0.4844471541   0.9023741      1.206434559    
187      I1         1.479476688    1.930591487    4.153250314    0.7740396554   0.5642428646   1.665548007    
188      I1         0.8352697815   1.124789684    4.311366217    0.5249688643   0.3475140804   2.009853014    
189      I1         0.9744128914   2.594591468    4.278076749    0.6702249147   0.5735897937   1.958739051    
190      I1         0.8192857502   2.455724537    4.460416691    0.5035474146   0.5424318474   1.709372653    
191      I1         1.79550917     1.299671974    4.432868669    0.4156345467   0.4161493205   0.228707296    
192      I1         1.446335508    1.614103081    3.447680515    0.5699990112   0.3294683232   1.257609991    
193      I1         1.722002096    1.496423881    3.474362922    0.09380691351  0.7594634673   1.056755446    
194      I1         1.72488636     2.106105563    3.951384311    0.9169635703   0.1446908839   1.559830053    
195      I1         0.9931211435   2.074017228    2.804628639    0.4961993767   0.3045696348   1.561390387    
196      I1         1.205255055    2.306006852    4.196549783    0.07396129374  0.4852475744   0.4335185602   
197      I1         0.5489412889   1.643923416    3.516151248    0.1134234945   0.1311815475   0.3490961194   
198      I1         0.9989670997   1.346035666    3.362561772    0.1946010934   0.1214055083   0.2969711327   
199      I1         1.683075573    1.855932989    3.732907637    0.8351751549   0.5846141512   1.558269606    
200      I1         0.6996487793   2.372407311    3.469245654    0.7502022129   0.02848347457  2.37236985     
201      I1         0.4792202012   1.576814556    4.191135207    0.9063060078   0.8500911906   2.681995093    
202      I1         0.7856290043   1.772829532    2.741246095    0.2294786622   0.3632845532   1.113986679    
203      I1         0.36004142     1.034365161    3.868783827    0.3534372038   0.06917312631  1.228905457    
204      I1         1.062583374    1.266991593    3.898699169    0.08187029442  0.3909964414   0.255076821    
205      I1         0.872472806    2.016681234    2.681218689    0.1985720714   0.3509214385   0.8699526275   
206      I1         1.998319731    1.181177565    2.906036344    0.8202279181   0.5544699285   1.187640932    
207      I1         1.557081237    1.720055247    2.757391787    0.6923296241   0.8857831008   1.69060825     
208      I1         1.221021649    2.165513297    2.693563229    0.78766895     0.182428131    1.921362487    
209      I1         0.3902345162   2.23575481     3.223508307    0.4149177055   0.05394717492  1.758760077    
210      I1         1.88843912     1.502985028    3.217801873    0.5006140939   0.6961344583   1.099842535    
211      I1         0.5014862514   2.141465459    2.576428011    0.127562032    0.2340491312   0.7306529032   
212      I1         0.6609580598   1.051939886    3.151201792    0.7300191398   0.9170078746   2.523313117    
213      I1         1.359382799    2.35817213     4.166435226    0.7426416074   0.1790726062   1.633933701    
214      I1         1.600285292    1.875005895    4.374703127    0.6478459703   0.2935083771   1.186326623    
215      I1         1.832347989    1.046458867    4.393020831    0.3438077843   0.07719894133  0.4211901615   
216      I1         1.005887567    1.972364014    4.02533537     0.8096779854   0.2025505396   2.210123662    
217      I1         1.015064302    1.120258727    3.427281611    0.5279734897   0.2751800928   1.74116448     
218      I1         1.498235502    1.975972814    4.180923743    0.05106478175  0.4326145925   0.4266423512   
219      I1         0.460359321    1.740200609    3.665054857    0.8583340564   0.964709477    2.647212738    
220      I1         1.881864559    1.629118409    4.028099965    0.1033801179   0.220584488    0.5305332208   
221      I1         0.6218146609   2.381482366    4.43791119     0.5227558373   0.7054546704   1.979769953    
222      I1         1.775966423    2.668874854    4.353231216    0.6853682706   0.5312512202   1.004710561    
223      I1         1.618362611    1.374843451    4.222988627    0.7000810092   0.714725534    1.595677017    
224      I1         1.212023774    1.648557062    2.520144982    0.3140481537   0.5760678983   1.380652801    
225      I1         1.117992494    2.480325566    2.915172285    0.9014394052   0.5329572475   2.21346789     
226      I1         1.748286095    2.402522684    4.25617578     0.2137834302   0.4123488404   0.4388630408   
227      I1         1.296228928    1.47684756     4.237773043    0.6646589952   0.5475262182   1.788321153    
228      I1         1.467821931    1.201716412    4.068233866    0.2626567102   0.7841465648   1.514729287    
229      I1         0.8535962471   2.578719527    4.037871506    0.1586357021   0.5031211313   0.3195193931   
230      I1         0.6263816946   1.550618968    3.888104274    0.06244660579  0.9142553178   1.737214155    
231      I1         1.915915018    1.522818988    2.830048849    0.3203010297   0.6994658029   1.003961996    
232      I1         1.868473146    1.425525521    3.961198443    0.2749906241   0.08285317218  0.4646261555   
233      I1         1.608771412    2.318754595    4.421940351    0.9033250825   0.6208331469   1.697772849    
234      I1         0.408544849    1.327864414    3.164319841    0.3832702037   0.4484366104   1.987876218    
235      I1         1.381827444    2.148702014    2.687332496    0.4563962076   0.7468992355   1.271335226    
236      I1         1.908649771    2.298393316    2.797400905    0.3240121076   0.7171644045   0.6874719735   
237      I1         0.4689079693   1.880140909    3.349998568    0.2506824008   0.8820383405   1.723511441    
238      I1         1.3490471      2.619524521    3.617691695    0.03599679946  0.10346091     0.6502773786   
239      I1         0.519434217    2.309147292    3.794201365    0.768180211    0.7991067335   2.518094498    
240      I1         1.740831827    2.629135782    2.815005329    0.8700867974   0.9584592573   1.49623635     
241      I1         1.395449208    1.941346502    3.056453917    0.1448942896   0.6270359666   0.7962882703   
242      I1         0.7675012623   1.850722746    3.819235255    0.5617577824   0.8759965862   2.121283316    
243      I1         1.730353726    2.037781874    3.014647514    0.05397155562  0.09428000369  0.4801814515   
244      I1         1.870099175    1.173806576    3.18661111     0.5638427568   0.6425564559   1.164886611    
245      I1         1.406987481    1.090187553    3.128993032    0.7065912886   0.622309483    1.834204531    
246      I1         1.303370076    1.57146601     4.105667461    0.8644663599   0.3148766168   2.017851801    
247      I1         0.6677877611   1.985846631    3.938366512    0.5394486182   0.05124040972  1.968335299    
248      I1         1.559430362    1.400965242    2.50197392     0.4223373309   0.1065470813   1.017275685    
249      I1         1.592116285    1.448917371    3.27268924     0.3908718751   0.7898699603   1.444763567    
250      I1         1.574434238    1.084743497    3.03283948     0.6948103972   0.08592714136  1.293374466    
251      I1         1.310439953    1.950323918    4.109591472    0.6160442773   0.5233939486   1.568934334    
252      I1         0.8414926297   1.197083982    2.635728609    0.7522225039   0.8581902132   2.397212904    
253      I1         1.69721588     2.333158098    3.788768941    0.7134540686   0.9751072237   1.375715536    
254      I1         0.8936899455   1.072841677    3.260898568    0.8487916483   0.2851235629   2.376299116    
255      I1         0.6881199015   2.201317947    3.296963637    0.2053694139   0.7707287291   1.115150143    
256      I1         1.428226823    2.081967787    3.876091411    0.5540566055   0.805928482    1.438440361    
257      I1         1.415755904    1.527044211    3.33756519     0.1603838599   0.3355639597   0.3974892561   
258      I1         1.012847891    1.322749343    3.979006456    0.1822568941   0.1739787854   0.2973180342   
259      I1         0.5303073602   2.282828503    4.266933182    0.1752551528   0.9830281785   1.230931376    
260      I1         1.538629173    1.597078326    3.20471397     0.8055794563   0.5857182627   1.711757092    
261      I1         0.600299416    2.432352504    3.461227053    0.1911231965   0.5565208168   0.5699114926   
262      I1         1.182398971    1.790683409    2.581990262    0.9569122946   0.6396143959   2.231922389    
263      I1         1.979905971    1.265502074    3.112754433    0.8012678524   0.8604976298   1.292736222    
264      I1         1.948251375    1.437335597    3.64216882     0.8532681676   0.2877460165   1.176980365    
265      I1         1.280854117    2.58541142     3.735029668    0.4583877322   0.2602711335   0.6176525365   
266      I1         0.728718011    1.162088808    4.053596237    0.0138220575   0.6438213597   1.45563843     
267      I1         1.177159204    1.937680794    3.59973603     0.3991976672   0.1177522271   0.6186231536   
268      I1         1.269443469    1.015258679    4.314317134    0.5475402506   0.5788924596   1.785287673    
269      I1         1.507471669    1.469167139    2.965447787    0.5852573008   0.836560833    1.698891994    
270      I1         1.921550885    1.239487442    4.48415467     0.4476728921   0.3700228634   0.2449965803   
271      I1         0.4360475337   1.919140271    4.357918419    0.02682032949  0.603556501    0.2421961385   
272      I1         1.076181637    2.013724513    3.742895652    0.1060554789   0.1250539843   0.4971580086   
273      I1         1.216061424    1.236657754    4.415591986    0.6465402684   0.4067010932   1.822609873    
274      I1         1.092924469    1.591783969    4.125732872    0.09506460568  0.4543216541   0.2535642822   
275      I1         1.822802265    1.831704451    3.771107536    0.2729217598   0.8887746462   1.081407761    
276      I1         1.738002296    2.129963821    3.443101497    0.1869733362   0.3331156004   0.4009048515   
277      I1         0.8789505393   1.248939516    3.526345781    0.3476104215   0.6084285145   1.812320294    
278      I1         0.6957140961   2.086270055    3.229890596    0.1339867501   0.5694610568   0.7089575383   
279      I1         0.7957480231   2.171886984    3.27858566     0.7362907138   0.2156810159   2.259836343    
280      I1         1.901462023    1.213851171    3.721320857    0.9575132077   0.1117894441   1.425166655    
281      I1         1.046500615    2.413440626    3.549718539    0.07083899011  0.807958624    0.4539970243   
282      I1         0.6847636401   1.186086906    2.605669016    0.7390744977   0.9372722994   2.496345746    
283      I1         1.452181115    1.024249216    3.251077035    0.2366521052   0.01337837752  0.3547491371   
284      I1         0.3107108767   1.90839714     4.413056666    0.8399888113   0.5185026592   2.691613855    
285      I1         0.8563423004   1.81166574     2.83496418     0.1156888522   0.3073840553   0.6711296822   
286      I1         1.876269462    1.382261558    3.45754666     0.6112363957   0.05784624219  0.569161461    
287      I1         1.389904313    2.660330014    2.726943377    0.5353698492   0.07391524674  1.057101172    
288      I1         1.266159008    2.262234132    3.168104999    0.2578996488   0.136307493    0.3596953383   
289      I1         1.937686949    1.767639995    4.328839539    0.3745234011   0.01958054421  0.4590508331   
290      I1         0.719191177    1.588301778    2.612978149    0.9308505921   0.9190928976   2.573539938    
291      I1         0.3131261282   1.276145037    4.397440051    0.6022610977   0.5429176497   2.459851721    
292      I1         0.5783994492   2.600075591    2.885188013    0.507708016    0.4931008605   1.939184009    
293      I1         1.674256652    2.572289077    4.469608268    0.2345873294   0.6631821369   0.3546056826   
294      I1         1.701964074    1.899072277    3.563084631    0.06021600091  0.7761797963   0.6997800051   
295      I1         0.8313026433   2.530528148    3.097604414    0.7968582963   0.1081480773   2.326984814    
296      I1         0.7603459946   2.208117891    3.554404698    0.5748104646   0.8689908005   2.047331125    
297      I1         0.3949104709   1.206270639    4.012869763    0.7479293057   0.5953864639   2.611189306    
298      I1         0.7461268417   1.353113064    4.340212492    0.588488354    0.5056121611   2.200664138    
299      I1         0.5744913194   2.644110444    3.571354347    0.2175845276   0.3533398499   0.3669228903   
300      I1         0.787877155    2.590534515    3.624777989    0.4528106755   0.607010724    1.565557531    
301      I1         1.999870447    1.193164152    4.27732053     0.2033561957   0.4789391861   0.330638233    
302      I1         1.99961134     2.69961134     3.832876086    0.01007468374  0.6631092821   0.5281377022   
303      I1         1.055166895    1.567055327    4.499847584    0.2275537266   0.3368907179   0.2046666752   
304      I1         1.559129706    2.69961134     4.449245542    0.409035208    0.2275537266   0.2990508668   
305      I1         0.3501371742   2.322610882    4.499847584    0.02635573845  0.5891723823   0.3988235668   
306      I1         1.999870447    1.63001829     4.499542753    0.3911111111   0.423822588    0.2950954329   
307      I1         1.474142661    1.000129553    3.997485139    0.1025331504   0.3969364426   0.2670742097   
308      I1         0.8667962201   1.911408322    4.27732053     0.2006675812   0.397384545    0.204131702    
309      I1         1.433721994    1.56679622     4.499542753    0.3610882487   0.140173754    0.2746099871   
310      I1         1.433462887    1.441129401    4.130086877    0.1585459534   0.4511568358   0.2419938374   
311      I1         1.99961134     2.69961134     3.833790581    0.4457796068   0.01007468374  0.4118149741   
312      I1         1.99961134     1.567055327    3.833790581    0.491486054    0.01007468374  0.3647150163   
313      I1         1.433721994    2.699870447    3.743255601    0.2203840878   0.573040695    0.3511258177   
314      I1         1.433462887    1.944055784    4.401691815    0.2208321902   0.4820759031   0.2612544703   
315      I1         1.99961134     1.567055327    3.833790581    0.01007468374  0.4457796068   0.4556439783   
316      I1         1.433462887    2.4065615      3.907864655    0.3368907179   0.04652034751  0.3253232155   
317      I1         1.055944216    1.944055784    4.05540314     0.2275537266   0.3368907179   0.2353725992   
318      I1         1.724439872    1.56679622     4.499542753    0.4157567444   0.2638500229   0.2555286472   
319      I1         0.6776482244   1.755944216    4.055098308    0.224865112    0.1186648377   0.2796077829   
320      I1         1.118648072    1.567055327    4.310242341    0.1890169182   0.4457796068   0.1996349078   
321      I1         1.244573998    1.818907179    4.233424783    0.1737814358   0.4865569273   0.2351218734   
322      I1         1.835596708    1.567055327    4.499847584    0.3001463192   0.4457796068   0.2740291475   
323      I1         1.999870447    2.132944673    4.499542753    0.17826246     0.602615455    0.383143549    
324      I1         1.999870447    2.69961134     3.832876086    0.3005944216   0.6268129858   0.3910394395   
325      I1         1.999870447    2.636648377    3.676497485    0.1764700503   0.6631092821   0.4312410735   
326      I1         1.496684957    2.699870447    4.019433013    0.3781161408   0.2275537266   0.289927729    
327      I1         0.8033150434   1.472222222    4.05540314     0.2154549611   0.3001463192   0.2437536332   
328      I1         1.622351776    2.133721994    4.067901235    0.4462277092   0.07026977595  0.2770643267   
329      I1         1.999870447    2.69961134     4.499542753    0.5318152721   0.01022405121  0.3527962119   
330      I1         1.99961134     2.699870447    4.249885688    0.4977594879   0.2212802926   0.3462340448   
331      I1         1.999870447    1.881092821    3.833790581    0.2275537266   0.4901417467   0.3606756303   
332      I1         1.621833562    2.321833562    4.071559214    0.4091845755   0.1769181527   0.295342328    
333      I1         1.630384088    2.699870447    4.232510288    0.4578783722   0.1186648377   0.2753622669   
334      I1         1.433462887    2.132944673    3.981938729    0.213214449    0.5183721994   0.2744459148   
335      I1         1.999870447    2.69961134     3.833790581    0.5833470508   0.04203932327  0.2934763876   
336      I1         1.999870447    2.322610882    3.833790581    0.5542203932   0.01022405121  0.3173236306   
337      I1         1.999870447    2.69961134     2.500457247    0.228001829    0.01022405121  0.3921247539   
338      I1         1.202080476    2.699870447    3.414037494    0.05861911294  0.6631092821   0.4288338531   
339      I1         1.810722451    2.699870447    4.080704161    0.5340557842   0.1213534522   0.2638956678   
340      I1         1.470256059    1.00038866     4.499847584    0.1661636946   0.4708733425   0.218444651    
341      I1         1.460928212    2.699870447    3.833790581    0.05144947417  0.8759579332   0.3740113276   
342      I1         0.8667962201   2.510722451    3.397576589    0.140173754    0.3610882487   0.3412988014   
343      I1         1.99961134     2.133721994    3.167123914    0.01007468374  0.4457796068   0.4440347936   
344      I1         1.307018747    2.69961134     2.721764975    0.1791586648   0.01007468374  0.3554968806   
345      I1         1.337334248    1.189277549    4.278235025    0.01007468374  0.3368907179   0.3998247912   
346      I1         1.698788294    1.00038866     4.499847584    0.1540649291   0.5255418381   0.2326616642   
347      I1         1.433721994    2.132944673    4.499542753    0.01007468374  0.6268129858   0.3684988056   
348      I1         0.4885002286   2.552697759    4.055098308    0.1914067977   0.1536168267   0.326320505    
349      I1         1.999870447    2.69961134     3.167123914    0.292528578    0.3651211706   0.4054014319   
350      I1         0.4667352538   1.870210334    4.499542753    0.04637098003  0.5174759945   0.276865397    
351      I1         1.433721994    2.69961134     3.833180918    0.3046273434   0.4457796068   0.3060073203   
352      I1         1.496684957    2.69961134     3.166209419    0.2575765889   0.01007468374  0.3707115073   
353      I1         1.621833562    2.69961134     2.500457247    0.01007468374  0.01022405121  0.4846717924   
354      I1         1.43320378     1.00038866     3.462505716    0.01022405121  0.01022405121  0.6594796392   
355      I1         1.202857796    1.314426155    4.055707971    0.1410699588   0.4215820759   0.2268567912   
356      I1         0.8662780064   1.881092821    3.981329066    0.1912574303   0.4023136717   0.218978527    
357      I1         1.642821216    1.944314891    3.911522634    0.1231458619   0.5407773205   0.3122541589   
358      I1         0.8662780064   1.1760631      3.833485749    0.06130772748  0.2073891175   0.3912823085   
359      I1         1.727549154    2.385573845    4.499847584    0.4955189758   0.1451028807   0.268637183    
360      I1         1.999870447    2.06998171     4.129172382    0.5542203932   0.1365889346   0.3001919461   
361      I1         1.810981558    1.629240969    4.499542753    0.5179240969   0.01022405121  0.2965340343   
362      I1         1.622610882    1.56679622     4.27732053     0.4457796068   0.09536351166  0.2656492688   
363      I1         1.558870599    1.252240512    4.499847584    0.1863283036   0.4932784636   0.2270899293   
364      I1         1.999870447    2.69961134     4.229766804    0.2275537266   0.8472793781   0.3595097756   
365      I1         1.433721994    2.699870447    3.833790581    0.1410699588   0.8082944673   0.3420674937   
366      I1         1.685573845    1.000129553    4.27732053     0.1639231824   0.465048011    0.2522417565   
367      I1         1.999870447    1.188500229    3.240283493    0.01022405121  0.01022405121  0.6146345742   
368      I1         1.99961134     1.00038866     3.610653864    0.1724371285   0.01007468374  0.5750283931   
369      I1         1.433721994    1.567055327    3.759716507    0.3032830361   0.01007468374  0.3643163334   
370      I1         1.810722451    1.021376315    4.499847584    0.3745313214   0.3364426155   0.254476809    
371      I1         1.999870447    1.189277549    4.499542753    0.5542203932   0.01022405121  0.3298769799   
372      I1         1.433721994    2.699870447    2.500457247    0.1554092364   0.2486145405   0.4049328356   
373      I1         1.811240665    1.168289895    4.499542753    0.4699771376   0.1428623685   0.2820162874   
374      I1         1.999870447    1.755166895    4.499542753    0.602615455    0.01022405121  0.2901838496   
375      I1         1.433462887    1.00038866     4.499542753    0.3731870142   0.1379332419   0.2426014102   
376      I1         1.591518061    1.188500229    4.499847584    0.4157567444   0.2123182442   0.226628857    
377      I1         1.433721994    2.69961134     3.228395062    0.227703094    0.3731870142   0.3410500225   
378      I1         1.496684957    1.004275263    4.475765889    0.1186648377   0.4938759335   0.2267142214   
379      I1         1.999870447    1.00038866     4.499542753    0.01022405121  0.4457796068   0.4384688013   
380      I1         1.99961134     1.00038866     3.167123914    0.01007468374  0.3256881573   0.3985794318   
381      I1         1.433462887    1.00038866     3.339048925    0.01022405121  0.3225514403   0.3261620005   
382      I1         1.715889346    1.153520805    4.203246456    0.4214327084   0.1787105624   0.261684109    
383      I1         1.370240817    1.189277549    4.426383173    0.1567535437   0.5008962048   0.2308553791   
384      I1         0.9922039323   2.133721994    3.166209419    0.1912574303   0.01007468374  0.3161412947   
385      I1         1.810722451    1.4978738      4.278235025    0.5179240969   0.1189635726   0.2543729815   
386      I1         1.716666667    2.134499314    4.148376772    0.508513946    0.1189635726   0.248845706    
387      I1         1.685573845    2.511499771    4.499847584    0.3440603567   0.4820759031   0.3183739605   
388      I1         1.999870447    2.69961134     3.833790581    0.4811796982   0.5143392775   0.303798121    
389      I1         1.937425697    1.944833105    4.499847584    0.4632556013   0.4820759031   0.2497834876   
390      I1         1.621833562    1.377389118    3.167123914    0.01007468374  0.2638500229   0.3919363417   
391      I1         1.433462887    1.188500229    3.46342021     0.1603383631   0.01022405121  0.4842704838   
392      I1         1.433462887    1.441129401    3.610653864    0.06130772748  0.4157567444   0.2981582364   
393      I1         0.6776482244   1.839894833    4.27732053     0.2235208048   0.3731870142   0.2283628279   
394      I1         0.65666057     2.133721994    3.709419296    0.1787105624   0.1419661637   0.3097333016   
395      I1         1.810722451    1.588042981    4.499542753    0.227703094    0.5542203932   0.2527278633   
396      I1         1.810981558    1.944833105    4.499542753    0.3364426155   0.5250937357   0.2568237644   
397      I1         1.810722451    2.132944673    4.056012803    0.3365919829   0.5089620485   0.2820608682   
398      I1         1.796730681    1.567055327    4.499847584    0.1191129401   0.5300228624   0.3047780222   
399      I1         1.999870447    2.69961134     4.499542753    0.01022405121  0.01022405121  0.7778448666   
400      I1         1.082373114    2.531710105    3.833180918    0.2271056241   0.4457796068   0.2818478808   
%eval_id interface log__t_efold_shallow log__t_efold_soil log__t_efold_karst f_exfiltration_shallow f_exfiltration_soil neg_kge        
401      I1         1.118648072    1.567055327    4.310242341    0.1890169182   0.4457796068   0.1996349078   
402      I1         1.288648072    1.567055327    4.310242341    0.1890169182   0.4457796068   0.2218585627   
403      I1         1.118648072    1.737055327    4.310242341    0.1890169182   0.4457796068   0.2156868848   
404      I1         1.118648072    1.567055327    4.310242341    0.2870169182   0.4457796068   0.3074740129   
405      I1         1.118648072    1.567055327    4.310242341    0.1890169182   0.5437796068   0.2939959135   
406      I1         0.9486480719   1.567055327    4.310242341    0.1890169182   0.4457796068   0.1958225929   
407      I1         1.118648072    1.397055327    4.310242341    0.1890169182   0.4457796068   0.2082313431   
408      I1         1.118648072    1.567055327    4.110242341    0.1890169182   0.4457796068   0.2118594651   
409      I1         1.118648072    1.567055327    4.310242341    0.09101691815  0.4457796068   0.2697284753   
410      I1         1.118648072    1.567055327    4.310242341    0.1890169182   0.3477796068   0.2506267212   
411      I1         1.203648072    1.567055327    4.310242341    0.1890169182   0.4457796068   0.2091905278   
412      I1         1.118648072    1.652055327    4.310242341    0.1890169182   0.4457796068   0.2054640732   
413      I1         1.118648072    1.567055327    4.410242341    0.1890169182   0.4457796068   0.2020665048   
414      I1         1.118648072    1.567055327    4.310242341    0.2380169182   0.4457796068   0.2153472339   
415      I1         1.118648072    1.567055327    4.310242341    0.1890169182   0.4947796068   0.2199672726   
416      I1         1.033648072    1.567055327    4.310242341    0.1890169182   0.4457796068   0.1945876478   
417      I1         1.118648072    1.482055327    4.310242341    0.1890169182   0.4457796068   0.2006188166   
418      I1         1.118648072    1.567055327    4.210242341    0.1890169182   0.4457796068   0.2309020305   
419      I1         1.118648072    1.567055327    4.310242341    0.1400169182   0.4457796068   0.228146659    
420      I1         1.118648072    1.567055327    4.310242341    0.1890169182   0.3967796068   0.2181882516   
421      I1         1.033648072    1.652055327    4.310242341    0.1890169182   0.4457796068   0.1950233468   
422      I1         1.033648072    1.567055327    4.410242341    0.1890169182   0.4457796068   0.1982079898   
423      I1         1.033648072    1.567055327    4.310242341    0.2380169182   0.4457796068   0.2415006186   
424      I1         1.033648072    1.567055327    4.310242341    0.1890169182   0.4947796068   0.2307728247   
425      I1         1.033648072    1.482055327    4.310242341    0.1890169182   0.4457796068   0.2024518855   
426      I1         1.033648072    1.567055327    4.210242341    0.1890169182   0.4457796068   0.2397743378   
427      I1         1.033648072    1.567055327    4.310242341    0.1400169182   0.4457796068   0.2153424749   
428      I1         1.033648072    1.567055327    4.310242341    0.1890169182   0.3967796068   0.2030308798   
429      I1         1.076148072    1.567055327    4.310242341    0.1890169182   0.4457796068   0.1964542533   
430      I1         1.033648072    1.609555327    4.310242341    0.1890169182   0.4457796068   0.1938075726   
431      I1         1.033648072    1.567055327    4.360242341    0.1890169182   0.4457796068   0.2181651266   
432      I1         1.033648072    1.567055327    4.310242341    0.2135169182   0.4457796068   0.2047476512   
433      I1         1.033648072    1.567055327    4.310242341    0.1890169182   0.4702796068   0.2064487369   
434      I1         0.9911480719   1.567055327    4.310242341    0.1890169182   0.4457796068   0.1941695432   
435      I1         1.033648072    1.524555327    4.310242341    0.1890169182   0.4457796068   0.1975631031   
436      I1         1.033648072    1.567055327    4.260242341    0.1890169182   0.4457796068   0.2134627051   
437      I1         1.033648072    1.567055327    4.310242341    0.1645169182   0.4457796068   0.1997688342   
438      I1         1.033648072    1.567055327    4.310242341    0.1890169182   0.4212796068   0.1944737288   
439      I1         1.076148072    1.609555327    4.310242341    0.1890169182   0.4457796068   0.1972502555   
440      I1         1.033648072    1.609555327    4.360242341    0.1890169182   0.4457796068   0.212433604    
441      I1         1.033648072    1.609555327    4.310242341    0.2135169182   0.4457796068   0.1982198616   
442      I1         1.033648072    1.609555327    4.310242341    0.1890169182   0.4702796068   0.2004956384   
443      I1         0.9911480719   1.609555327    4.310242341    0.1890169182   0.4457796068   0.1916373103   
444      I1         1.033648072    1.609555327    4.260242341    0.1890169182   0.4457796068   0.2083129635   
445      I1         1.033648072    1.609555327    4.310242341    0.1645169182   0.4457796068   0.2039594536   
446      I1         1.033648072    1.609555327    4.310242341    0.1890169182   0.4212796068   0.1977247751   
447      I1         0.9911480719   1.652055327    4.310242341    0.1890169182   0.4457796068   0.191279584    
448      I1         0.9911480719   1.609555327    4.360242341    0.1890169182   0.4457796068   0.2142751496   
449      I1         0.9911480719   1.609555327    4.310242341    0.2135169182   0.4457796068   0.2038741766   
450      I1         0.9911480719   1.609555327    4.310242341    0.1890169182   0.4702796068   0.2022500189   
451      I1         0.9486480719   1.609555327    4.310242341    0.1890169182   0.4457796068   0.1908887628   
452      I1         0.9911480719   1.609555327    4.260242341    0.1890169182   0.4457796068   0.2096953298   
453      I1         0.9911480719   1.609555327    4.310242341    0.1645169182   0.4457796068   0.1985961373   
454      I1         0.9911480719   1.609555327    4.310242341    0.1890169182   0.4212796068   0.1923262377   
455      I1         0.9486480719   1.652055327    4.310242341    0.1890169182   0.4457796068   0.1888349532   
456      I1         0.9486480719   1.609555327    4.360242341    0.1890169182   0.4457796068   0.2188541844   
457      I1         0.9486480719   1.609555327    4.310242341    0.2135169182   0.4457796068   0.2152549232   
458      I1         0.9486480719   1.609555327    4.310242341    0.1890169182   0.4702796068   0.2054017297   
459      I1         0.9061480719   1.609555327    4.310242341    0.1890169182   0.4457796068   0.1942396055   
460      I1         0.9486480719   1.609555327    4.260242341    0.1890169182   0.4457796068   0.2128947629   
461      I1         0.9486480719   1.609555327    4.310242341    0.1645169182   0.4457796068   0.1940136195   
462      I1         0.9486480719   1.609555327    4.310242341    0.1890169182   0.4212796068   0.1880162096   
463      I1         0.9486480719   1.652055327    4.310242341    0.1890169182   0.4212796068   0.1904197861   
464      I1         0.9486480719   1.609555327    4.360242341    0.1890169182   0.4212796068   0.2037687761   
465      I1         0.9486480719   1.609555327    4.310242341    0.2135169182   0.4212796068   0.1960638696   
466      I1         0.9061480719   1.609555327    4.310242341    0.1890169182   0.4212796068   0.1850919096   
467      I1         0.9486480719   1.567055327    4.310242341    0.1890169182   0.4212796068   0.1874121719   
468      I1         0.9486480719   1.609555327    4.260242341    0.1890169182   0.4212796068   0.1998846286   
469      I1         0.9486480719   1.609555327    4.310242341    0.1645169182   0.4212796068   0.2028243538   
470      I1         0.9486480719   1.609555327    4.310242341    0.1890169182   0.3967796068   0.194405524    
471      I1         0.9061480719   1.694555327    4.310242341    0.1890169182   0.4212796068   0.1887667403   
472      I1         0.9061480719   1.609555327    4.410242341    0.1890169182   0.4212796068   0.1888791739   
473      I1         0.9061480719   1.609555327    4.310242341    0.2380169182   0.4212796068   0.2465994537   
474      I1         0.9061480719   1.609555327    4.310242341    0.1890169182   0.4702796068   0.2153299858   
475      I1         0.8211480719   1.609555327    4.310242341    0.1890169182   0.4212796068   0.1951682275   
476      I1         0.9061480719   1.524555327    4.310242341    0.1890169182   0.4212796068   0.1970350473   
477      I1         0.9061480719   1.609555327    4.210242341    0.1890169182   0.4212796068   0.2314227775   
478      I1         0.9061480719   1.609555327    4.310242341    0.1400169182   0.4212796068   0.2191203334   
479      I1         0.9061480719   1.609555327    4.310242341    0.1890169182   0.3722796068   0.1988754357   
480      I1         0.9061480719   1.652055327    4.310242341    0.1890169182   0.4212796068   0.1860704041   
481      I1         0.9061480719   1.609555327    4.360242341    0.1890169182   0.4212796068   0.2095030391   
482      I1         0.9061480719   1.609555327    4.310242341    0.2135169182   0.4212796068   0.2053774666   
483      I1         0.8636480719   1.609555327    4.310242341    0.1890169182   0.4212796068   0.1891605125   
484      I1         0.9061480719   1.567055327    4.310242341    0.1890169182   0.4212796068   0.1897365206   
485      I1         0.9061480719   1.609555327    4.260242341    0.1890169182   0.4212796068   0.2041159838   
486      I1         0.9061480719   1.609555327    4.310242341    0.1645169182   0.4212796068   0.1968053268   
487      I1         0.9061480719   1.609555327    4.310242341    0.1890169182   0.3967796068   0.1885977667   
488      I1         0.9273980719   1.609555327    4.310242341    0.1890169182   0.4212796068   0.1863657957   
489      I1         0.9061480719   1.630805327    4.310242341    0.1890169182   0.4212796068   0.1853454819   
490      I1         0.9061480719   1.609555327    4.335242341    0.1890169182   0.4212796068   0.1811033698   
491      I1         0.9061480719   1.609555327    4.310242341    0.2012669182   0.4212796068   0.1924187646   
492      I1         0.9061480719   1.609555327    4.310242341    0.1890169182   0.4335296068   0.1881118061   
493      I1         0.8848980719   1.609555327    4.310242341    0.1890169182   0.4212796068   0.1867962686   
494      I1         0.9061480719   1.588305327    4.310242341    0.1890169182   0.4212796068   0.1869528712   
495      I1         0.9061480719   1.609555327    4.285242341    0.1890169182   0.4212796068   0.1933232944   
496      I1         0.9061480719   1.609555327    4.310242341    0.1767669182   0.4212796068   0.1890591225   
497      I1         0.9061480719   1.609555327    4.310242341    0.1890169182   0.4090296068   0.1857625949   
498      I1         0.9273980719   1.609555327    4.335242341    0.1890169182   0.4212796068   0.1832812457   
499      I1         0.9061480719   1.630805327    4.335242341    0.1890169182   0.4212796068   0.1824637251   
500      I1         0.9061480719   1.609555327    4.360242341    0.1890169182   0.4212796068   0.2095030391   
501      I1         0.9061480719   1.609555327    4.335242341    0.2012669182   0.4212796068   0.1828066274   
502      I1         0.9061480719   1.609555327    4.335242341    0.1890169182   0.4335296068   0.1803824887   
503      I1         0.8848980719   1.609555327    4.335242341    0.1890169182   0.4212796068   0.1799642607   
504      I1         0.9061480719   1.588305327    4.335242341    0.1890169182   0.4212796068   0.1801794771   
505      I1         0.9061480719   1.609555327    4.335242341    0.1767669182   0.4212796068   0.1882065805   
506      I1         0.9061480719   1.609555327    4.335242341    0.1890169182   0.4090296068   0.1841373274   
507      I1         0.8848980719   1.630805327    4.335242341    0.1890169182   0.4212796068   0.1802667998   
508      I1         0.8848980719   1.609555327    4.360242341    0.1890169182   0.4212796068   0.2137244846   
509      I1         0.8848980719   1.609555327    4.335242341    0.2012669182   0.4212796068   0.185318086    
510      I1         0.8848980719   1.609555327    4.335242341    0.1890169182   0.4335296068   0.1814890881   
511      I1         0.8636480719   1.609555327    4.335242341    0.1890169182   0.4212796068   0.1812923104   
512      I1         0.8848980719   1.588305327    4.335242341    0.1890169182   0.4212796068   0.1812857341   
513      I1         0.8848980719   1.609555327    4.335242341    0.1767669182   0.4212796068   0.1854809584   
514      I1         0.8848980719   1.609555327    4.335242341    0.1890169182   0.4090296068   0.1815275336   
515      I1         0.8955230719   1.609555327    4.335242341    0.1890169182   0.4212796068   0.1801416459   
516      I1         0.8848980719   1.620180327    4.335242341    0.1890169182   0.4212796068   0.1797003853   
517      I1         0.8848980719   1.609555327    4.347742341    0.1890169182   0.4212796068   0.2205565071   
518      I1         0.8848980719   1.609555327    4.335242341    0.1951419182   0.4212796068   0.1819589282   
519      I1         0.8848980719   1.609555327    4.335242341    0.1890169182   0.4274046068   0.180384323    
520      I1         0.8742730719   1.609555327    4.335242341    0.1890169182   0.4212796068   0.180578107    
521      I1         0.8848980719   1.598930327    4.335242341    0.1890169182   0.4212796068   0.180545067    
522      I1         0.8848980719   1.609555327    4.322742341    0.1890169182   0.4212796068   0.1830258387   
523      I1         0.8848980719   1.609555327    4.335242341    0.1828919182   0.4212796068   0.1818676539   
524      I1         0.8848980719   1.609555327    4.335242341    0.1890169182   0.4151546068   0.1801707529   
525      I1         0.8955230719   1.620180327    4.335242341    0.1890169182   0.4212796068   0.1806825231   
526      I1         0.8848980719   1.630805327    4.335242341    0.1890169182   0.4212796068   0.1802667998   
527      I1         0.8848980719   1.620180327    4.347742341    0.1890169182   0.4212796068   0.2179361428   
528      I1         0.8848980719   1.620180327    4.335242341    0.1951419182   0.4212796068   0.1811324856   
529      I1         0.8848980719   1.620180327    4.335242341    0.1890169182   0.4274046068   0.1796566959   
530      I1         0.8742730719   1.620180327    4.335242341    0.1890169182   0.4212796068   0.1800408954   
531      I1         0.8848980719   1.620180327    4.322742341    0.1890169182   0.4212796068   0.1822872192   
532      I1         0.8848980719   1.620180327    4.335242341    0.1828919182   0.4212796068   0.182677017    
533      I1         0.8848980719   1.620180327    4.335242341    0.1890169182   0.4151546068   0.1808033559   
534      I1         0.8955230719   1.620180327    4.335242341    0.1890169182   0.4274046068   0.1799522837   
535      I1         0.8848980719   1.630805327    4.335242341    0.1890169182   0.4274046068   0.1794920003   
536      I1         0.8848980719   1.620180327    4.347742341    0.1890169182   0.4274046068   0.2226841478   
537      I1         0.8848980719   1.620180327    4.335242341    0.1951419182   0.4274046068   0.1821514543   
538      I1         0.8848980719   1.620180327    4.335242341    0.1890169182   0.4335296068   0.18044129     
539      I1         0.8742730719   1.620180327    4.335242341    0.1890169182   0.4274046068   0.1803914617   
540      I1         0.8848980719   1.620180327    4.322742341    0.1890169182   0.4274046068   0.1830762988   
541      I1         0.8848980719   1.620180327    4.335242341    0.1828919182   0.4274046068   0.1813485487   
542      I1         0.8955230719   1.630805327    4.335242341    0.1890169182   0.4274046068   0.1803493986   
543      I1         0.8848980719   1.641430327    4.335242341    0.1890169182   0.4274046068   0.1799067267   
544      I1         0.8848980719   1.630805327    4.347742341    0.1890169182   0.4274046068   0.2199122331   
545      I1         0.8848980719   1.630805327    4.335242341    0.1951419182   0.4274046068   0.181177406    
546      I1         0.8848980719   1.630805327    4.335242341    0.1890169182   0.4335296068   0.1795710586   
547      I1         0.8742730719   1.630805327    4.335242341    0.1890169182   0.4274046068   0.1797167768   
548      I1         0.8848980719   1.630805327    4.322742341    0.1890169182   0.4274046068   0.1821996102   
549      I1         0.8848980719   1.630805327    4.335242341    0.1828919182   0.4274046068   0.1820278344   
550      I1         0.8902105719   1.630805327    4.335242341    0.1890169182   0.4274046068   0.1799109836   
551      I1         0.8848980719   1.636117827    4.335242341    0.1890169182   0.4274046068   0.1796841978   
552      I1         0.8848980719   1.630805327    4.341492341    0.1890169182   0.4274046068   0.1786768536   
553      I1         0.8848980719   1.630805327    4.335242341    0.1920794182   0.4274046068   0.1799689333   
554      I1         0.8848980719   1.630805327    4.335242341    0.1890169182   0.4304671068   0.1793336438   
555      I1         0.8795855719   1.630805327    4.335242341    0.1890169182   0.4274046068   0.1793931266   
556      I1         0.8848980719   1.625492827    4.335242341    0.1890169182   0.4274046068   0.1793536588   
557      I1         0.8848980719   1.630805327    4.328992341    0.1890169182   0.4274046068   0.1805552501   
558      I1         0.8848980719   1.630805327    4.335242341    0.1859544182   0.4274046068   0.1806209805   
559      I1         0.8848980719   1.630805327    4.335242341    0.1890169182   0.4243421068   0.1798055143   
560      I1         0.8902105719   1.630805327    4.341492341    0.1890169182   0.4274046068   0.179153413    
561      I1         0.8848980719   1.636117827    4.341492341    0.1890169182   0.4274046068   0.1789414535   
562      I1         0.8848980719   1.630805327    4.347742341    0.1890169182   0.4274046068   0.2199122331   
563      I1         0.8848980719   1.630805327    4.341492341    0.1920794182   0.4274046068   0.1784511446   
564      I1         0.8848980719   1.630805327    4.341492341    0.1890169182   0.4304671068   0.1783540983   
565      I1         0.8795855719   1.630805327    4.341492341    0.1890169182   0.4274046068   0.1782168176   
566      I1         0.8848980719   1.625492827    4.341492341    0.1890169182   0.4274046068   0.178434333    
567      I1         0.8848980719   1.630805327    4.341492341    0.1859544182   0.4274046068   0.1800258826   
568      I1         0.8848980719   1.630805327    4.341492341    0.1890169182   0.4243421068   0.179149971    
569      I1         0.8795855719   1.636117827    4.341492341    0.1890169182   0.4274046068   0.1784623929   
570      I1         0.8795855719   1.630805327    4.347742341    0.1890169182   0.4274046068   0.221144131    
571      I1         0.8795855719   1.630805327    4.341492341    0.1920794182   0.4274046068   0.1787790203   
572      I1         0.8795855719   1.630805327    4.341492341    0.1890169182   0.4304671068   0.1780978466   
573      I1         0.8742730719   1.630805327    4.341492341    0.1890169182   0.4274046068   0.1783128901   
574      I1         0.8795855719   1.625492827    4.341492341    0.1890169182   0.4274046068   0.1782639408   
575      I1         0.8795855719   1.630805327    4.341492341    0.1859544182   0.4274046068   0.1795041683   
576      I1         0.8795855719   1.630805327    4.341492341    0.1890169182   0.4243421068   0.1786385914   
577      I1         0.8795855719   1.636117827    4.341492341    0.1890169182   0.4304671068   0.1781266162   
578      I1         0.8795855719   1.630805327    4.347742341    0.1890169182   0.4304671068   0.2236699726   
579      I1         0.8795855719   1.630805327    4.341492341    0.1920794182   0.4304671068   0.179045589    
580      I1         0.8795855719   1.630805327    4.341492341    0.1890169182   0.4335296068   0.1783055051   
581      I1         0.8742730719   1.630805327    4.341492341    0.1890169182   0.4304671068   0.1784132099   
582      I1         0.8795855719   1.625492827    4.341492341    0.1890169182   0.4304671068   0.1783820417   
583      I1         0.8795855719   1.630805327    4.335242341    0.1890169182   0.4304671068   0.1796063666   
584      I1         0.8795855719   1.630805327    4.341492341    0.1859544182   0.4304671068   0.179023438    
585      I1         0.8822418219   1.630805327    4.341492341    0.1890169182   0.4304671068   0.178148775    
586      I1         0.8795855719   1.633461577    4.341492341    0.1890169182   0.4304671068   0.1780344396   
587      I1         0.8795855719   1.630805327    4.344617341    0.1890169182   0.4304671068   0.1774988872   
588      I1         0.8795855719   1.630805327    4.341492341    0.1905481682   0.4304671068   0.1785298163   
589      I1         0.8795855719   1.630805327    4.341492341    0.1890169182   0.4319983568   0.1781809229   
590      I1         0.8769293219   1.630805327    4.341492341    0.1890169182   0.4304671068   0.1782528298   
591      I1         0.8795855719   1.628149077    4.341492341    0.1890169182   0.4304671068   0.1782345608   
592      I1         0.8795855719   1.630805327    4.338367341    0.1890169182   0.4304671068   0.1788284753   
593      I1         0.8795855719   1.630805327    4.341492341    0.1874856682   0.4304671068   0.1784501936   
594      I1         0.8795855719   1.630805327    4.341492341    0.1890169182   0.4289358568   0.17806291     
595      I1         0.8822418219   1.630805327    4.344617341    0.1890169182   0.4304671068   0.1777142126   
596      I1         0.8795855719   1.633461577    4.344617341    0.1890169182   0.4304671068   0.1776040903   
597      I1         0.8795855719   1.630805327    4.344617341    0.1905481682   0.4304671068   0.1777859022   
598      I1         0.8795855719   1.630805327    4.344617341    0.1890169182   0.4319983568   0.1774555352   
599      I1         0.8769293219   1.630805327    4.344617341    0.1890169182   0.4304671068   0.1775540984   
600      I1         0.8795855719   1.628149077    4.344617341    0.1890169182   0.4304671068   0.1775320974   
601      I1         0.8795855719   1.630805327    4.344617341    0.1874856682   0.4304671068   0.1780583184   
602      I1         0.8795855719   1.630805327    4.344617341    0.1890169182   0.4289358568   0.1776551293   
