%eval_id interface log__t_efold_shallow log__t_efold_soil log__t_efold_karst f_exfiltration_shallow f_exfiltration_soil PDD_melt_factor log__routing_K neg_kge        
1        I1         1.230764125    1.47684756     3.920708269    0.8661838949   0.7468992355   2.596206367    0.5027401509   2.0521486      
2        I1         1.841418893    2.013724513    3.653744343    0.9711978667   0.2098740821   8.194513123    -0.3217366551  1.598713701    
3        I1         0.3540151082   1.783104062    2.520144982    0.08187029442  0.7724180491   4.846555464    -0.6858944829  1.515984036    
4        I1         1.682335925    2.186006007    3.824234156    0.8532681676   0.1985287257   6.59679333     0.1287015745   1.497079424    
5        I1         1.117992494    2.689725624    4.153250314    0.8179985224   0.4484366104   9.496401716    -0.1010845505  2.224627299    
6        I1         0.519434217    2.578719527    4.43791119     0.9264071911   0.8255057529   6.266903658    -0.3926710071  2.928928198    
7        I1         0.8563423004   1.290716929    2.681218689    0.3419970723   0.812421547    4.126543821    0.2983451987   2.04148936     
8        I1         0.6158441461   2.273852932    4.08083248     0.5112211774   0.05394717492  8.654259139    -0.6204430125  2.282135373    
9        I1         0.8192857502   1.823230549    2.549313107    0.7262102806   0.6908226698   9.929435802    -0.4066209503  2.455894301    
10       I1         1.192182611    1.51774427     4.334839097    0.0903694521   0.8604976298   6.409110143    -0.4136285839  1.581623219    
11       I1         1.266159008    2.51442489     3.732907637    0.2997027545   0.8500911906   9.36699869     0.05186226507  0.7325553123   
12       I1         1.836356129    2.29651723     3.474362922    0.2626567102   0.7807575394   4.60317251     -0.1923463891  0.53751359     
13       I1         1.026046435    2.037781874    4.177968403    0.1646286199   0.6631821369   7.407846489    -0.9702340149  0.3568937407   
14       I1         0.5874682381   1.322749343    4.180923743    0.1752551528   0.5185026592   2.025216672    -0.9188240527  1.569710631    
15       I1         0.8352697815   1.648557062    3.609136604    0.333323562    0.9713532722   9.218734886    -0.798253659   2.0815948      
16       I1         0.6401521459   2.208117891    3.898699169    0.1241161824   0.4105007558   0.803349096    -0.800781907   0.2586196274   
17       I1         0.5369019975   2.288418569    2.605669016    0.05814758281  0.9023741      7.952141837    -0.3050904552  0.8919871341   
18       I1         1.488799289    1.448917371    4.460416691    0.3091048798   0.813832477    5.955674479    0.04090035663  1.504254145    
19       I1         1.64120002     1.487467654    4.068233866    0.8970061838   0.9142553178   7.516776562    -0.4298020096  1.846032568    
20       I1         1.040563043    2.58541142     3.717211402    0.4583877322   0.2317561964   9.849586199    0.7031236594   0.802132261    
21       I1         1.23714383     2.106105563    2.797400905    0.7782062663   0.685109752    7.899259404    -0.8717233211  2.11198095     
22       I1         0.6558687647   1.189323103    3.510254339    0.5852573008   0.3509214385   4.529884387    -0.6343155397  2.478044792    
23       I1         1.674256652    2.226407977    3.395581343    0.2011009297   0.7659888071   5.08417707     -0.4907911177  0.5605161835   
24       I1         1.79550917     2.161198875    2.782108588    0.01761344909  0.07391524674  4.124835472    -0.09246244173 0.4410702392   
25       I1         0.7805910733   1.840114       2.815005329    0.7351553244   0.06031807634  5.581352577    0.07405852325  2.347957993    
26       I1         1.822802265    1.875005895    3.287586518    0.6478459703   0.3533398499   6.763594913    -0.2820320178  0.9857492231   
27       I1         1.092924469    1.149679854    2.666142613    0.8096779854   0.4780046208   8.415995466    -0.2137783857  2.339006608    
28       I1         1.381827444    1.605384842    4.360787384    0.4085227492   0.8329797208   7.331916469    -0.2032615972  1.660858113    
29       I1         0.7579706501   1.116056146    2.934513602    0.6010773471   0.2239289244   7.652579117    0.4366410443   2.007925621    
30       I1         1.683075573    1.346035666    2.915172285    0.5699990112   0.842247825    1.957400108    -0.8101657834  1.641178359    
31       I1         1.420646476    2.204138346    2.581990262    0.8873828238   0.6796230876   2.999869278    -0.1952170046  2.00744162     
32       I1         0.5420655705   1.328667274    3.735029668    0.4895793974   0.7289337692   5.787673809    -0.3697078019  2.461452938    
33       I1         0.9537959759   1.40414358     2.789409178    0.1423160262   0.7991067335   8.716605469    -0.2680391385  1.789171502    
34       I1         0.7856290043   1.109985789    3.178457219    0.128473036    0.5846141512   8.370357904    -0.2486592133  1.691748827    
35       I1         1.908649771    1.283147972    3.839459706    0.5006140939   0.5694610568   4.063302564    -0.4455003412  0.8124562394   
36       I1         1.05919981     1.181177565    4.371764867    0.4844471541   0.1849948652   2.891081887    -0.5079223223  1.535957743    
37       I1         1.870099175    2.221495105    2.830048849    0.1493129      0.5760678983   3.940408519    0.5282662835   0.5751442059   
38       I1         1.171461564    1.276145037    2.757391787    0.4439054183   0.09677803858  0.5941868708   -0.9831982916  1.323241503    
39       I1         1.659968719    1.846727143    4.222988627    0.3745234011   0.9190928976   7.868435783    0.2499349138   1.272466866    
40       I1         1.527668383    2.530528148    4.218569711    0.06244660579  0.4965381045   5.451772094    -0.4596400977  0.4919278408   
41       I1         1.244751552    2.016681234    3.409406389    0.8700867974   0.9325752491   2.183137175    -0.7616279376  2.254895535    
42       I1         1.51752088     2.133923259    3.251077035    0.1569038732   0.1739787854   7.822289279    0.5770118789   0.4110966643   
43       I1         1.868473146    1.705854979    4.145470396    0.4496035419   0.02848347457  8.62880349     -0.2554514209  0.3345556491   
44       I1         0.5702487049   1.855932989    2.725188637    0.4156345467   0.07942275114  1.20806615     -0.05415566379 1.770035201    
45       I1         0.4479365181   2.215010462    3.304219489    0.2366521052   0.8223547415   9.174741589    0.4696296203   1.233745726    
46       I1         1.690483718    1.901955297    2.719834169    0.6923296241   0.6994658029   1.941395209    0.1872001893   1.421075841    
47       I1         1.177159204    2.030189091    4.135486143    0.1339867501   0.5109124987   3.177402617    -0.8159491423  0.2553017217   
48       I1         0.8313026433   2.241502952    3.794201365    0.7426416074   0.6360603293   3.831712223    0.2347398081   2.268258715    
49       I1         1.406987481    2.347031718    3.929824668    0.9169635703   0.6802152624   7.105306752    0.1150892311   2.002830334    
50       I1         1.275950592    1.442057733    2.875069965    0.1946010934   0.3997498947   3.465457878    0.5225598684   0.8653273903   
51       I1         0.937441218    1.084743497    3.048511995    0.1603838599   0.182428131    1.683142635    -0.3599280721  0.6727958943   
52       I1         1.081726666    1.285348205    3.693600047    0.9844407052   0.5642428646   2.770534601    -0.3136099446  2.522018779    
53       I1         0.9314794921   2.477854227    4.109591472    0.2578996488   0.06917312631  4.956372551    -0.8842395682  0.2537434903   
54       I1         1.254082153    2.382780579    3.042674409    0.03232881701  0.8994223175   5.071982654    -0.5767222458  0.6696929343   
55       I1         1.557081237    2.201317947    3.060427032    0.9243459712   0.9224487796   1.989780196    -0.499162925   1.923848388    
56       I1         0.9059262998   1.400965242    4.01903848     0.7479293057   0.5233939486   2.34359497     -0.7924084246  2.485723589    
57       I1         1.969316018    1.535255594    4.006081118    0.8351751549   0.1376139005   4.019669975    -0.07666017095 1.022119076    
58       I1         1.464084269    2.171886984    3.223508307    0.588488354    0.3128979224   2.653942694    0.7640233805   0.9994790414   
59       I1         1.622287052    1.643923416    3.385764139    0.5950280336   0.4302886432   4.365068302    0.5336463989   1.090420223    
60       I1         0.5744913194   2.056057473    3.18661111     0.02682032949  0.6515158266   2.908796736    0.007152830831 0.558928626    
61       I1         1.303370076    2.103964652    3.968111588    0.8162194583   0.607010724    5.318249909    0.7947854349   1.684705522    
62       I1         1.799934239    2.074017228    4.497385341    0.7827888579   0.1890601572   9.526076387    0.8729631345   0.9473412841   
63       I1         0.6218146609   1.236657754    3.006263884    0.7065912886   0.8820383405   3.614292698    -0.3976846849  2.694925033    
64       I1         0.7675012623   2.254104281    3.326822502    0.9358103204   0.3931840479   0.275446016    -0.5390788175  2.765979145    
65       I1         1.452181115    2.191445607    3.868783827    0.7362907138   0.6290082472   0.3582731703   0.658853864    1.483473467    
66       I1         0.3107108767   1.100195685    3.401677843    0.9063060078   0.653742217    9.053510048    -0.2877822978  2.999857094    
67       I1         1.467821931    2.262234132    2.710066259    0.06864317479  0.1214055083   1.113506027    -0.7488794931  0.3892294568   
68       I1         0.7196277594   1.374843451    2.941309496    0.05106478175  0.1065470813   2.212150905    -0.8541292248  0.3488447625   
69       I1         1.296228928    1.124789684    4.406230546    0.2528676024   0.8969460614   8.935380853    0.4503622521   1.832620646    
70       I1         1.921550885    2.086270055    3.998975956    0.594645732    0.1201212604   7.03016898     -0.1623004111  0.2197245332   
71       I1         1.347496987    2.06095185     2.657896966    0.2689075142   0.7228376675   7.064042437    -0.4856646775  1.082717406    
72       I1         1.730353726    1.146068176    3.941439147    0.3297835083   0.08592714136  3.215896412    -0.9111764843  0.3317090681   
73       I1         0.5094663364   1.963526746    3.742895652    0.7643935641   0.9077946181   9.719304767    0.3798112183   2.420959802    
74       I1         0.6501714999   1.597078326    3.427281611    0.7000810092   0.8350015658   0.4383188587   0.259856321    2.391438394    
75       I1         1.250014581    1.239487442    3.845312261    0.1350522446   0.2851235629   3.411606954    0.4301251605   0.2662491756   
76       I1         0.39845222     2.000874494    2.804628639    0.3534372038   0.4543216541   2.858188311    0.6296454098   1.447037079    
77       I1         0.9154537974   2.25008588     2.948627563    0.6177638289   0.4852475744   4.504271809    0.5439111055   1.767459161    
78       I1         1.876269462    1.684763754    3.910475407    0.7300191398   0.3380955784   2.681876318    -0.8361457401  1.036797985    
79       I1         1.645442561    1.266991593    3.805383155    0.6702249147   0.6568343862   9.301918015    -0.3322114622  1.592249789    
80       I1         0.7461268417   2.391765973    4.08921173     0.8802523054   0.2025505396   5.190489881    -0.5720244722  2.761792848    
81       I1         0.8884118105   2.232347639    4.166435226    0.8392264346   0.3475140804   1.813236371    -0.720733363   2.569739351    
82       I1         0.7357388406   1.558553607    3.764382356    0.1205591682   0.2484786123   3.013930012    0.9987244791   0.35972848     
83       I1         0.869678216    1.368306792    3.59973603     0.8644663599   0.9527122088   7.717283805    -0.1135967229  2.582096526    
84       I1         1.389904313    1.353113064    3.190784844    0.2810816412   0.836560833    6.01519677     -0.147780093   1.710621293    
85       I1         1.987353195    2.324481988    2.872825091    0.78766895     0.8689908005   6.52304944     0.6193321227   0.9884948994   
86       I1         1.832347989    2.095049203    3.681351124    0.9795582233   0.7855111937   2.118319626    -0.4735727511  1.642360056    
87       I1         1.82491466     1.563813263    2.767248125    0.2749906241   0.979447786    8.24717916     -0.4499928954  1.427821933    
88       I1         1.69721588     1.919140271    3.674383694    0.1717771929   0.2935083771   2.715362389    -0.7386266805  0.3928153143   
89       I1         1.860860465    1.618783662    2.983373812    0.2934147745   0.2536875913   3.558779445    0.1475569988   0.4916066231   
90       I1         1.382954783    1.408394001    3.984371269    0.2729217598   0.714725534    7.21046598     0.4863035048   1.340387963    
91       I1         0.3285586371   1.57146601     3.831236871    0.2421199327   0.5895334026   0.3973248431   0.9292423174   1.286648206    
92       I1         1.738002296    2.512240563    3.809025626    0.6421091236   0.172586491    3.372111183    0.8488510346   0.5086042718   
93       I1         1.326528753    1.880140909    4.037871506    0.5496203686   0.4123488404   5.870925088    -0.8520496689  1.438834462    
94       I1         1.085592975    2.619524521    4.064944398    0.6318941159   0.3414620436   6.48335404     -0.998703009   1.919574455    
95       I1         1.492923017    2.407301197    4.20024087     0.3438077843   0.2087928288   0.3257977483   0.3826626143   0.2895707322   
96       I1         1.564016217    2.499003633    2.57275019     0.1094647061   0.4387943063   0.241138325    -0.9037674621  0.4957163982   
97       I1         0.3131261282   1.67081122     3.667595332    0.4984778558   0.1289259313   9.65776003     -0.8923376442  2.491850094    
98       I1         1.221021649    1.950323918    3.45754666     0.3203010297   0.739563675    5.939641469    0.961406437    0.9741087796   
99       I1         1.712625696    2.298393316    3.847275111    0.6396962211   0.9466801024   6.124559585    0.1255788217   1.252501859    
100      I1         1.052531105    1.502985028    4.012869763    0.5227558373   0.03002443055  9.391928479    0.6522046487   1.058566125    
101      I1         0.5144262091   2.007974284    4.393020831    0.07736213041  0.3251547208   5.371052394    0.7548652792   0.4277410189   
102      I1         1.315604476    2.126531714    2.674299496    0.465210757    0.356885533    5.308717337    0.7791822013   0.9980846228   
103      I1         1.395449208    2.035421557    3.91705676     0.4342557839   0.5953864639   6.399624598    0.3570077152   0.9995552533   
104      I1         1.931563387    1.794869922    3.771107536    0.7218329044   0.7516442785   3.506294406    0.8189254928   0.9827428629   
105      I1         1.990996676    2.462764673    4.13262006     0.7994510876   0.3355639597   0.1383557627   0.2455558882   0.7462992875   
106      I1         1.740831827    1.802122459    4.328839539    0.4563962076   0.2375262317   0.9747690129   0.4437926143   0.2451287904   
107      I1         1.186805977    2.607205399    2.612978149    0.5394486182   0.4473012554   7.283779674    -0.1727049775  1.488116228    
108      I1         0.4240566145   1.173806576    3.087118066    0.5540566055   0.5031211313   9.121403494    0.2145454582   2.365720702    
109      I1         1.911398778    1.511267464    3.859167714    0.4313628953   0.3871736439   7.789316642    -0.07079037069 0.2182393222   
110      I1         1.444278275    1.850722746    4.353231216    0.100521532    0.4931008605   3.347979457    -0.3647480428  0.291507617    
111      I1         1.618362611    2.590534515    4.095182904    0.2674938073   0.8887746462   2.171727156    0.1726123161   0.5022908056   
112      I1         1.141522265    1.686736869    4.432868669    0.3579996258   0.2751800928   8.095700615    -0.7555235705  0.2215216388   
113      I1         1.434442838    1.545416253    4.300944502    0.6578579263   0.2448017307   4.410688445    0.4609040343   1.359113787    
114      I1         0.9177023502   1.614103081    3.639907075    0.4782339761   0.8014879318   3.661604156    -0.4627312326  2.12463324     
115      I1         1.651440729    1.720055247    3.113606452    0.8583340564   0.9584592573   6.548255037    -0.9885962954  1.805541237    
116      I1         0.3177406747   2.547458364    4.237773043    0.5665403297   0.2576233267   2.571069128    0.08863335294  2.365177211    
117      I1         0.7409346075   2.381482366    4.397440051    0.4631838113   0.4967438265   1.593846828    -0.1536587703  1.790143019    
118      I1         0.7113794074   2.153882841    3.100025495    0.08532162429  0.1685791455   1.393663158    0.5649815399   0.3628008348   
119      I1         0.3351591749   1.231727704    3.491418829    0.9805095429   0.5312512202   1.57776624     -0.08354514256 2.931564962    
120      I1         0.6957140961   1.74754868     3.549718539    0.2863724592   0.279182846    5.814931171    -0.2629289409  1.042657901    
121      I1         0.8535962471   1.930591487    4.469608268    0.507708016    0.3801969768   0.7424392947   -0.3831742956  1.930036052    
122      I1         1.182398971    1.623563135    3.21120112     0.8608480364   0.03786302582  3.991173488    -0.04401493738 2.212699243    
123      I1         1.3490471      2.364682212    3.151201792    0.7502022129   0.01958054421  6.953071345    0.2294076887   1.660713478    
124      I1         1.359382799    2.50296565     3.992164059    0.7909367982   0.7594634673   1.059934205    -0.2752816318  1.89664472     
125      I1         1.578140663    1.867335465    2.628772169    0.7134540686   0.9848527638   3.697353834    -0.771005287   1.751480905    
126      I1         0.4859222711   2.673454282    4.266933182    0.6064637601   0.633732568    5.524604038    0.5729355276   1.987687798    
127      I1         0.3734655823   1.542045094    4.478762658    0.6297198519   0.9622850424   1.779648702    -0.09443691398 2.610180818    
128      I1         1.151278613    1.693992783    3.584868323    0.1681824529   0.2602711335   8.264963864    -0.01297490941 0.25586031     
129      I1         1.88843912     1.186086906    3.496524632    0.5167904168   0.1597277525   9.773474863    0.6376617467   0.3916651522   
130      I1         1.340856682    1.576814556    2.635728609    0.941346387    0.3331156004   6.104156355    0.844516786    1.801546762    
131      I1         1.953548078    1.162088808    4.196549783    0.2257529178   0.06784710513  8.861973182    -0.9362774272  0.5070010094   
132      I1         1.144801891    2.529878567    4.292586158    0.7740396554   0.4435392042   7.256774185    -0.6433116305  2.179439794    
133      I1         0.36004142     1.740200609    3.903464658    0.4223373309   0.1479898162   3.585673627    -0.947957933   2.168346796    
134      I1         1.933004722    1.780657403    3.516151248    0.5316747404   0.871363053    7.187073331    0.322057368    1.050734288    
135      I1         1.948251375    2.024418459    3.647405117    0.9698528934   0.7282635288   3.745943433    0.6084811124   1.308621346    
136      I1         1.784835303    2.044425839    3.156802105    0.5249688643   0.465508111    1.040583558    -0.5269448829  0.8372324577   
137      I1         1.764753117    1.937680794    3.617691695    0.07083899011  0.3221937678   1.28832285     0.9696194133   0.5174873351   
138      I1         1.600285292    2.27527896     4.172137493    0.1156888522   0.8435021733   8.296674237    -0.6965090103  0.3748876546   
139      I1         0.4921449078   2.480325566    4.207658737    0.2089163743   0.3909964414   6.61131203     0.3995330325   0.204190765    
140      I1         1.665250111    1.254938783    2.615440332    0.07903790755  0.5056121611   6.216627951    0.8944658815   0.8149582474   
141      I1         0.9445149779   1.051939886    3.246093392    0.9014394052   0.4023888976   9.273599008    0.1608016135   2.447591747    
142      I1         1.915915018    1.806078942    2.599265732    0.2605007178   0.5280954635   0.6846961195   -0.6000479645  0.7685952032   
143      I1         0.3830346702   1.43332527     3.419812513    0.5146411477   0.9546232434   1.177112345    -0.9458129436  2.601628658    
144      I1         1.024984263    2.353332986    3.068165516    0.768180211    0.5671904152   2.946877912    -0.8937896696  2.315049123    
145      I1         1.428226823    2.23575481     2.895061716    0.3513967573   0.0890321183   7.465637508    0.9588124005   0.5309913435   
146      I1         1.628908169    1.371707752    2.93227432     0.06021600091  0.4874712745   3.161734854    -0.5001088728  0.7216859188   
147      I1         0.4301140715   2.694562258    3.554404698    0.4257638904   0.7171644045   8.449250233    -0.14397368    1.94980893     
148      I1         1.881864559    2.664262274    2.925289364    0.2137834302   0.4326145925   3.665753972    0.7859319746   0.3900777179   
149      I1         1.956310536    2.6877406      2.851202478    0.8287151901   0.7113755041   9.807148281    0.1123540917   1.071362626    
150      I1         0.4689079693   2.522935073    2.83496418     0.9125552918   0.3632845532   5.220264853    0.1007272743   2.754785711    
151      I1         1.479476688    2.397986451    3.819235255    0.4476728921   0.537096675    0.5155318816   -0.3076731995  0.5864520578   
152      I1         1.559430362    1.120258727    4.053596237    0.8487916483   0.4707808031   4.310346469    -0.1388989255  1.828064955    
153      I1         0.728718011    2.175444903    2.906036344    0.1985720714   0.757544596    9.548449799    0.7284871504   0.9401705481   
154      I1         1.474533859    1.090187553    2.591160766    0.2944660222   0.320086903    7.534625544    0.6747112503   0.963734083    
155      I1         0.6741398318   2.660330014    3.606658393    0.7968582963   0.3985872561   4.331382158    0.7427408962   2.082725701    
156      I1         0.8480205554   1.169199313    3.260898568    0.3240121076   0.7449829453   8.49266892     0.5524034123   1.879205488    
157      I1         0.7724829562   1.206270639    3.938366512    0.9308505921   0.6396143959   9.442576294    0.3925166659   2.450213046    
158      I1         0.6847636401   1.07842609     3.692109568    0.7156196559   0.1790726062   7.978424054    -0.7118670863  2.650397632    
159      I1         0.5937185563   2.543200157    3.752344211    0.6853682706   0.04071712417  7.772486148    0.3092669654   2.302809152    
160      I1         0.9657950803   1.461686529    4.02533537     0.282446083    0.827400762    2.389447736    0.02349115265  1.882045695    
161      I1         0.5489412889   2.306006852    3.885662293    0.1397966434   0.7898699603   8.818446818    0.9428916112   0.5190452727   
162      I1         0.4433185135   1.522818988    4.446948188    0.4961993767   0.06335144982  8.893932136    0.3514851385   1.9542568      
163      I1         1.101323509    1.527044211    4.105667461    0.4393065005   0.09428000369  0.6281363281   0.1451805845   0.3447837443   
164      I1         1.857817526    1.952210491    2.965447787    0.8130420474   0.3027026087   6.165109595    0.4040456093   1.175590182    
165      I1         1.722002096    2.436423644    3.024145158    0.7558619954   0.4692989556   6.983470842    -0.8301746923  1.315948481    
166      I1         0.6729906473   1.469167139    2.544647477    0.1586357021   0.191096213    9.767570232    -0.9631452558  1.031226545    
167      I1         0.9481382881   1.022174469    4.077979364    0.2212320219   0.7841465648   8.050056009    -0.5847212333  2.200953752    
168      I1         1.107474017    1.061946202    4.244486286    0.4751500174   0.1013074441   0.4714102173   -0.2939893846  0.6639576678   
169      I1         0.9931211435   1.833095461    3.056453917    0.4033144509   0.6961344583   0.701920532    -0.5631373228  1.720438917    
170      I1         0.6098356177   1.975972814    3.481052509    0.2053694139   0.5735897937   3.783799195    0.9180436755   0.7780818701   
171      I1         1.708819711    1.816862121    2.955537223    0.5440634302   0.6483402606   5.774861325    0.1820316098   1.170949842    
172      I1         0.6263816946   2.141465459    4.251926883    0.4094759667   0.5475262182   4.286154237    0.8246071763   1.269607543    
173      I1         1.636678545    1.138117183    3.168104999    0.307045893    0.3850713039   3.302655049    -0.7165223656  0.7871633639   
174      I1         0.6296351808   1.749257324    3.526345781    0.4686115266   0.8469582789   3.486612735    -0.467121628   2.265398557    
175      I1         0.7999073836   1.926213285    3.282973026    0.5353698492   0.2999623596   5.484717207    -0.438119353   2.034720416    
176      I1         0.5212860984   1.629118409    3.195114581    0.9485655461   0.4067010932   0.2008739061   -0.6622050007  2.931977834    
177      I1         1.005887567    1.675837711    3.711363838    0.8847277457   0.6889461185   1.323055332    0.497151912    2.226227777    
178      I1         1.205255055    1.042055073    2.808007965    0.02456168552  0.1250539843   4.727184153    0.3319046595   0.4384672903   
179      I1         1.892783879    2.559012186    2.908180833    0.1911231965   0.2176088771   5.133200276    0.4076274891   0.3973475071   
180      I1         0.4057035626   1.664203842    4.23019236     0.09506460568  0.5565208168   9.035347113    0.8307124244   0.1890056978   
181      I1         0.9989670997   1.887784017    3.665054857    0.5617577824   0.3617422335   4.78116836     0.08351549739  1.796832846    
182      I1         1.069000019    2.37031698     4.028099965    0.01128075689  0.8857831008   8.13962312     0.837885945    0.4073008158   
183      I1         0.9870801418   1.899072277    2.621126085    0.8055794563   0.2682707875   9.082364385    0.6963284945   1.979914562    
184      I1         1.751218561    1.034365161    4.284302384    0.668142229    0.8629435835   2.35856479     -0.9218860357  1.656658005    
185      I1         1.771193562    1.914040856    3.888104274    0.3140481537   0.5611679837   5.736727176    -0.5995530039  0.2831417266   
186      I1         1.531535246    2.081967787    4.154857191    0.2099069187   0.6208331469   1.63161365     -0.6467156887  0.2207596222   
187      I1         0.5303073602   1.386281804    2.976308004    0.5035474146   0.5424318474   8.334224322    0.06838448776  2.266257587    
188      I1         0.787877155    2.129963821    4.374703127    0.1033801179   0.4617170534   4.058018758    0.4596789627   0.3310065651   
189      I1         1.901462023    1.580142564    3.469245654    0.152770079    0.1505513559   3.042521913    0.7353839692   0.4991321006   
190      I1         0.5783994492   1.727952704    3.014647514    0.5763089343   0.1177522271   1.149210547    0.7225174829   1.756782533    
191      I1         0.8789505393   2.447268904    3.34417956     0.5788593947   0.03575032858  6.766951214    0.1347725234   1.873489707    
192      I1         0.4792202012   1.1350667      3.03564899     0.9197970148   0.949165208    5.877084206    0.9919151189   2.002715992    
193      I1         0.551983061    1.063528064    2.693563229    0.6160442773   0.02603853883  6.001678038    0.3022294626   2.179747514    
194      I1         1.518732135    1.767639995    4.042251232    0.4149177055   0.7373991272   5.567548951    0.6654785081   1.159777191    
195      I1         1.815934321    2.668874854    2.972977533    0.9664733799   0.6270359666   2.073431759    -0.3480255057  1.615926039    
196      I1         1.301021493    2.35817213     4.125732872    0.1060554789   0.4242836668   8.799554718    -0.6877099953  0.4291818264   
197      I1         0.866175135    2.653075503    2.737443737    0.179527658    0.2644768829   2.271706462    -0.2324746431  0.5614693768   
198      I1         1.550696324    1.072841677    3.314757769    0.6520493137   0.1117894441   4.715888998    -0.02826568354 1.215263865    
199      I1         1.212023774    1.213851171    3.721320857    0.4528106755   0.01337837752  6.710055755    0.681648513    0.3696978367   
200      I1         0.3485504418   2.180520308    2.761519739    0.2482968935   0.8537564426   1.276621057    0.5559797515   1.351060233    
201      I1         0.4175703839   2.600075591    3.349998568    0.7522225039   0.2156810159   5.275197541    0.4151602836   2.409224054    
202      I1         1.031569625    2.282828503    3.306796818    0.3136359659   0.15576903     8.538878684    -0.01629239813 0.6074107306   
203      I1         0.7482488826   2.623360368    3.253518959    0.4191608878   0.07719894133  1.010521473    0.2025960931   1.369604447    
204      I1         0.9080263691   1.702042258    4.489577456    0.3334357705   0.9170078746   8.435700196    -0.5205181588  1.960341624    
205      I1         0.3949104709   1.303784423    3.64216882     0.1861942359   0.10346091     1.544169539    0.6055871194   0.2151055447   
206      I1         1.200518864    1.425525521    2.726943377    0.4727462276   0.5982216018   2.089410644    0.4777413425   1.623374939    
207      I1         1.701964074    2.339796042    3.563084631    0.04404286758  0.2052308283   8.703049179    0.7176969162   0.602917291    
208      I1         0.3902345162   2.555003389    4.116854075    0.5475402506   0.05124040972  6.634035164    -0.3446896258  2.611691529    
209      I1         0.4304851418   1.010688332    3.128993032    0.6022610977   0.4360470655   0.8712048423   0.09935113895  2.493323134    
210      I1         0.6881199015   1.972364014    3.373360849    0.05397155562  0.2877460165   9.199591692    -0.8754082362  0.3598385451   
211      I1         0.5014862514   1.046458867    3.296963637    0.3820957175   0.6156617733   2.837997409    -0.06545518435 2.347745911    
212      I1         1.280854117    1.105283673    3.593232741    0.3637232882   0.509737054    0.5511667692   -0.5138394531  1.512631289    
213      I1         1.507471669    1.029610094    3.075562603    0.9315443773   0.8928641198   9.583711601    -0.3333815727  2.046002151    
214      I1         1.498235502    2.112643846    4.357918419    0.6558531331   0.603556501    3.876418288    0.03037965318  1.463902289    
215      I1         0.4737196634   2.422904768    3.54214926     0.6112363957   0.2340491312   5.436145523    -0.7817724704  2.61202846     
216      I1         1.962053355    1.457724002    3.624777989    0.7599331456   0.3787398946   7.15887715     -0.5489869211  1.04202315     
217      I1         0.7074897604   2.318754595    2.687332496    0.7102397642   0.7193760053   6.850141074    0.7526234599   1.949376322    
218      I1         1.076181637    1.941346502    4.314317134    0.8399888113   0.3148766168   1.458145766    -0.1205914548  2.330814648    
219      I1         0.460359321    1.382261558    3.424068791    0.03599679946  0.7761797963   0.6063780837   0.8760000189   1.406423313    
220      I1         0.7957480231   1.005001595    2.741246095    0.6948103972   0.8833437898   6.315550258    -0.1856486849  2.599298097    
221      I1         1.131380639    2.459660638    3.27858566     0.8261550649   0.5517586627   6.827758737    0.3679499546   2.067237615    
222      I1         0.6363943388   1.41831238     2.651214515    0.4832078674   0.9267890524   4.934930773    -0.425584226   2.431384136    
223      I1         0.8066862593   2.120810807    3.876091411    0.07396129374  0.7934731076   7.027733153    0.06600620904  0.6287010029   
224      I1         0.3762842491   2.564005466    3.961198443    0.6968460319   0.622309483    7.310678901    0.8127868255   1.98837576     
225      I1         1.310439953    2.091183159    3.123302953    0.7246198575   0.6425564559   5.162715657    0.4259603974   1.705214673    
226      I1         0.7603459946   1.197083982    3.112754433    0.5837991308   0.5788924596   2.534502614    0.5941366689   2.069582052    
227      I1         1.574434238    1.865102614    4.311366217    0.5377850523   0.807958624    9.006293536    -0.9273838978  1.470493682    
228      I1         0.6609580598   1.712391478    3.461227053    0.9614109575   0.459415704    5.618450393    0.8041596917   2.172784003    
229      I1         0.9821751427   2.538197415    3.574528517    0.9105767505   0.7618330616   7.990311883    0.8858859236   1.944868652    
230      I1         1.758476031    1.661443372    4.25617578     0.0138220575   0.9751072237   7.623043751    0.1570893384   1.295451089    
231      I1         1.811396034    2.644110444    2.641115736    0.3991976672   0.9883526835   2.631645173    0.5186389333   0.6839101684   
232      I1         1.998319731    1.015258679    4.413056666    0.7047729654   0.220584488    4.801508251    0.7109564534   0.2420275062   
233      I1         1.361125029    1.423331016    3.951384311    0.7660642874   0.6635464248   1.905774743    -0.557259929   2.054208759    
234      I1         1.775966423    2.402522684    3.03283948     0.6817590328   0.9087467498   4.884283603    0.9767986126   0.9624555265   
235      I1         0.872472806    2.680127378    3.788768941    0.6350235686   0.9310201391   2.456995337    -0.02489308697 2.095539718    
236      I1         0.9621420747   2.413440626    3.703694044    0.3857637516   0.2666295428   8.569121207    -0.005597268625 0.8300362933   
237      I1         1.269443469    2.267059179    3.357614425    0.02088740981  0.9372722994   1.740474131    -0.4103414165  0.7586266686   
238      I1         1.288003539    2.594591468    3.778708329    0.3374150785   0.2417438303   2.777260348    -0.129043835   0.1936198872   
239      I1         1.422242053    1.31261729     3.530301182    0.6465402684   0.1952555708   0.1095228706   0.3386509636   1.342827574    
240      I1         0.6996487793   2.327072205    2.996022772    0.2887668062   0.9830281785   1.502057478    0.9386030425   1.111009243    
241      I1         1.046500615    1.763486224    3.236266154    0.9752273023   0.3294683232   4.563016676    -0.2385866382  2.529109319    
242      I1         1.850647614    1.024249216    3.140613029    0.6251937004   0.367962828    1.857627286    0.2074946492   0.9920149695   
243      I1         1.80468192     1.892177349    3.537894867    0.5279734897   0.8581902132   4.247479126    -0.8454438649  1.196174065    
244      I1         0.5570628343   1.607062876    3.391570594    0.6742736568   0.3073840553   6.175578454    -0.672107966   2.620651363    
245      I1         1.592116285    2.455724537    4.454172702    0.9033250825   0.1446908839   4.217818408    0.01853407416  1.73985704     
246      I1         1.162721522    2.066444463    2.752934595    0.03961106068  0.5329572475   7.427576021    -0.6196200563  0.6621480431   
247      I1         1.012847891    1.637809805    4.421940351    0.6890713407   0.4827215116   2.28079469     0.365339273    2.010062947    
248      I1         0.4552595495   2.333158098    3.229890596    0.3961759723   0.7054546704   3.090635965    -0.05299748818 1.855590746    
249      I1         0.8936899455   1.772829532    2.50197392     0.3027917464   0.8759965862   7.662693208    -0.2424988873  1.815742164    
250      I1         0.8114660747   2.493927199    2.538278452    0.8742615238   0.04916239375  1.696533584    -0.5902701943  2.684986434    
251      I1         0.9744128914   1.222511354    3.164319841    0.8202279181   0.6953665752   6.903781316    0.6724352126   2.106563951    
252      I1         1.257981942    1.090962769    4.297124512    0.9534866534   0.6720925495   1.231381987    0.8878312452   1.877308012    
253      I1         1.589566797    1.310918435    3.097604414    0.5748104646   0.6674393617   6.043796498    -0.6315584992  1.586345732    
254      I1         1.538629173    2.637878489    4.04804838     0.5638427568   0.05784624219  9.990094479    -0.9547366022  0.285733838    
255      I1         1.505239601    2.470183567    2.563463878    0.1134234945   0.7707287291   1.373626406    -0.2091892946  0.6458017239   
256      I1         1.335763744    1.496423881    2.518656767    0.8439753187   0.8178788364   8.751343945    0.03563424     2.102604611    
257      I1         0.8971714963   1.90839714     4.340212492    0.6238800601   0.2956648772   4.894030408    0.9111972602   1.537674257    
258      I1         0.5625116465   2.629135782    2.510864016    0.9569122946   0.4161493205   0.8342739093   0.3423866811   2.57593849     
259      I1         0.408544849    1.550618968    3.447680515    0.2398713653   0.1081480773   8.584118857    -0.861239976   0.9254288077   
260      I1         0.600299416    1.265502074    2.885188013    0.127562032    0.5220185425   1.447753494    0.6231786072   1.295536897    
261      I1         1.583172998    2.488531847    4.278076749    0.3205776368   0.7502055389   3.812652926    -0.7273530301  0.2273001717   
262      I1         1.112249205    1.248939516    3.860473881    0.6646589952   0.5429176497   5.682692331    0.6888519908   1.801865985    
263      I1         1.542088596    1.338449556    3.362561772    0.7390744977   0.2819903394   7.375963574    0.2207850412   1.521988193    
264      I1         1.748286095    1.588301778    3.217801873    0.2175845276   0.6084285145   0.9572361427   0.198523885    0.7445432721   
265      I1         1.446335508    2.419043855    2.992332302    0.04631572826  0.2717204916   9.893005244    -0.7766852206  0.4331144112   
266      I1         1.404016156    2.635292786    2.888551602    0.876164382    0.136307493    8.08061807     0.8618181223   1.5947337      
267      I1         1.415755904    2.572289077    2.824612651    0.9462985109   0.4526974088   0.7839750314   0.05592384491  2.039825933    
268      I1         1.937686949    1.987294004    2.672121545    0.7772854328   0.08285317218  0.1747179927   -0.2220597359  0.9986374443   
269      I1         1.13489634     1.995419009    3.784201027    0.3947952275   0.5544699285   0.3695975357   0.2666949957   1.103551372    
270      I1         0.8239859326   2.372407311    4.440692207    0.368880236    0.7943040718   6.296109337    -0.6770501764  1.538637534    
271      I1         1.015064302    1.732391951    2.841873065    0.7860742005   0.5132588444   4.630881637    -0.3753266254  2.362679612    
272      I1         0.9241843732   1.157178291    4.324691621    0.8012678524   0.9684807231   7.751662791    0.4874757376   2.282195721    
273      I1         0.3443498047   1.985846631    3.954929593    0.1448942896   0.1659209448   3.105402687    0.2787851939   0.2805277984   
274      I1         0.6021373378   1.219835666    3.33756519     0.8944457742   0.964709477    4.675868525    0.9048623028   2.070099906    
275      I1         1.670202853    1.259956569    4.264413472    0.1822568941   0.3700228634   4.45813412     0.5127824836   0.302516719    
276      I1         1.225710618    2.049813049    3.006847077    0.3617429562   0.4753711493   9.688580275    -0.8218608895  1.083790334    
277      I1         0.973829551    1.96163696     2.528631855    0.3768789556   0.1311815475   7.585434032    -0.6572507228  1.357826017    
278      I1         0.3677524232   1.754827795    3.571354347    0.9378834073   0.941542642    3.289680331    -0.5438721134  3.029301174    
279      I1         0.3237088733   1.437335597    3.979006456    0.2506824008   0.02016356509  3.251303546    0.768053927    0.2055588138   
280      I1         1.614376697    1.340093733    3.20471397     0.3908718751   0.6746964876   3.91128993     0.9834266154   1.062995615    
281      I1         1.216061424    2.444789642    3.325752487    0.6090147236   0.2464161253   9.33223508     0.8579865722   1.199882572    
282      I1         1.324356168    1.591783969    3.506186554    0.8314936832   0.01152641849  8.960502068    -0.1766779441  2.00089397     
283      I1         0.4360475337   1.831704451    3.443101497    0.8888690782   0.3045696348   5.656863288    0.2911578508   2.61784767     
284      I1         0.3052678245   2.148702014    2.863239585    0.989453186    0.1413102393   6.352420219    -0.9788113427  3.170194292    
285      I1         1.126024947    1.327864414    4.48415467     0.3703465277   0.5857182627   2.418285222    0.9520803927   1.267353611    
286      I1         1.608771412    1.359935892    3.756594181    0.09380691351  0.3434151444   5.385674145    -0.7048318463  0.3248251955   
287      I1         1.459552999    1.654378836    3.13492306     0.8496504772   0.2271843178   5.044471134    -0.746299611   1.925223067    
288      I1         1.365941496    1.394356037    2.85479035     0.5574533339   0.04468927487  4.447244152    0.9202160083   0.9825273835   
289      I1         0.8414926297   2.309147292    3.439605621    0.4360845678   0.7065786773   6.440097854    0.7870619779   1.262488262    
290      I1         1.783188645    1.790683409    2.778552717    0.03765811168  0.4200881004   1.845591962    0.5860823165   0.5995437587   
291      I1         1.373481817    1.81166574     3.63207404     0.2228202545   0.5927817656   4.999514334    0.003328978685 0.7029050282   
292      I1         1.72488636     1.717746796    2.702744019    0.3832702037   0.1628758786   9.604909417    0.5907827509   0.6980385902   
293      I1         1.979905971    1.201716412    3.370947356    0.676848485    0.6438213597   9.935364316    0.2837323761   1.037215603    
294      I1         1.062583374    1.475532227    4.415591986    0.2294786622   0.7329755853   6.895136135    0.1791641625   1.56850682     
295      I1         0.4976089969   2.165513297    2.576428011    0.3476104215   0.8745567966   4.166339747    -0.1118042195  1.831144863    
296      I1         1.098367723    2.432352504    4.191135207    0.6602045533   0.3741075441   6.688892982    0.26523427     1.796942989    
297      I1         0.719191177    2.61158016     4.382333396    0.1869733362   0.9379771955   0.9222992184   -0.6075858141  0.7696441529   
298      I1         1.973053607    1.299671974    3.084757358    0.4929807404   0.4273640679   2.505893795    -0.03403288289 0.7615943438   
299      I1         0.6677877611   1.509549826    3.27268924     0.9575132077   0.805928482    9.435916875    0.640684003    2.31313352     
300      I1         1.160758497    1.487285369    2.555153062    0.2345873294   0.6121861275   8.158161341    0.3185040005   1.412772891    
301      I1         1.247942387    1.003497942    4.438271605    0.3185185185   0.01067215364  0.1203703704   0.329218107    0.2834361902   
302      I1         1.429835391    2.073868313    4.498628258    0.3144855967   0.2822222222   9.97962963     -0.9958847737  0.2399026664   
303      I1         1.219958848    1.570164609    4.4218107      0.2271056241   0.116872428    6.67962963     -0.1152263374  0.3249982575   
304      I1         1.240946502    2.698834019    4.339506173    0.181399177    0.6613168724   4.846296296    -0.9958847737  0.293532458    
305      I1         0.8678326475   2.570576132    3.83744856     0.06444444444  0.3346502058   0.1203703704   -0.4197530864  0.4933741301   
306      I1         0.996090535    1.567832647    3.83744856     0.07654320988  0.06041152263  0.1203703704   -0.3374485597  0.5171797214   
307      I1         1.219958848    1.68909465     4.323045267    0.2822222222   0.2741563786   9.287037037    -0.9986282579  0.1696496723   
308      I1         0.5203703704   2.136831276    4.076131687    0.137037037    0.335994513    9.97962963     0.9958847737   0.3946594475   
309      I1         0.4923868313   2.577572016    4.355967078    0.1612345679   0.335994513    5.212962963    -0.3374485597  0.2895766919   
310      I1         1.432167353    2.696502058    4.051440329    0.3346502058   0.116872428    3.42037037     -0.329218107   0.2703227421   
311      I1         1.31090535     2.134499314    4.397119342    0.3144855967   0.266090535    2.27962963     -0.4773662551  0.2035330306   
312      I1         1.240946502    2.696502058    3.491769547    0.1693004115   0.01067215364  4.846296296    -0.9958847737  0.4098901109   
313      I1         1.429835391    1.584156379    4.495884774    0.335994513    0.2580246914   9.246296296    -0.5514403292  0.177291474    
314      I1         0.6742798354   2.696502058    4.257201646    0.2217283951   0.3023868313   0.1203703704   0.3319615912   0.2366534387   
315      I1         1.429835391    1.003497942    4.355967078    0.08057613169  0.2297942387   9.97962963     0.9986282579   0.4575687062   
316      I1         1.059053498    1.829012346    3.401234568    0.1195610425   0.1410699588   5.987037037    -0.9958847737  0.3621745199   
317      I1         0.408436214    2.512277092    4.067901235    0.1209053498   0.5403292181   6.72037037     0.329218107    0.28755891     
318      I1         1.240946502    2.696502058    3.516460905    0.2055967078   0.01201646091  0.1203703704   0.9986282579   0.454672167    
319      I1         0.8631687243   2.507613169    4.495884774    0.2257613169   0.4462277092   5.05           -0.1152263374  0.2073728388   
320      I1         1.429835391    2.134499314    4.33127572     0.3185185185   0.3386831276   5.57962963     -0.8559670782  0.2224838642   
321      I1         0.7302469136   2.416666667    4.150205761    0.1773662551   0.4583264746   3.37962963     -0.2633744856  0.2213684449   
322      I1         1.052057613    1.38127572     4.323045267    0.335994513    0.01201646091  0.1203703704   0.9958847737   0.3304640864   
323      I1         0.8655006859   2.164814815    4.495884774    0.2257613169   0.2418930041   7.77962963     -0.5514403292  0.231108493    
324      I1         1.052057613    2.696502058    3.829218107    0.2271056241   0.3346502058   8.92037037     0.329218107    0.2894200413   
325      I1         0.8701646091   1.612139918    3.390260631    0.03621399177  0.2418930041   3.37962963     -0.1152263374  0.3567060382   
326      I1         0.5553497942   2.325720165    3.615226337    0.1195610425   0.116872428    0.1203703704   -0.9958847737  0.3603765635   
327      I1         0.3174897119   1.465226337    3.83744856     0.1894650206   0.01067215364  3.42037037     0.9958847737   0.3891025486   
328      I1         0.6393004115   1.570164609    4.199588477    0.2257613169   0.1195610425   0.1203703704   0.304526749    0.2110744198   
329      I1         0.8678326475   1.759053498    3.170781893    0.1209053498   0.1047736626   0.1203703704   0.04115226337  0.3083823436   
330      I1         1.998834019    2.696502058    4.281893004    0.3346502058   0.4475720165   9.97962963     0.9958847737   0.4508853046   
331      I1         0.6742798354   2.698834019    4.430041152    0.2257613169   0.5201646091   1.17962963     0.9958847737   0.3083735462   
332      I1         1.998834019    2.696502058    4.281893004    0.3185185185   0.6976131687   0.1203703704   -0.9958847737  0.3530772314   
333      I1         0.9261316872   2.507613169    3.831961591    0.2257613169   0.2499588477   3.827777778    0.329218107    0.2623014194   
334      I1         1.534773663    2.696502058    4.281893004    0.2983539095   0.5914128944   0.1203703704   -0.2633744856  0.2718751742   
335      I1         0.5203703704   1.325308642    4.026748971    0.2271056241   0.02411522634  3.42037037     0.353909465    0.2312833655   
336      I1         0.5133744856   2.073868313    3.911522634    0.1572016461   0.2271056241   0.1203703704   0.04115226337  0.2630123685   
337      I1         0.8701646091   2.696502058    3.689300412    0.1572016461   0.01067215364  9.97962963     -0.1152263374  0.3784884245   
338      I1         1.429835391    2.698834019    3.615226337    0.3346502058   0.2781893004   0.1203703704   0.329218107    0.2680266535   
339      I1         1.998834019    1.122427984    4.298353909    0.1088065844   0.2983539095   6.72037037     -0.1316872428  0.4718271517   
340      I1         0.4014403292   1.374279835    4.281893004    0.2271056241   0.1249382716   3.42037037     0.6995884774   0.2041402102   
341      I1         1.317901235    1.563168724    4.199588477    0.1612345679   0.2983539095   9.97962963     0.3347050754   0.3024987535   
342      I1         0.5133744856   1.675102881    3.903292181    0.1894650206   0.1195610425   4.52037037     0.2551440329   0.2397521975   
343      I1         1.429835391    2.136831276    3.170781893    0.137037037    0.01067215364  9.97962963     -0.3374485597  0.4235017857   
344      I1         1.115020576    2.696502058    3.831961591    0.2620576132   0.201563786    4.031481481    -0.329218107   0.2423624797   
345      I1         0.4853909465   2.696502058    4.273662551    0.2271056241   0.3346502058   4.47962963     0.9958847737   0.3245447925   
346      I1         1.429835391    1.192386831    3.829218107    0.335994513    0.137037037    0.1203703704   0.7818930041   0.2797306247   
347      I1         1.429835391    1.003497942    3.170781893    0.01067215364  0.01201646091  0.1203703704   0.9958847737   0.5758814779   
348      I1         1.996502058    2.696502058    4.281893004    0.01067215364  0.6613168724   0.1203703704   0.9958847737   0.5571348531   
349      I1         1.366872428    2.423662551    4.487654321    0.1854320988   0.6626611797   0.1203703704   -0.329218107   0.276806524    
350      I1         0.5833333333   2.31872428     4.479423868    0.1719890261   0.4435390947   9.97962963     0.1810699588   0.2139128701   
351      I1         0.8678326475   1.059465021    3.829218107    0.2136625514   0.1249382716   3.42037037     0.9958847737   0.3181294432   
352      I1         1.998834019    2.136831276    4.487654321    0.1249382716   0.5564609053   0.1203703704   -0.329218107   0.4428776959   
353      I1         1.212962963    2.339711934    4.133744856    0.1572016461   0.6613168724   0.1203703704   -0.9986282579  0.2557211379   
354      I1         0.933127572    2.698834019    3.83744856     0.1773662551   0.5967901235   0.1203703704   0.1069958848   0.2632746695   
355      I1         1.401851852    2.136831276    4.051440329    0.1854320988   0.4233744856   0.1067901235   -0.1069958848  0.3247496157   
356      I1         0.6812757202   1.724074074    3.919753086    0.08864197531  0.335994513    9.97962963     0.329218107    0.2838807726   
357      I1         0.9261316872   2.325720165    3.831961591    0.2217283951   0.01201646091  0.1203703704   -0.3209876543  0.285772587    
358      I1         1.434499314    1.122427984    3.393004115    0.1249382716   0.1209053498   9.97962963     0.04115226337  0.380127794    
359      I1         0.8631687243   1.940946502    4.273662551    0.2271056241   0.1572016461   9.97962963     0.04115226337  0.238151956    
360      I1         0.6532921811   2.31872428     4.498628258    0.2136625514   0.2983539095   5.416666667    0.2551440329   0.2202210773   
361      I1         1.156995885    2.129835391    3.170781893    0.01067215364  0.01201646091  3.37962963     0.9958847737   0.5900381908   
362      I1         0.6812757202   1.122427984    4.051440329    0.09670781893  0.3346502058   9.97962963     0.9986282579   0.2563388622   
363      I1         0.8491769547   2.698834019    4.471193416    0.2257613169   0.5564609053   9.612962963    0.9958847737   0.3232168662   
364      I1         1.052057613    2.698834019    4.224279835    0.1773662551   0.6613168724   6.72037037     -0.07407407407 0.2600517139   
365      I1         0.9890946502   1.290329218    3.834705075    0.1612345679   0.1894650206   9.653703704    0.6502057613   0.3062959064   
366      I1         1.996502058    1.066460905    4.141975309    0.335994513    0.2297942387   0.1203703704   -0.3374485597  0.3806669895   
367      I1         0.3944444444   1.248353909    4.002057613    0.266090535    0.04427983539  0.1067901235   0.8559670782   0.2222697003   
368      I1         0.3944444444   1.563168724    3.977366255    0.2244170096   0.05637860082  0.1203703704   0.5514403292   0.2176493976   
369      I1         0.7232510288   1.001165981    4.059670782    0.1410699588   0.1572016461   0.1203703704   0.658436214    0.2975334819   
370      I1         1.432167353    1.003497942    4.495884774    0.1209053498   0.330617284    0.1203703704   0.9958847737   0.3669171883   
371      I1         1.996502058    1.563168724    3.83744856     0.01067215364  0.3023868313   0.1203703704   -0.9958847737  0.5568803944   
372      I1         1.996502058    1.059465021    3.977366255    0.1693004115   0.335994513    0.1203703704   -0.5514403292  0.4055674689   
373      I1         0.6812757202   1.437242798    4.059670782    0.2136625514   0.1195610425   2.32037037     0.5514403292   0.2294520102   
374      I1         1.996502058    2.696502058    3.639917695    0.01067215364  0.6613168724   9.97962963     -0.9958847737  0.5213233754   
375      I1         1.996502058    2.696502058    4.430041152    0.01067215364  0.6613168724   9.97962963     0.9958847737   0.5515345184   
376      I1         1.429835391    2.47962963     4.495884774    0.2217283951   0.6613168724   5.62037037     -0.3319615912  0.2555538227   
377      I1         1.059053498    2.698834019    4.273662551    0.2781893004   0.3467489712   3.42037037     0.3374485597   0.2243231744   
378      I1         1.998834019    2.696502058    3.977366255    0.5524279835   0.0483127572   9.97962963     -0.7983539095  0.2852327091   
379      I1         1.338888889    1.752057613    3.829218107    0.335994513    0.0846090535   5.57962963     -0.329218107   0.2080663823   
380      I1         0.6952674897   2.696502058    4.273662551    0.1894650206   0.4825240055   6.72037037     0.3374485597   0.2481093061   
381      I1         1.059053498    2.696502058    3.83744856     0.01201646091  0.6613168724   6.67962963     0.9986282579   0.506865649    
382      I1         1.122016461    1.815020576    4.495884774    0.181399177    0.286255144    0.1067901235   0.9958847737   0.3959502595   
383      I1         0.4877229081   2.136831276    3.170781893    0.05234567901  0.01201646091  6.72037037     -0.7736625514  0.4617867728   
384      I1         1.177983539    2.094855967    4.487654321    0.3265843621   0.1773662551   6.67962963     -0.3319615912  0.1836583569   
385      I1         1.31090535     1.570164609    3.609739369    0.1007407407   0.201563786    6.272222222    0.1069958848   0.3927277031   
386      I1         1.219958848    2.444650206    3.168038409    0.1572016461   0.1652674897   0.1203703704   -0.04115226337 0.344573532    
387      I1         1.429835391    2.136831276    3.831961591    0.1531687243   0.6048559671   9.97962963     -0.9958847737  0.248877158    
388      I1         1.998834019    2.696502058    3.83744856     0.1491358025   0.9879835391   0.1203703704   0.9958847737   0.4388778544   
389      I1         1.289917695    2.698834019    3.83744856     0.1854320988   0.6613168724   0.1203703704   0.9958847737   0.3891280144   
390      I1         1.625720165    2.325720165    4.495884774    0.2297942387   0.713744856    6.72037037     -0.9986282579  0.2444758028   
391      I1         0.4294238683   2.14382716     3.96090535     0.07654320988  0.4556378601   6.72037037     -0.3347050754  0.2947885349   
392      I1         0.779218107    2.437654321    4.059670782    0.1249382716   0.5537722908   9.97962963     -0.9958847737  0.2759162761   
393      I1         1.268930041    2.388683128    4.323045267    0.2055967078   0.664005487    9.97962963     -0.8477366255  0.220076866    
394      I1         0.8701646091   2.570576132    3.615226337    0.1209053498   0.6626611797   3.42037037     -0.633744856   0.2664406869   
395      I1         1.282921811    2.698834019    3.829218107    0.2257613169   0.6613168724   4.52037037     -0.5267489712  0.2410118197   
396      I1         1.60473251     2.134499314    4.462962963    0.1410699588   0.6330864198   7.453703704    -0.9794238683  0.2927217886   
397      I1         0.996090535    2.360699588    3.829218107    0.1733333333   0.5524279835   7.087037037    -0.9986282579  0.2212287735   
398      I1         1.996502058    2.696502058    3.83744856     0.2136625514   0.883127572    9.97962963     0.9986282579   0.3872823545   
399      I1         0.8678326475   2.262757202    3.829218107    0.1733333333   0.3386831276   9.97962963     -0.329218107   0.2580191331   
400      I1         1.996502058    2.136831276    3.829218107    0.335994513    0.4677366255   9.97962963     -0.3456790123  0.3270190787   
%eval_id interface log__t_efold_shallow log__t_efold_soil log__t_efold_karst f_exfiltration_shallow f_exfiltration_soil PDD_melt_factor log__routing_K neg_kge        
401      I1         1.219958848    1.68909465     4.323045267    0.2822222222   0.2741563786   9.287037037    -0.9986282579  0.1696496723   
402      I1         1.389958848    1.68909465     4.323045267    0.2822222222   0.2741563786   9.287037037    -0.9986282579  0.2224736301   
403      I1         1.219958848    1.85909465     4.323045267    0.2822222222   0.2741563786   9.287037037    -0.9986282579  0.189764304    
404      I1         1.219958848    1.68909465     4.323045267    0.3802222222   0.2741563786   9.287037037    -0.9986282579  0.2139072006   
405      I1         1.219958848    1.68909465     4.323045267    0.2822222222   0.3721563786   9.287037037    -0.9986282579  0.1479395549   
406      I1         1.219958848    1.68909465     4.323045267    0.2822222222   0.2741563786   9.287037037    -0.7986282579  0.1696729942   
407      I1         1.049958848    1.68909465     4.323045267    0.2822222222   0.2741563786   9.287037037    -0.9986282579  0.1619366717   
408      I1         1.219958848    1.51909465     4.323045267    0.2822222222   0.2741563786   9.287037037    -0.9986282579  0.1524486341   
409      I1         1.219958848    1.68909465     4.123045267    0.2822222222   0.2741563786   9.287037037    -0.9986282579  0.1657096236   
410      I1         1.219958848    1.68909465     4.323045267    0.1842222222   0.2741563786   9.287037037    -0.9986282579  0.2931247174   
411      I1         1.219958848    1.68909465     4.323045267    0.2822222222   0.1761563786   9.287037037    -0.9986282579  0.2203060754   
412      I1         1.219958848    1.68909465     4.323045267    0.2822222222   0.2741563786   8.297037037    -0.9986282579  0.1687916559   
413      I1         1.389958848    1.68909465     4.323045267    0.2822222222   0.3721563786   9.287037037    -0.9986282579  0.1717741056   
414      I1         1.219958848    1.85909465     4.323045267    0.2822222222   0.3721563786   9.287037037    -0.9986282579  0.1534684293   
415      I1         1.219958848    1.68909465     4.323045267    0.3802222222   0.3721563786   9.287037037    -0.9986282579  0.3254849136   
416      I1         1.219958848    1.68909465     4.323045267    0.2822222222   0.4701563786   9.287037037    -0.9986282579  0.2193530572   
417      I1         1.219958848    1.68909465     4.323045267    0.2822222222   0.3721563786   9.287037037    -0.7986282579  0.1479133501   
418      I1         1.049958848    1.68909465     4.323045267    0.2822222222   0.3721563786   9.287037037    -0.9986282579  0.2024311627   
419      I1         1.219958848    1.51909465     4.323045267    0.2822222222   0.3721563786   9.287037037    -0.9986282579  0.1655061296   
420      I1         1.219958848    1.68909465     4.123045267    0.2822222222   0.3721563786   9.287037037    -0.9986282579  0.1672553978   
421      I1         1.219958848    1.68909465     4.323045267    0.1842222222   0.3721563786   9.287037037    -0.9986282579  0.2220760701   
422      I1         1.219958848    1.68909465     4.323045267    0.2822222222   0.2741563786   9.287037037    -0.9986282579  0.1696496723   
423      I1         1.219958848    1.68909465     4.323045267    0.2822222222   0.3721563786   8.297037037    -0.9986282579  0.147212983    
424      I1         1.304958848    1.68909465     4.323045267    0.2822222222   0.3721563786   9.287037037    -0.9986282579  0.1546483301   
425      I1         1.219958848    1.77409465     4.323045267    0.2822222222   0.3721563786   9.287037037    -0.9986282579  0.1483916335   
426      I1         1.219958848    1.68909465     4.423045267    0.2822222222   0.3721563786   9.287037037    -0.9986282579  0.1517998583   
427      I1         1.219958848    1.68909465     4.323045267    0.3312222222   0.3721563786   9.287037037    -0.9986282579  0.2019425644   
428      I1         1.219958848    1.68909465     4.323045267    0.2822222222   0.4211563786   9.287037037    -0.9986282579  0.1692642261   
429      I1         1.219958848    1.68909465     4.323045267    0.2822222222   0.3721563786   9.782037037    -0.9986282579  0.1483369296   
430      I1         1.219958848    1.68909465     4.323045267    0.2822222222   0.3721563786   9.287037037    -0.8986282579  0.1479349462   
431      I1         1.134958848    1.68909465     4.323045267    0.2822222222   0.3721563786   9.287037037    -0.9986282579  0.1646187774   
432      I1         1.219958848    1.60409465     4.323045267    0.2822222222   0.3721563786   9.287037037    -0.9986282579  0.1531241135   
433      I1         1.219958848    1.68909465     4.223045267    0.2822222222   0.3721563786   9.287037037    -0.9986282579  0.1911140592   
434      I1         1.219958848    1.68909465     4.323045267    0.2332222222   0.3721563786   9.287037037    -0.9986282579  0.1700517254   
435      I1         1.219958848    1.68909465     4.323045267    0.2822222222   0.3231563786   9.287037037    -0.9986282579  0.1513252872   
436      I1         1.219958848    1.68909465     4.323045267    0.2822222222   0.3721563786   8.792037037    -0.9986282579  0.1475609906   
437      I1         1.262458848    1.68909465     4.323045267    0.2822222222   0.3721563786   9.287037037    -0.9986282579  0.149776559    
438      I1         1.219958848    1.73159465     4.323045267    0.2822222222   0.3721563786   9.287037037    -0.9986282579  0.1474921755   
439      I1         1.219958848    1.68909465     4.373045267    0.2822222222   0.3721563786   9.287037037    -0.9986282579  0.1714735481   
440      I1         1.219958848    1.68909465     4.323045267    0.3067222222   0.3721563786   9.287037037    -0.9986282579  0.1632532921   
441      I1         1.219958848    1.68909465     4.323045267    0.2822222222   0.3966563786   9.287037037    -0.9986282579  0.1551453387   
442      I1         1.219958848    1.68909465     4.323045267    0.2822222222   0.3721563786   9.534537037    -0.9986282579  0.1481401014   
443      I1         1.219958848    1.68909465     4.323045267    0.2822222222   0.3721563786   9.287037037    -0.9486282579  0.147938223    
444      I1         1.177458848    1.68909465     4.323045267    0.2822222222   0.3721563786   9.287037037    -0.9986282579  0.1510417243   
445      I1         1.219958848    1.64659465     4.323045267    0.2822222222   0.3721563786   9.287037037    -0.9986282579  0.1497871275   
446      I1         1.219958848    1.68909465     4.273045267    0.2822222222   0.3721563786   9.287037037    -0.9986282579  0.1665461257   
447      I1         1.219958848    1.68909465     4.323045267    0.2577222222   0.3721563786   9.287037037    -0.9986282579  0.1526288506   
448      I1         1.219958848    1.68909465     4.323045267    0.2822222222   0.3476563786   9.287037037    -0.9986282579  0.1470613801   
449      I1         1.219958848    1.68909465     4.323045267    0.2822222222   0.3721563786   9.039537037    -0.9986282579  0.1477470033   
450      I1         1.262458848    1.68909465     4.323045267    0.2822222222   0.3476563786   9.287037037    -0.9986282579  0.1527565263   
451      I1         1.219958848    1.73159465     4.323045267    0.2822222222   0.3476563786   9.287037037    -0.9986282579  0.1490504276   
452      I1         1.219958848    1.68909465     4.373045267    0.2822222222   0.3476563786   9.287037037    -0.9986282579  0.1632594363   
453      I1         1.219958848    1.68909465     4.323045267    0.3067222222   0.3476563786   9.287037037    -0.9986282579  0.1512242663   
454      I1         1.219958848    1.68909465     4.323045267    0.2822222222   0.3476563786   9.534537037    -0.9986282579  0.1472638131   
455      I1         1.219958848    1.68909465     4.323045267    0.2822222222   0.3476563786   9.287037037    -0.9486282579  0.1470609236   
456      I1         1.177458848    1.68909465     4.323045267    0.2822222222   0.3476563786   9.287037037    -0.9986282579  0.144557133    
457      I1         1.219958848    1.64659465     4.323045267    0.2822222222   0.3476563786   9.287037037    -0.9986282579  0.1461066937   
458      I1         1.219958848    1.68909465     4.273045267    0.2822222222   0.3476563786   9.287037037    -0.9986282579  0.1592666789   
459      I1         1.219958848    1.68909465     4.323045267    0.2577222222   0.3476563786   9.287037037    -0.9986282579  0.1602334671   
460      I1         1.219958848    1.68909465     4.323045267    0.2822222222   0.3231563786   9.287037037    -0.9986282579  0.1513252872   
461      I1         1.219958848    1.68909465     4.323045267    0.2822222222   0.3476563786   9.039537037    -0.9986282579  0.1468649022   
462      I1         1.177458848    1.73159465     4.323045267    0.2822222222   0.3476563786   9.287037037    -0.9986282579  0.1446144743   
463      I1         1.177458848    1.68909465     4.373045267    0.2822222222   0.3476563786   9.287037037    -0.9986282579  0.1705579182   
464      I1         1.177458848    1.68909465     4.323045267    0.3067222222   0.3476563786   9.287037037    -0.9986282579  0.1655637219   
465      I1         1.177458848    1.68909465     4.323045267    0.2822222222   0.3476563786   9.534537037    -0.9986282579  0.1447706799   
466      I1         1.177458848    1.68909465     4.323045267    0.2822222222   0.3476563786   9.287037037    -0.9486282579  0.1445538535   
467      I1         1.134958848    1.68909465     4.323045267    0.2822222222   0.3476563786   9.287037037    -0.9986282579  0.1539077238   
468      I1         1.177458848    1.64659465     4.323045267    0.2822222222   0.3476563786   9.287037037    -0.9986282579  0.1470992044   
469      I1         1.177458848    1.68909465     4.273045267    0.2822222222   0.3476563786   9.287037037    -0.9986282579  0.1649133185   
470      I1         1.177458848    1.68909465     4.323045267    0.2577222222   0.3476563786   9.287037037    -0.9986282579  0.1519928591   
471      I1         1.177458848    1.68909465     4.323045267    0.2822222222   0.3231563786   9.287037037    -0.9986282579  0.1450357374   
472      I1         1.177458848    1.68909465     4.323045267    0.2822222222   0.3476563786   9.039537037    -0.9986282579  0.1443522123   
473      I1         1.198708848    1.68909465     4.323045267    0.2822222222   0.3476563786   9.287037037    -0.9986282579  0.1452985646   
474      I1         1.177458848    1.71034465     4.323045267    0.2822222222   0.3476563786   9.287037037    -0.9986282579  0.1443453529   
475      I1         1.177458848    1.68909465     4.348045267    0.2822222222   0.3476563786   9.287037037    -0.9986282579  0.1835442071   
476      I1         1.177458848    1.68909465     4.323045267    0.2944722222   0.3476563786   9.287037037    -0.9986282579  0.1526849347   
477      I1         1.177458848    1.68909465     4.323045267    0.2822222222   0.3599063786   9.287037037    -0.9986282579  0.1470197615   
478      I1         1.177458848    1.68909465     4.323045267    0.2822222222   0.3476563786   9.410787037    -0.9986282579  0.1446626744   
479      I1         1.177458848    1.68909465     4.323045267    0.2822222222   0.3476563786   9.287037037    -0.9736282579  0.1445558808   
480      I1         1.156208848    1.68909465     4.323045267    0.2822222222   0.3476563786   9.287037037    -0.9986282579  0.1487548397   
481      I1         1.177458848    1.66784465     4.323045267    0.2822222222   0.3476563786   9.287037037    -0.9986282579  0.1456449409   
482      I1         1.177458848    1.68909465     4.298045267    0.2822222222   0.3476563786   9.287037037    -0.9986282579  0.1538333512   
483      I1         1.177458848    1.68909465     4.323045267    0.2699722222   0.3476563786   9.287037037    -0.9986282579  0.1461667121   
484      I1         1.177458848    1.68909465     4.323045267    0.2822222222   0.3354063786   9.287037037    -0.9986282579  0.1440462791   
485      I1         1.177458848    1.68909465     4.323045267    0.2822222222   0.3476563786   9.163287037    -0.9986282579  0.1444537918   
486      I1         1.198708848    1.68909465     4.323045267    0.2822222222   0.3354063786   9.287037037    -0.9986282579  0.1459611849   
487      I1         1.177458848    1.71034465     4.323045267    0.2822222222   0.3354063786   9.287037037    -0.9986282579  0.1446240069   
488      I1         1.177458848    1.68909465     4.348045267    0.2822222222   0.3354063786   9.287037037    -0.9986282579  0.1775338954   
489      I1         1.177458848    1.68909465     4.323045267    0.2944722222   0.3354063786   9.287037037    -0.9986282579  0.1491913554   
490      I1         1.177458848    1.68909465     4.323045267    0.2822222222   0.3354063786   9.410787037    -0.9986282579  0.1441516527   
491      I1         1.177458848    1.68909465     4.323045267    0.2822222222   0.3354063786   9.287037037    -0.9736282579  0.1440459674   
492      I1         1.156208848    1.68909465     4.323045267    0.2822222222   0.3354063786   9.287037037    -0.9986282579  0.1467248085   
493      I1         1.177458848    1.66784465     4.323045267    0.2822222222   0.3354063786   9.287037037    -0.9986282579  0.1439735732   
494      I1         1.177458848    1.68909465     4.298045267    0.2822222222   0.3354063786   9.287037037    -0.9986282579  0.1512177359   
495      I1         1.177458848    1.68909465     4.323045267    0.2699722222   0.3354063786   9.287037037    -0.9986282579  0.1481747921   
496      I1         1.177458848    1.68909465     4.323045267    0.2822222222   0.3231563786   9.287037037    -0.9986282579  0.1450357374   
497      I1         1.177458848    1.68909465     4.323045267    0.2822222222   0.3354063786   9.163287037    -0.9986282579  0.1439424032   
498      I1         1.188083848    1.68909465     4.323045267    0.2822222222   0.3354063786   9.287037037    -0.9986282579  0.1449047534   
499      I1         1.177458848    1.69971965     4.323045267    0.2822222222   0.3354063786   9.287037037    -0.9986282579  0.144304166    
500      I1         1.177458848    1.68909465     4.335545267    0.2822222222   0.3354063786   9.287037037    -0.9986282579  0.141787884    
501      I1         1.177458848    1.68909465     4.323045267    0.2883472222   0.3354063786   9.287037037    -0.9986282579  0.145777667    
502      I1         1.177458848    1.68909465     4.323045267    0.2822222222   0.3415313786   9.287037037    -0.9986282579  0.1440303258   
503      I1         1.177458848    1.68909465     4.323045267    0.2822222222   0.3354063786   9.348912037    -0.9986282579  0.1440987328   
504      I1         1.177458848    1.68909465     4.323045267    0.2822222222   0.3354063786   9.287037037    -0.9861282579  0.1440461426   
505      I1         1.166833848    1.68909465     4.323045267    0.2822222222   0.3354063786   9.287037037    -0.9986282579  0.1450222971   
506      I1         1.177458848    1.67846965     4.323045267    0.2822222222   0.3354063786   9.287037037    -0.9986282579  0.1438520165   
507      I1         1.177458848    1.68909465     4.310545267    0.2822222222   0.3354063786   9.287037037    -0.9986282579  0.1471338802   
508      I1         1.177458848    1.68909465     4.323045267    0.2760972222   0.3354063786   9.287037037    -0.9986282579  0.1456021976   
509      I1         1.177458848    1.68909465     4.323045267    0.2822222222   0.3292813786   9.287037037    -0.9986282579  0.1443880447   
510      I1         1.177458848    1.68909465     4.323045267    0.2822222222   0.3354063786   9.225162037    -0.9986282579  0.1439941251   
511      I1         1.188083848    1.68909465     4.335545267    0.2822222222   0.3354063786   9.287037037    -0.9986282579  0.142952286    
512      I1         1.177458848    1.69971965     4.335545267    0.2822222222   0.3354063786   9.287037037    -0.9986282579  0.1422265361   
513      I1         1.177458848    1.68909465     4.335545267    0.2883472222   0.3354063786   9.287037037    -0.9986282579  0.1419400479   
514      I1         1.177458848    1.68909465     4.335545267    0.2822222222   0.3415313786   9.287037037    -0.9986282579  0.1413701543   
515      I1         1.177458848    1.68909465     4.335545267    0.2822222222   0.3354063786   9.348912037    -0.9986282579  0.1418412211   
516      I1         1.177458848    1.68909465     4.335545267    0.2822222222   0.3354063786   9.287037037    -0.9861282579  0.1417877931   
517      I1         1.166833848    1.68909465     4.335545267    0.2822222222   0.3354063786   9.287037037    -0.9986282579  0.1416305956   
518      I1         1.177458848    1.67846965     4.335545267    0.2822222222   0.3354063786   9.287037037    -0.9986282579  0.1414092951   
519      I1         1.177458848    1.68909465     4.335545267    0.2760972222   0.3354063786   9.287037037    -0.9986282579  0.1440598011   
520      I1         1.177458848    1.68909465     4.335545267    0.2822222222   0.3292813786   9.287037037    -0.9986282579  0.1425171092   
521      I1         1.177458848    1.68909465     4.335545267    0.2822222222   0.3354063786   9.225162037    -0.9986282579  0.1417348763   
522      I1         1.188083848    1.68909465     4.335545267    0.2822222222   0.3415313786   9.287037037    -0.9986282579  0.142301458    
523      I1         1.177458848    1.69971965     4.335545267    0.2822222222   0.3415313786   9.287037037    -0.9986282579  0.1416728898   
524      I1         1.177458848    1.68909465     4.348045267    0.2822222222   0.3415313786   9.287037037    -0.9986282579  0.180358046    
525      I1         1.177458848    1.68909465     4.335545267    0.2883472222   0.3415313786   9.287037037    -0.9986282579  0.1424692109   
526      I1         1.177458848    1.68909465     4.335545267    0.2822222222   0.3476563786   9.287037037    -0.9986282579  0.141286444    
527      I1         1.177458848    1.68909465     4.335545267    0.2822222222   0.3415313786   9.348912037    -0.9986282579  0.1414232833   
528      I1         1.177458848    1.68909465     4.335545267    0.2822222222   0.3415313786   9.287037037    -0.9861282579  0.1413700273   
529      I1         1.166833848    1.68909465     4.335545267    0.2822222222   0.3415313786   9.287037037    -0.9986282579  0.1417996641   
530      I1         1.177458848    1.67846965     4.335545267    0.2822222222   0.3415313786   9.287037037    -0.9986282579  0.1411331889   
531      I1         1.177458848    1.68909465     4.335545267    0.2760972222   0.3415313786   9.287037037    -0.9986282579  0.1430737165   
532      I1         1.177458848    1.68909465     4.335545267    0.2822222222   0.3415313786   9.225162037    -0.9986282579  0.1413175079   
533      I1         1.188083848    1.67846965     4.335545267    0.2822222222   0.3415313786   9.287037037    -0.9986282579  0.1419548967   
534      I1         1.177458848    1.67846965     4.348045267    0.2822222222   0.3415313786   9.287037037    -0.9986282579  0.1819344256   
535      I1         1.177458848    1.67846965     4.335545267    0.2883472222   0.3415313786   9.287037037    -0.9986282579  0.1428859754   
536      I1         1.177458848    1.67846965     4.335545267    0.2822222222   0.3476563786   9.287037037    -0.9986282579  0.1412040702   
537      I1         1.177458848    1.67846965     4.335545267    0.2822222222   0.3415313786   9.348912037    -0.9986282579  0.1411863656   
538      I1         1.177458848    1.67846965     4.335545267    0.2822222222   0.3415313786   9.287037037    -0.9861282579  0.1411330464   
539      I1         1.166833848    1.67846965     4.335545267    0.2822222222   0.3415313786   9.287037037    -0.9986282579  0.1420517079   
540      I1         1.177458848    1.66784465     4.335545267    0.2822222222   0.3415313786   9.287037037    -0.9986282579  0.1409665324   
541      I1         1.177458848    1.67846965     4.323045267    0.2822222222   0.3415313786   9.287037037    -0.9986282579  0.1442177276   
542      I1         1.177458848    1.67846965     4.335545267    0.2760972222   0.3415313786   9.287037037    -0.9986282579  0.1425644895   
543      I1         1.177458848    1.67846965     4.335545267    0.2822222222   0.3415313786   9.225162037    -0.9986282579  0.1410805598   
544      I1         1.188083848    1.66784465     4.335545267    0.2822222222   0.3415313786   9.287037037    -0.9986282579  0.1416749671   
545      I1         1.177458848    1.66784465     4.348045267    0.2822222222   0.3415313786   9.287037037    -0.9986282579  0.1835868079   
546      I1         1.177458848    1.66784465     4.335545267    0.2883472222   0.3415313786   9.287037037    -0.9986282579  0.1433732546   
547      I1         1.177458848    1.66784465     4.335545267    0.2822222222   0.3476563786   9.287037037    -0.9986282579  0.1413577293   
548      I1         1.177458848    1.66784465     4.335545267    0.2822222222   0.3415313786   9.348912037    -0.9986282579  0.1410195266   
549      I1         1.177458848    1.66784465     4.335545267    0.2822222222   0.3415313786   9.287037037    -0.9861282579  0.1409663718   
550      I1         1.166833848    1.66784465     4.335545267    0.2822222222   0.3415313786   9.287037037    -0.9986282579  0.1423748748   
551      I1         1.177458848    1.65721965     4.335545267    0.2822222222   0.3415313786   9.287037037    -0.9986282579  0.1410549978   
552      I1         1.177458848    1.66784465     4.323045267    0.2822222222   0.3415313786   9.287037037    -0.9986282579  0.1446249632   
553      I1         1.177458848    1.66784465     4.335545267    0.2760972222   0.3415313786   9.287037037    -0.9986282579  0.1421190637   
554      I1         1.177458848    1.66784465     4.335545267    0.2822222222   0.3354063786   9.287037037    -0.9986282579  0.1410944199   
555      I1         1.177458848    1.66784465     4.335545267    0.2822222222   0.3415313786   9.225162037    -0.9986282579  0.1409143027   
556      I1         1.198708848    1.66784465     4.335545267    0.2822222222   0.3415313786   9.225162037    -0.9986282579  0.1425410117   
557      I1         1.177458848    1.68909465     4.335545267    0.2822222222   0.3415313786   9.225162037    -0.9986282579  0.1413175079   
558      I1         1.177458848    1.66784465     4.360545267    0.2822222222   0.3415313786   9.225162037    -0.9986282579  0.176885747    
559      I1         1.177458848    1.66784465     4.335545267    0.2944722222   0.3415313786   9.225162037    -0.9986282579  0.1471321375   
560      I1         1.177458848    1.66784465     4.335545267    0.2822222222   0.3537813786   9.225162037    -0.9986282579  0.142275428    
561      I1         1.177458848    1.66784465     4.335545267    0.2822222222   0.3415313786   9.348912037    -0.9986282579  0.1410195266   
562      I1         1.177458848    1.66784465     4.335545267    0.2822222222   0.3415313786   9.225162037    -0.9736282579  0.1409139366   
563      I1         1.156208848    1.66784465     4.335545267    0.2822222222   0.3415313786   9.225162037    -0.9986282579  0.1441740034   
564      I1         1.177458848    1.64659465     4.335545267    0.2822222222   0.3415313786   9.225162037    -0.9986282579  0.1413931286   
565      I1         1.177458848    1.66784465     4.310545267    0.2822222222   0.3415313786   9.225162037    -0.9986282579  0.1489549239   
566      I1         1.177458848    1.66784465     4.335545267    0.2699722222   0.3415313786   9.225162037    -0.9986282579  0.1442772607   
567      I1         1.177458848    1.66784465     4.335545267    0.2822222222   0.3292813786   9.225162037    -0.9986282579  0.1415070971   
568      I1         1.177458848    1.66784465     4.335545267    0.2822222222   0.3415313786   9.101412037    -0.9986282579  0.1408112054   
569      I1         1.188083848    1.66784465     4.335545267    0.2822222222   0.3415313786   9.225162037    -0.9986282579  0.1416234092   
570      I1         1.177458848    1.66784465     4.348045267    0.2822222222   0.3415313786   9.225162037    -0.9986282579  0.1835391674   
571      I1         1.177458848    1.66784465     4.335545267    0.2883472222   0.3415313786   9.225162037    -0.9986282579  0.1433207323   
572      I1         1.177458848    1.66784465     4.335545267    0.2822222222   0.3476563786   9.225162037    -0.9986282579  0.141304918    
573      I1         1.177458848    1.66784465     4.335545267    0.2822222222   0.3415313786   9.225162037    -0.9861282579  0.1409141424   
574      I1         1.166833848    1.66784465     4.335545267    0.2822222222   0.3415313786   9.225162037    -0.9986282579  0.1423217123   
575      I1         1.177458848    1.65721965     4.335545267    0.2822222222   0.3415313786   9.225162037    -0.9986282579  0.1410024261   
576      I1         1.177458848    1.66784465     4.323045267    0.2822222222   0.3415313786   9.225162037    -0.9986282579  0.144572702    
577      I1         1.177458848    1.66784465     4.335545267    0.2760972222   0.3415313786   9.225162037    -0.9986282579  0.1420670587   
578      I1         1.177458848    1.66784465     4.335545267    0.2822222222   0.3354063786   9.225162037    -0.9986282579  0.1410417943   
579      I1         1.177458848    1.66784465     4.335545267    0.2822222222   0.3415313786   9.163287037    -0.9986282579  0.1408625261   
580      I1         1.188083848    1.66784465     4.335545267    0.2822222222   0.3415313786   9.163287037    -0.9986282579  0.1415721055   
581      I1         1.177458848    1.67846965     4.335545267    0.2822222222   0.3415313786   9.163287037    -0.9986282579  0.1410285842   
582      I1         1.177458848    1.66784465     4.348045267    0.2822222222   0.3415313786   9.163287037    -0.9986282579  0.183492308    
583      I1         1.177458848    1.66784465     4.335545267    0.2883472222   0.3415313786   9.163287037    -0.9986282579  0.1432687508   
584      I1         1.177458848    1.66784465     4.335545267    0.2822222222   0.3476563786   9.163287037    -0.9986282579  0.141252599    
585      I1         1.177458848    1.66784465     4.335545267    0.2822222222   0.3415313786   9.163287037    -0.9861282579  0.140862366    
586      I1         1.166833848    1.66784465     4.335545267    0.2822222222   0.3415313786   9.163287037    -0.9986282579  0.142269138    
587      I1         1.177458848    1.65721965     4.335545267    0.2822222222   0.3415313786   9.163287037    -0.9986282579  0.140950332    
588      I1         1.177458848    1.66784465     4.323045267    0.2822222222   0.3415313786   9.163287037    -0.9986282579  0.1445209451   
589      I1         1.177458848    1.66784465     4.335545267    0.2760972222   0.3415313786   9.163287037    -0.9986282579  0.1420154431   
590      I1         1.177458848    1.66784465     4.335545267    0.2822222222   0.3354063786   9.163287037    -0.9986282579  0.1409895851   
591      I1         1.177458848    1.66784465     4.335545267    0.2822222222   0.3415313786   9.101412037    -0.9986282579  0.1408112054   
592      I1         1.188083848    1.66784465     4.335545267    0.2822222222   0.3415313786   9.101412037    -0.9986282579  0.1415209555   
593      I1         1.177458848    1.67846965     4.335545267    0.2822222222   0.3415313786   9.101412037    -0.9986282579  0.1409770488   
594      I1         1.177458848    1.66784465     4.348045267    0.2822222222   0.3415313786   9.101412037    -0.9986282579  0.1834461578   
595      I1         1.177458848    1.66784465     4.335545267    0.2883472222   0.3415313786   9.101412037    -0.9986282579  0.1432171561   
596      I1         1.177458848    1.66784465     4.335545267    0.2822222222   0.3476563786   9.101412037    -0.9986282579  0.1412007764   
597      I1         1.177458848    1.66784465     4.335545267    0.2822222222   0.3415313786   9.101412037    -0.9861282579  0.1408110456   
598      I1         1.166833848    1.66784465     4.335545267    0.2822222222   0.3415313786   9.101412037    -0.9986282579  0.1422172025   
599      I1         1.177458848    1.65721965     4.335545267    0.2822222222   0.3415313786   9.101412037    -0.9986282579  0.1408987182   
600      I1         1.177458848    1.66784465     4.323045267    0.2822222222   0.3415313786   9.101412037    -0.9986282579  0.1444696965   
601      I1         1.177458848    1.66784465     4.335545267    0.2760972222   0.3415313786   9.101412037    -0.9986282579  0.1419640793   
602      I1         1.177458848    1.66784465     4.335545267    0.2822222222   0.3354063786   9.101412037    -0.9986282579  0.1409377975   
603      I1         1.177458848    1.66784465     4.335545267    0.2822222222   0.3415313786   9.039537037    -0.9986282579  0.1407603953   
