%eval_id interface log__t_efold_shallow log__t_efold_soil log__t_efold_karst f_exfiltration_shallow f_exfiltration_soil PDD_melt_factor neg_kge        
1        I1         0.6881199015   1.090187553    3.395581343    0.3091048798   0.5953864639   9.719304767    2.071266558    
2        I1         1.969316018    1.846727143    2.824612651    0.7102397642   0.8255057529   6.59679333     1.143767125    
3        I1         1.857817526    1.794869922    2.615440332    0.8583340564   0.136307493    3.991173488    1.320402208    
4        I1         0.973829551    1.880140909    3.236266154    0.9795582233   0.537096675    4.504271809    2.538506866    
5        I1         1.361125029    1.772829532    2.510864016    0.7782062663   0.7991067335   0.5155318816   1.962437061    
6        I1         0.872472806    1.290716929    4.04804838     0.02456168552  0.6360603293   8.751343945    1.215903493    
7        I1         0.5570628343   2.086270055    3.653744343    0.8847277457   0.5565208168   1.447753494    2.728704691    
8        I1         1.144801891    1.189323103    4.360787384    0.4094759667   0.2999623596   1.28832285     0.8343809116   
9        I1         1.269443469    1.51774427     4.105667461    0.5574533339   0.2877460165   3.411606954    1.481288778    
10       I1         1.112249205    1.96163696     2.725188637    0.3513967573   0.9190928976   1.177112345    1.597432354    
11       I1         0.3237088733   2.61158016     3.63207404     0.78766895     0.9546232434   8.334224322    2.758699528    
12       I1         1.628908169    1.67081122     2.83496418     0.368880236    0.1890601572   8.703049179    0.7249028711   
13       I1         1.359382799    2.660330014    3.805383155    0.1350522446   0.2717204916   8.654259139    0.4752691678   
14       I1         1.326528753    2.629135782    3.537894867    0.5496203686   0.6396143959   8.49266892     1.246505015    
15       I1         0.5744913194   1.475532227    3.771107536    0.1569038732   0.2956648772   4.126543821    0.2137278169   
16       I1         1.751218561    1.963526746    2.972977533    0.4313628953   0.9713532722   7.331916469    1.238291102    
17       I1         1.990996676    1.394356037    3.984371269    0.1603838599   0.813832477    4.934930773    0.8308267774   
18       I1         0.9989670997   2.007974284    3.006263884    0.4223373309   0.3027026087   6.043796498    1.344775243    
19       I1         0.4301140715   2.444789642    4.08083248     0.307045893    0.5846141512   0.3973248431   1.251979059    
20       I1         0.8114660747   1.833095461    4.028099965    0.4496035419   0.4105007558   1.593846828    1.754953694    
21       I1         1.771193562    1.901955297    4.440692207    0.9197970148   0.3787398946   4.60317251     1.586052942    
22       I1         1.600285292    2.455724537    2.992332302    0.07083899011  0.9224487796   9.391928479    0.6453421761   
23       I1         1.507471669    1.213851171    3.439605621    0.09380691351  0.2819903394   8.370357904    0.3012301503   
24       I1         0.6677877611   1.816862121    3.314757769    0.8202279181   0.05784624219  8.861973182    2.622442513    
25       I1         1.614376697    1.511267464    3.282973026    0.7479293057   0.02848347457  9.035347113    1.345814226    
26       I1         1.444278275    1.149679854    3.941439147    0.8487916483   0.04916239375  1.696533584    1.851059257    
27       I1         0.4859222711   2.382780579    2.797400905    0.8287151901   0.4302886432   2.858188311    2.722878496    
28       I1         1.583172998    1.448917371    4.135486143    0.3027917464   0.3331156004   4.124835472    0.2041299068   
29       I1         0.6741398318   1.40414358     3.665054857    0.3947952275   0.6425564559   5.451772094    2.073546812    
30       I1         0.9821751427   2.381482366    4.415591986    0.1717771929   0.9023741      9.767570232    0.7573711664   
31       I1         0.3351591749   2.29651723     4.264413472    0.1586357021   0.2417438303   2.089410644    0.2744519487   
32       I1         1.682335925    1.875005895    2.789409178    0.06864317479  0.3931840479   1.857627286    0.588547597    
33       I1         1.324356168    2.191445607    2.628772169    0.8661838949   0.8014879318   9.688580275    2.066862369    
34       I1         1.860860465    1.74754868     3.287586518    0.594645732    0.9087467498   2.271706462    1.286013677    
35       I1         0.9080263691   1.461686529    3.03564899     0.7156196559   0.1597277525   9.604909417    2.25803151     
36       I1         1.186805977    2.635292786    3.443101497    0.4782339761   0.7373991272   6.266903658    1.252048034    
37       I1         1.381827444    1.400965242    3.21120112     0.5249688643   0.1177522271   3.745943433    1.115551781    
38       I1         1.799934239    2.126531714    3.868783827    0.179527658    0.7516442785   6.766951214    0.2696523505   
39       I1         0.787877155    2.462764673    2.815005329    0.100521532    0.220584488    6.165109595    0.375413972    
40       I1         1.301021493    2.397986451    4.207658737    0.1911231965   0.4617170534   6.763594913    0.3205935655   
41       I1         0.7724829562   1.07842609     3.742895652    0.128473036    0.5517586627   4.331382158    1.562615989    
42       I1         0.7675012623   1.865102614    3.190784844    0.2578996488   0.739563675    0.4714102173   1.504268742    
43       I1         1.683075573    2.347031718    4.469608268    0.6853682706   0.2644768829   8.799554718    0.8270246855   
44       I1         1.315604476    2.226407977    3.075562603    0.9664733799   0.8469582789   3.372111183    2.207494826    
45       I1         1.254082153    1.181177565    3.491418829    0.0903694521   0.7594634673   5.736727176    1.58358052     
46       I1         1.670202853    2.689725624    2.875069965    0.2887668062   0.06031807634  8.13962312     0.3120728305   
47       I1         1.012847891    2.353332986    4.109591472    0.3203010297   0.2666295428   9.849586199    0.1937444974   
48       I1         1.538629173    1.186086906    4.324691621    0.9125552918   0.633732568    2.946877912    1.920634334    
49       I1         0.8313026433   2.391765973    3.27858566     0.05106478175  0.5056121611   9.273599008    0.354273812    
50       I1         0.5937185563   1.015258679    3.156802105    0.9308505921   0.9325752491   7.064042437    2.765042865    
51       I1         0.5369019975   1.100195685    2.996022772    0.8055794563   0.01337837752  9.301918015    2.687644226    
52       I1         0.728718011    1.831704451    3.123302953    0.1156888522   0.2751800928   1.813236371    0.4295716027   
53       I1         1.162721522    2.103964652    2.976308004    0.8802523054   0.5312512202   6.001678038    2.257947724    
54       I1         0.3285586371   1.605384842    2.576428011    0.7994510876   0.6796230876   9.174741589    2.753149248    
55       I1         0.6609580598   1.231727704    4.460416691    0.4528106755   0.2935083771   9.807148281    2.069142777    
56       I1         0.4433185135   1.952210491    4.397440051    0.1681824529   0.3128979224   6.296109337    0.2078893474   
57       I1         1.015064302    1.201716412    3.195114581    0.2366521052   0.836560833    8.449250233    2.018032874    
58       I1         1.467821931    1.146068176    3.574528517    0.6090147236   0.6156617733   8.716605469    1.728931077    
59       I1         1.892783879    2.364682212    2.687332496    0.5748104646   0.5611679837   5.870925088    0.8482215741   
60       I1         1.275950592    1.423331016    4.180923743    0.3374150785   0.2317561964   9.082364385    0.1951847045   
61       I1         1.192182611    1.063528064    3.048511995    0.4929807404   0.5735897937   8.435700196    1.877517215    
62       I1         1.244751552    1.169199313    3.246093392    0.6421091236   0.4753711493   6.175578454    1.925453313    
63       I1         0.6263816946   2.27527896     3.954929593    0.8644663599   0.9830281785   3.161734854    2.671099557    
64       I1         0.866175135    1.887784017    2.752934595    0.3908718751   0.1117894441   0.1747179927   1.342245534    
65       I1         1.212023774    2.668874854    3.33756519     0.07396129374  0.2156810159   9.526076387    0.5069018903   
66       I1         0.5783994492   2.578719527    3.563084631    0.9169635703   0.4326145925   0.6281363281   2.742125091    
67       I1         1.310439953    1.219835666    4.497385341    0.4727462276   0.7618330616   6.903781316    1.876778689    
68       I1         1.850647614    2.133923259    2.674299496    0.6646589952   0.9883526835   8.818446818    1.243535326    
69       I1         1.901462023    1.029610094    2.885188013    0.5035474146   0.2536875913   9.990094479    0.79841734     
70       I1         0.3177406747   1.487285369    3.229890596    0.8700867974   0.4874712745   4.45813412     2.821503297    
71       I1         1.098367723    1.299671974    4.01903848     0.5167904168   0.1446908839   8.569121207    1.49545284     
72       I1         1.79550917     2.186006007    2.737443737    0.2257529178   0.7841465648   7.868435783    0.757546443    
73       I1         1.459552999    1.987294004    2.851202478    0.9243459712   0.9684807231   7.534625544    2.008752161    
74       I1         1.88843912     1.386281804    2.621126085    0.8392264346   0.5544699285   2.35856479     1.392004284    
75       I1         0.4737196634   1.576814556    3.401677843    0.3703465277   0.8857831008   5.774861325    2.206384622    
76       I1         0.5489412889   1.806078942    2.591160766    0.6160442773   0.8833437898   0.4383188587   2.409275037    
77       I1         0.9870801418   1.285348205    3.516151248    0.4476728921   0.1081480773   5.955674479    1.344342391    
78       I1         0.719191177    2.044425839    2.672121545    0.1060554789   0.1311815475   0.6846961195   0.6173609613   
79       I1         1.979905971    1.623563135    3.992164059    0.2345873294   0.5132588444   4.78116836     0.2994834342   
80       I1         0.8563423004   2.407301197    4.042251232    0.2729217598   0.6515158266   5.524604038    0.7168128195   
81       I1         1.141522265    2.215010462    3.885662293    0.6578579263   0.603556501    1.393663158    1.86233952     
82       I1         0.7461268417   2.470183567    3.929824668    0.6817590328   0.08285317218  0.7839750314   2.341269259    
83       I1         0.9744128914   1.754827795    4.154857191    0.152770079    0.6208331469   5.484717207    0.3340035347   
84       I1         1.422242053    2.221495105    2.915172285    0.6968460319   0.04468927487  5.436145523    1.513269454    
85       I1         1.908649771    2.318754595    4.237773043    0.1241161824   0.1376139005   5.371052394    0.5857434794   
86       I1         0.551983061    1.720055247    4.222988627    0.8439753187   0.3294683232   2.571069128    2.699675199    
87       I1         0.7409346075   2.644110444    4.02533537     0.4984778558   0.827400762    8.158161341    1.876567732    
88       I1         1.740831827    1.850722746    4.037871506    0.6318941159   0.1013074441   7.990311883    0.4070445687   
89       I1         0.3734655823   2.637878489    2.710066259    0.04631572826  0.2340491312   9.36699869     0.3687482736   
90       I1         0.6098356177   1.47684756     3.530301182    0.2626567102   0.812421547    7.03016898     2.00112197     
91       I1         0.7805910733   1.162088808    2.983373812    0.6112363957   0.9372722994   3.105402687    2.478187821    
92       I1         0.7579706501   2.600075591    3.667595332    0.3438077843   0.6483402606   7.899259404    1.189609745    
93       I1         1.382954783    2.590534515    3.151201792    0.3419970723   0.03575032858  7.717283805    0.3930144984   
94       I1         0.8192857502   2.262234132    3.609136604    0.7390744977   0.2851235629   9.435916875    2.366626487    
95       I1         0.4057035626   1.124789684    3.554404698    0.01761344909  0.5424318474   0.803349096    1.31619026     
96       I1         1.131380639    2.547458364    2.549313107    0.3297835083   0.15576903     0.9747690129   0.8756703586   
97       I1         1.775966423    1.926213285    3.481052509    0.4085227492   0.9466801024   0.7424392947   1.139116945    
98       I1         1.748286095    2.480325566    3.910475407    0.4686115266   0.1628758786   1.113506027    0.2462498483   
99       I1         0.8936899455   1.580142564    3.461227053    0.4439054183   0.7065786773   5.567548951    1.970747278    
100      I1         1.365941496    2.512240563    3.326822502    0.6478459703   0.8689908005   1.63161365     1.571272598    
101      I1         1.708819711    2.559012186    4.13262006     0.6396962211   0.9584592573   5.581352577    1.122033494    
102      I1         1.937686949    1.914040856    3.979006456    0.768180211    0.3251547208   0.241138325    0.8846159778   
103      I1         0.8971714963   1.502985028    4.371764867    0.9534866534   0.6635464248   3.876418288    2.577990655    
104      I1         1.076181637    1.648557062    4.145470396    0.1646286199   0.4931008605   5.656863288    0.1623867397   
105      I1         1.811396034    2.298393316    3.732907637    0.7351553244   0.4435392042   0.701920532    1.045195003    
106      I1         0.7482488826   1.629118409    2.85479035     0.465210757    0.7468992355   6.983470842    2.112492832    
107      I1         1.230764125    2.282828503    3.920708269    0.1033801179   0.6290082472   3.91128993     0.2941044067   
108      I1         1.518732135    1.265502074    2.599265732    0.5475402506   0.5475262182   4.447244152    1.58187577     
109      I1         0.8066862593   2.081967787    3.721320857    0.7643935641   0.9379771955   1.323055332    2.418530587    
110      I1         0.3052678245   2.607205399    2.528631855    0.06244660579  0.5895334026   6.315550258    0.5757480308   
111      I1         0.7957480231   2.049813049    3.593232741    0.06021600091  0.0890321183   2.505893795    0.5093017998   
112      I1         1.257981942    2.267059179    3.711363838    0.8888690782   0.9170078746   1.502057478    2.175183032    
113      I1         1.101323509    1.487467654    3.112754433    0.7047729654   0.1065470813   7.623043751    1.999276973    
114      I1         1.592116285    2.529878567    3.024145158    0.8873828238   0.7228376675   1.957400108    1.731826803    
115      I1         1.151278613    1.686736869    3.362561772    0.7599331456   0.8820383405   5.939641469    2.193907148    
116      I1         0.5702487049   1.591783969    3.54214926     0.3617429562   0.3850713039   6.953071345    1.751637481    
117      I1         1.674256652    1.239487442    2.934513602    0.5006140939   0.5329572475   3.940408519    1.263139608    
118      I1         1.225710618    1.248939516    4.23019236     0.5540566055   0.1289259313   0.3257977483   1.313972017    
119      I1         1.389904313    2.623360368    3.496524632    0.2944660222   0.8745567966   5.071982654    0.6356994723   
120      I1         1.406987481    1.563813263    3.447680515    0.07736213041  0.01958054421  2.171727156    0.5382557423   
121      I1         0.8352697815   1.643923416    2.50197392     0.2934147745   0.03002443055  9.583711601    1.159728085    
122      I1         0.3540151082   1.353113064    2.612978149    0.7362907138   0.807958624    3.042521913    2.706525579    
123      I1         1.527668383    1.236657754    3.898699169    0.1752551528   0.871363053    8.584118857    1.619866975    
124      I1         1.933004722    1.607062876    3.27268924     0.1493129      0.5031211313   6.850141074    0.4073553843   
125      I1         1.107474017    2.016681234    4.48415467     0.5763089343   0.3221937678   8.194513123    1.714104564    
126      I1         1.280854117    2.074017228    3.373360849    0.4631838113   0.4473012554   6.440097854    1.158000877    
127      I1         0.7074897604   1.359935892    3.674383694    0.5353698492   0.3533398499   4.166339747    2.163624783    
128      I1         0.39845222     2.161198875    2.830048849    0.03232881701  0.7282635288   3.558779445    0.7569092197   
129      I1         0.869678216    2.201317947    2.782108588    0.8944457742   0.5982216018   6.216627951    2.536748841    
130      I1         1.335763744    1.950323918    3.831236871    0.668142229    0.7171644045   2.777260348    1.765307187    
131      I1         1.3490471      1.061946202    2.666142613    0.4360845678   0.4273640679   1.740474131    1.532177725    
132      I1         0.9241843732   1.022174469    4.421940351    0.8608480364   0.03786302582  8.095700615    2.462471463    
133      I1         0.5014862514   1.740200609    2.808007965    0.6297198519   0.2576233267   2.770534601    2.39969226     
134      I1         1.288003539    1.542045094    3.084757358    0.7426416074   0.02016356509  4.801508251    1.806832139    
135      I1         1.783188645    1.522818988    4.006081118    0.7860742005   0.1849948652   1.989780196    1.1900645      
136      I1         0.9931211435   1.157178291    3.13492306     0.6742736568   0.182428131    9.548449799    2.111158222    
137      I1         1.171461564    1.303784423    3.097604414    0.6465402684   0.5220185425   2.999869278    2.010983903    
138      I1         1.876269462    2.619524521    4.340212492    0.4832078674   0.1952555708   7.516776562    0.2988015891   
139      I1         0.3902345162   1.042055073    3.647405117    0.9844407052   0.2239289244   3.177402617    2.882737386    
140      I1         0.5094663364   2.204138346    3.20471397     0.2506824008   0.465508111    5.385674145    1.111922576    
141      I1         1.340856682    1.637809805    2.741246095    0.7827888579   0.4543216541   5.133200276    1.944273923    
142      I1         0.6158441461   1.197083982    3.349998568    0.3745234011   0.07391524674  8.296674237    1.479566916    
143      I1         1.72488636     1.1350667      4.292586158    0.7134540686   0.2464161253   1.276621057    1.164140326    
144      I1         0.408544849    1.705854979    4.454172702    0.1423160262   0.6631821369   1.57776624     1.259553274    
145      I1         1.868473146    1.693992783    3.639907075    0.9485655461   0.1505513559   9.33223508     1.483975145    
146      I1         1.815934321    2.288418569    3.469245654    0.9264071911   0.1214055083   0.8712048423   1.468054469    
147      I1         1.948251375    2.493927199    3.968111588    0.9462985109   0.09428000369  9.935364316    1.307026511    
148      I1         0.9537959759   2.572289077    3.839459706    0.8162194583   0.4965381045   2.596206367    2.370528243    
149      I1         0.36004142     1.496423881    3.424068791    0.127562032    0.6908226698   5.308717337    1.624248679    
150      I1         0.7196277594   1.545416253    2.719834169    0.7558619954   0.6720925495   3.812652926    2.509451111    
151      I1         0.4360475337   1.509549826    2.761519739    0.7262102806   0.8223547415   7.952141837    2.648250053    
152      I1         0.3485504418   1.173806576    3.45754666     0.5638427568   0.09677803858  2.418285222    2.420963303    
153      I1         1.564016217    1.892177349    4.077979364    0.6064637601   0.5927817656   9.496401716    1.361831417    
154      I1         0.5303073602   1.266991593    4.374703127    0.1134234945   0.607010724    6.52304944     1.631458076    
155      I1         0.9657950803   2.459660638    3.253518959    0.2863724592   0.4692989556   3.302655049    0.7083062805   
156      I1         1.200518864    2.141465459    3.606658393    0.8970061838   0.3700228634   4.019669975    2.238447457    
157      I1         0.6558687647   1.930591487    3.692109568    0.6022610977   0.2087928288   5.162715657    2.246481981    
158      I1         0.3443498047   1.283147972    3.217801873    0.4149177055   0.2271843178   4.563016676    2.051308219    
159      I1         1.092924469    2.37031698     4.172137493    0.9105767505   0.7707287291   9.929435802    2.349361316    
160      I1         1.730353726    2.120810807    2.726943377    0.1448942896   0.9622850424   7.283779674    0.9204700507   
161      I1         0.6501714999   2.056057473    4.446948188    0.8261550649   0.1790726062   2.025216672    2.624883328    
162      I1         0.7603459946   1.985846631    2.693563229    0.4257638904   0.9848527638   9.006293536    1.961867472    
163      I1         0.7357388406   1.675837711    2.605669016    0.8496504772   0.4780046208   2.681876318    2.592182598    
164      I1         0.4240566145   2.530528148    3.756594181    0.8096779854   0.1685791455   4.956372551    2.762694711    
165      I1         1.973053607    1.425525521    3.703694044    0.7300191398   0.7934731076   7.652579117    1.197931285    
166      I1         1.085592975    1.855932989    3.306796818    0.2674938073   0.3355639597   8.050056009    0.6532780119   
167      I1         0.519434217    1.222511354    4.125732872    0.7502022129   0.367962828    8.893932136    2.652741732    
168      I1         1.395449208    2.035421557    4.311366217    0.941346387    0.3871736439   4.884283603    2.080290031    
169      I1         1.177159204    1.346035666    3.617691695    0.9378834073   0.7898699603   4.630881637    2.332861662    
170      I1         1.531535246    2.030189091    2.888551602    0.3205776368   0.02603853883  4.063302564    0.5304896459   
171      I1         1.574434238    1.790683409    4.393020831    0.8399888113   0.2025505396   3.665753972    1.668578307    
172      I1         1.645442561    2.436423644    2.93227432     0.9805095429   0.4360470655   6.688892982    1.821639478    
173      I1         1.117992494    2.594591468    3.18661111     0.9033250825   0.8969460614   4.410688445    2.315410605    
174      I1         1.841418893    1.109985789    2.641115736    0.4751500174   0.4852475744   5.220264853    1.07392385     
175      I1         0.9481382881   1.457724002    4.012869763    0.6238800601   0.8178788364   7.15887715     2.264450045    
176      I1         1.665250111    1.442057733    3.845312261    0.05397155562  0.5694610568   4.058018758    0.2303256671   
177      I1         0.7999073836   1.328667274    4.478762658    0.2482968935   0.805928482    5.682692331    2.012487134    
178      I1         0.4552595495   2.106105563    3.549718539    0.989453186    0.3148766168   8.62880349     2.867352973    
179      I1         0.4479365181   1.664203842    3.752344211    0.4563962076   0.5760678983   7.21046598     2.181025635    
180      I1         1.542088596    2.664262274    3.584868323    0.333323562    0.7724180491   2.073431759    0.4981667744   
181      I1         1.911398778    2.555003389    4.300944502    0.6177638289   0.1413102393   7.105306752    0.205277976    
182      I1         1.557081237    1.072841677    2.563463878    0.5837991308   0.685109752    2.118319626    1.70067441     
183      I1         1.266159008    2.51442489     3.951384311    0.04404286758  0.4242836668   8.08061807     0.5099370869   
184      I1         1.024984263    2.273852932    4.266933182    0.3136359659   0.9310201391   4.715888998    1.291942794    
185      I1         0.4304851418   1.749257324    3.140613029    0.8532681676   0.7054546704   7.375963574    2.762332682    
186      I1         0.5212860984   1.374843451    4.314317134    0.5316747404   0.279182846    4.217818408    2.285656688    
187      I1         1.956310536    1.382261558    4.068233866    0.02682032949  0.1659209448   3.585673627    0.6020629107   
188      I1         1.046500615    2.091183159    3.391570594    0.3534372038   0.964709477    8.24717916     1.579070288    
189      I1         1.026046435    1.276145037    4.297124512    0.1339867501   0.5280954635   4.894030408    0.3842574649   
190      I1         0.9059262998   1.558553607    4.278076749    0.4844471541   0.4161493205   5.618450393    1.868916594    
191      I1         1.962053355    2.488531847    2.538278452    0.08532162429  0.2682707875   0.275446016    0.4147728056   
192      I1         1.069000019    1.941346502    4.053596237    0.2212320219   0.6568343862   7.256774185    0.8452006043   
193      I1         1.758476031    1.763486224    4.25617578     0.7000810092   0.8759965862   9.893005244    1.506985088    
194      I1         1.446335508    1.802122459    3.788768941    0.8314936832   0.3741075441   5.08417707     1.857956305    
195      I1         1.784835303    1.614103081    4.284302384    0.1869733362   0.5642428646   0.1095228706   0.2682757869   
196      I1         1.636678545    2.148702014    3.59973603     0.282446083    0.9267890524   2.653942694    0.9534230223   
197      I1         1.712625696    1.116056146    3.824234156    0.6350235686   0.6994658029   4.727184153    1.495488473    
198      I1         1.373481817    2.422904768    4.244486286    0.2689075142   0.941542642    2.183137175    0.8293462767   
199      I1         1.13489634     1.972364014    3.128993032    0.8742615238   0.7329755853   7.310678901    2.281424843    
200      I1         1.578140663    2.50296565     3.764382356    0.876164382    0.2375262317   2.715362389    1.721488672    
201      I1         1.428226823    1.618783662    3.014647514    0.9752273023   0.2448017307   9.773474863    2.088581464    
202      I1         0.6363943388   2.673454282    3.409406389    0.7218329044   0.191096213    8.960502068    2.500604305    
203      I1         1.216061424    2.232347639    2.955537223    0.0138220575   0.2098740821   4.310346469    0.432117196    
204      I1         0.3131261282   2.680127378    2.651214515    0.6010773471   0.1479898162   1.779648702    2.481562607    
205      I1         1.998319731    1.105283673    2.872825091    0.2528676024   0.5109124987   9.121403494    0.7257944391   
206      I1         0.937441218    2.254104281    3.903464658    0.4033144509   0.6084285145   3.506294406    1.361873551    
207      I1         1.126024947    2.432352504    3.34417956     0.5394486182   0.3801969768   6.827758737    1.481010898    
208      I1         0.9154537974   1.31261729     4.413056666    0.2294786622   0.9142553178   0.9572361427   2.080474932    
209      I1         0.4175703839   2.477854227    2.520144982    0.9569122946   0.3509214385   5.787673809    2.861926998    
210      I1         0.7113794074   1.81166574     3.64216882     0.7522225039   0.6270359666   6.895136135    2.48134468     
211      I1         0.3107108767   1.57146601     3.251077035    0.03599679946  0.7943040718   3.486612735    1.554003804    
212      I1         0.8414926297   2.112643846    2.702744019    0.5665403297   0.4484366104   3.697353834    1.976384465    
213      I1         1.452181115    1.010688332    3.624777989    0.5617577824   0.5185026592   9.442576294    1.607820881    
214      I1         0.4976089969   1.024249216    3.809025626    0.3991976672   0.8435021733   1.20806615     2.493838153    
215      I1         0.9445149779   2.309147292    4.251926883    0.9358103204   0.7289337692   9.199591692    2.517981682    
216      I1         0.6401521459   1.535255594    3.938366512    0.3334357705   0.4707808031   3.347979457    1.74126003     
217      I1         1.822802265    1.823230549    3.370947356    0.5440634302   0.7449829453   6.634035164    1.0947031      
218      I1         1.651440729    1.43332527     3.735029668    0.3579996258   0.3985872561   5.190489881    0.4067157683   
219      I1         0.3677524232   2.327072205    2.895061716    0.2228202545   0.7761797963   5.814931171    1.282639694    
220      I1         1.836356129    2.564005466    3.961198443    0.2175845276   0.3617422335   2.891081887    0.4484715646   
221      I1         1.464084269    2.024418459    3.693600047    0.7740396554   0.3045696348   0.9222992184   1.675588857    
222      I1         1.738002296    1.371707752    3.325752487    0.9063060078   0.8581902132   4.529884387    1.705616117    
223      I1         0.4921449078   1.90839714     2.925289364    0.8130420474   0.7807575394   5.877084206    2.693528285    
224      I1         0.7856290043   1.138117183    3.178457219    0.5852573008   0.8350015658   9.65776003     2.433629404    
225      I1         0.460359321    1.732391951    3.510254339    0.4393065005   0.1985287257   7.187073331    1.948202848    
226      I1         1.559430362    1.527044211    2.555153062    0.3832702037   0.4526974088   6.548255037    1.167358299    
227      I1         1.347496987    1.588301778    3.506186554    0.8351751549   0.4200881004   2.28079469     2.011334693    
228      I1         1.492923017    1.995419009    3.164319841    0.05814758281  0.05394717492  8.415995466    0.5070072469   
229      I1         1.498235502    1.368306792    2.906036344    0.6948103972   0.8629435835   3.251303546    1.869347579    
230      I1         1.550696324    2.653075503    3.087118066    0.1822568941   0.4387943063   6.710055755    0.3288767492   
231      I1         0.4792202012   1.090962769    4.116854075    0.5112211774   0.9527122088   4.247479126    2.58289553     
232      I1         0.8535962471   1.469167139    3.876091411    0.9698528934   0.8604976298   1.059934205    2.616679056    
233      I1         1.160758497    2.333158098    4.191135207    0.7772854328   0.9751072237   8.538878684    2.114035816    
234      I1         0.8480205554   2.372407311    3.385764139    0.3768789556   0.4827215116   2.631645173    1.265836688    
235      I1         1.701964074    1.310918435    3.068165516    0.588488354    0.2602711335   0.3582731703   1.019495671    
236      I1         1.722002096    2.402522684    4.334839097    0.4895793974   0.6953665752   7.427576021    0.5773159619   
237      I1         0.9621420747   2.538197415    3.91705676     0.507708016    0.7113755041   7.978424054    1.658536206    
238      I1         0.6957140961   2.000874494    2.908180833    0.03765811168  0.653742217    3.465457878    0.7729394596   
239      I1         0.9177023502   1.767639995    4.153250314    0.5699990112   0.5233939486   4.675868525    2.023300498    
240      I1         0.3949104709   1.899072277    3.03283948     0.09506460568  0.509737054    1.941395209    0.7866893784   
241      I1         1.832347989    2.06095185     3.056453917    0.2997027545   0.5429176497   7.822289279    0.6128092327   
242      I1         1.479476688    2.175444903    3.304219489    0.2137834302   0.8329797208   6.399624598    0.8427814596   
243      I1         0.3762842491   2.23575481     2.804628639    0.9614109575   0.356885533    5.318249909    2.880506007    
244      I1         1.881864559    2.306006852    3.419812513    0.6251937004   0.3073840553   1.149210547    0.6217482121   
245      I1         0.6729906473   2.208117891    4.382333396    0.2053694139   0.757544596    2.212150905    0.9521788112   
246      I1         1.488799289    2.037781874    3.427281611    0.8179985224   0.8928641198   3.783799195    1.836733123    
247      I1         1.915915018    1.259956569    3.042674409    0.01128075689  0.3909964414   3.215896412    0.3868255984   
248      I1         1.69721588     1.867335465    2.657896966    0.2398713653   0.6674393617   3.831712223    0.9223188301   
249      I1         0.8789505393   1.437335597    2.581990262    0.1205591682   0.1201212604   2.534502614    0.7446643644   
250      I1         1.250014581    2.129963821    3.060427032    0.7909367982   0.8537564426   1.905774743    2.043966021    
251      I1         0.5625116465   1.780657403    4.489577456    0.5788593947   0.3997498947   7.789316642    2.311841065    
252      I1         0.9314794921   2.013724513    2.544647477    0.6558531331   0.05124040972  0.8342739093   2.055010622    
253      I1         0.4689079693   2.25008588     3.847275111    0.6702249147   0.3414620436   1.683142635    2.50103819     
254      I1         1.51752088     1.597078326    4.064944398    0.7968582963   0.10346091     3.289680331    1.635127184    
255      I1         1.05919981     2.241502952    4.177968403    0.6602045533   0.6889461185   1.040583558    1.980629587    
256      I1         1.82491466     1.550618968    4.218569711    0.4156345467   0.949165208    2.389447736    1.387957392    
257      I1         0.6218146609   1.654378836    3.223508307    0.02088740981  0.459415704    7.751662791    0.5153641907   
258      I1         1.062583374    1.120258727    3.794201365    0.8012678524   0.842247825    9.218734886    2.373417537    
259      I1         1.608771412    1.937680794    4.08921173     0.3476104215   0.2484786123   7.407846489    0.2612393663   
260      I1         1.622287052    2.324481988    2.681218689    0.07903790755  0.6438213597   2.34359497     0.625228252    
261      I1         1.870099175    2.499003633    3.717211402    0.7065912886   0.6746964876   1.458145766    0.9709712427   
262      I1         0.3830346702   2.447268904    4.353231216    0.4583877322   0.2052308283   2.456995337    2.064929579    
263      I1         1.296228928    1.783104062    4.166435226    0.4342557839   0.9077946181   1.544169539    1.679435938    
264      I1         1.303370076    1.338449556    2.841873065    0.2810816412   0.3632845532   6.48335404     1.048863649    
265      I1         1.434442838    2.180520308    3.474362922    0.2099069187   0.5788924596   0.1383557627   0.3636152078   
266      I1         1.921550885    2.419043855    3.998975956    0.2089163743   0.4123488404   7.465637508    0.4464640446   
267      I1         1.052531105    2.165513297    4.43791119     0.1094647061   0.7193760053   1.231381987    0.2087524292   
268      I1         1.415755904    1.712391478    3.784201027    0.9014394052   0.07942275114  0.3695975357   1.994163274    
269      I1         1.953548078    1.661443372    2.767248125    0.3961759723   0.979447786    3.090635965    1.187464529    
270      I1         0.6996487793   1.322749343    4.432868669    0.3140481537   0.2176088771   0.2008739061   0.3857308194   
271      I1         1.659968719    1.005001595    3.006847077    0.2011009297   0.714725534    3.661604156    1.28410974     
272      I1         1.031569625    1.840114       2.518656767    0.2605007178   0.5857182627   7.772486148    1.317774617    
273      I1         1.23714383     1.034365161    2.948627563    0.6923296241   0.3475140804   6.01519677     1.955793585    
274      I1         1.420646476    2.543200157    4.095182904    0.5146411477   0.8994223175   1.845591962    1.146962149    
275      I1         1.040563043    1.41831238     2.778552717    0.3240121076   0.320086903    9.053510048    1.301684214    
276      I1         1.205255055    2.095049203    3.526345781    0.2749906241   0.8887746462   7.585434032    1.213495087    
277      I1         1.931563387    2.413440626    3.681351124    0.676848485    0.4967438265   4.999514334    0.7593942438   
278      I1         0.6021373378   1.975972814    2.941309496    0.9711978667   0.6121861275   0.5511667692   2.753058614    
279      I1         1.690483718    1.206270639    3.571354347    0.1861942359   0.6802152624   0.6063780837   0.9757643378   
280      I1         1.589566797    1.408394001    3.357614425    0.2421199327   0.7855111937   7.662693208    1.347879367    
281      I1         0.6847636401   2.171886984    3.888104274    0.03961106068  0.1250539843   6.124559585    0.5582959957   
282      I1         1.404016156    2.339796042    2.57275019     0.1397966434   0.622309483    6.409110143    0.6790508256   
283      I1         0.8884118105   1.340093733    2.757391787    0.6890713407   0.6961344583   2.908796736    2.35545652     
284      I1         0.5420655705   2.522935073    3.296963637    0.4961993767   0.01152641849  6.352420219    2.064778354    
285      I1         1.80468192     2.35817213     3.168104999    0.9315443773   0.04071712417  5.275197541    1.518124203    
286      I1         1.005887567    2.694562258    3.778708329    0.7246198575   0.3380955784   7.027733153    2.136979236    
287      I1         0.8239859326   1.717746796    3.113606452    0.5950280336   0.7659888071   1.373626406    2.222734955    
288      I1         0.5874682381   1.084743497    3.859167714    0.1985720714   0.08592714136  4.365068302    0.2273137432   
289      I1         1.474533859    2.58541142     4.196549783    0.5377850523   0.06784710513  4.286154237    0.251460624    
290      I1         1.764753117    1.727952704    4.20024087     0.9575132077   0.1739787854   3.614292698    1.64548776     
291      I1         1.221021649    1.254938783    2.965447787    0.5227558373   0.4023888976   6.61131203     1.679007341    
292      I1         0.5144262091   1.684763754    4.328839539    0.08187029442  0.8500911906   8.264963864    1.560465558    
293      I1         1.64120002     2.066444463    3.860473881    0.3637232882   0.4067010932   1.010521473    0.2159300191   
294      I1         1.618362611    1.702042258    2.635728609    0.3857637516   0.3434151444   6.104156355    0.94244492     
295      I1         1.987353195    1.327864414    2.863239585    0.3820957175   0.07719894133  3.013930012    0.5223920259   
296      I1         1.081726666    2.153882841    3.819235255    0.1946010934   0.06917312631  4.846555464    0.3582815775   
297      I1         0.600299416    2.6877406      4.357918419    0.7660642874   0.5671904152   8.935380853    2.586523838    
298      I1         1.182398971    1.919140271    3.100025495    0.6520493137   0.06335144982  2.837997409    1.724169837    
299      I1         1.505239601    1.051939886    3.260898568    0.4191608878   0.172586491    5.044471134    0.7187753434   
300      I1         0.6296351808   1.046458867    4.406230546    0.5279734897   0.7502055389   0.5941868708   2.480377203    
301      I1         0.9401234568   1.308984911    4.498628258    0.2096296296   0.1383813443   0.1067901235   0.2363666616   
302      I1         1.070713306    1.754389575    4.498628258    0.09133058985  0.51478738     0.1339506173   0.2275471049   
303      I1         0.6509602195   1.633127572    4.054183813    0.2042524005   0.1787105624   6.706790123    0.212000392    
304      I1         0.613648834    1.325308642    4.177640604    0.1908093278   0.1760219479   1.777160494    0.2138334381   
305      I1         1.243278464    1.567832647    4.35048011     0.137037037    0.4448834019   3.393209877    0.1949354126   
306      I1         0.7232510288   2.195130316    4.18861454     0.1477914952   0.4408504801   5.470987654    0.2340081433   
307      I1         1.068381344    1.754389575    4.498628258    0.1249382716   0.5470507545   5.633950617    0.1708849602   
308      I1         1.998834019    2.698834019    4.427297668    0.01067215364  0.6626611797   3.393209877    0.5407305586   
309      I1         1.709670782    2.635871056    4.133744856    0.2217283951   0.6156104252   3.77345679     0.3611659036   
310      I1         1.087037037    2.682510288    4.177640604    0.1908093278   0.5914128944   0.1067901235   0.2751848616   
311      I1         1.998834019    1.567832647    4.281893004    0.01067215364  0.5268861454   9.993209877    0.4060098327   
312      I1         1.623388203    1.567832647    4.056927298    0.1303155007   0.4717695473   6.340123457    0.259405318    
313      I1         0.676611797    2.300068587    4.276406036    0.2109739369   0.2378600823   6.706790123    0.2408274807   
314      I1         0.8655006859   2.698834019    3.757887517    0.1908093278   0.01067215364  6.706790123    0.3212409495   
315      I1         1.059053498    1.754389575    4.177640604    0.1222496571   0.5416735254   1.193209877    0.2074105758   
316      I1         1.322565158    2.449314129    3.831961591    0.2983539095   0.2647462277   3.393209877    0.2452502835   
317      I1         1.998834019    2.134499314    3.831961591    0.1558573388   0.6626611797   0.1067901235   0.3686364261   
318      I1         0.5296982167   2.134499314    3.831961591    0.1222496571   0.335994513    9.993209877    0.2860994173   
319      I1         1.998834019    2.698834019    2.72085048     0.01067215364  0.01067215364  0.1339506173   0.5428486823   
320      I1         1.998834019    2.698834019    2.572702332    0.2271056241   0.01067215364  3.393209877    0.3797843593   
321      I1         1.056721536    1.325308642    4.498628258    0.2781893004   0.1733333333   6.706790123    0.1662639138   
322      I1         1.597736626    2.323388203    3.831961591    0.2875994513   0.51478738     0.1067901235   0.2748057165   
323      I1         1.434499314    2.572908093    2.943072702    0.1894650206   0.01067215364  0.1067901235   0.3369529952   
324      I1         1.998834019    2.134499314    4.498628258    0.1477914952   0.7715500686   9.993209877    0.3102966337   
325      I1         1.835596708    1.86399177     4.427297668    0.335994513    0.4462277092   0.1067901235   0.2904833343   
326      I1         1.723662551    2.029561043    4.276406036    0.1195610425   0.6613168724   3.393209877    0.2891076937   
327      I1         1.998834019    2.134499314    2.572702332    0.1800548697   0.01067215364  9.993209877    0.4858793281   
328      I1         1.439163237    2.554252401    3.831961591    0.1612345679   0.6263648834   0.1067901235   0.34668588     
329      I1         1.497462277    1.208710562    4.301097394    0.08192043896  0.4462277092   7.059876543    0.2258470038   
330      I1         1.998834019    2.698834019    3.168038409    0.1451028807   0.6626611797   9.993209877    0.4142870426   
331      I1         1.80994513     2.134499314    3.831961591    0.1639231824   0.6263648834   9.993209877    0.3145938969   
332      I1         0.8655006859   2.575240055    4.498628258    0.2271056241   0.301042524    3.393209877    0.2381210611   
333      I1         1.392524005    2.698834019    3.461591221    0.2217283951   0.4744581619   0.1067901235   0.3138678189   
334      I1         0.8678326475   2.512277092    3.831961591    0.08998628258  0.6398079561   3.746296296    0.324236286    
335      I1         0.8701646091   1.502537723    4.122770919    0.1477914952   0.335994513    7.793209877    0.1744571952   
336      I1         1.998834019    1.124759945    4.054183813    0.1908093278   0.2405486968   4.140123457    0.448891574    
337      I1         1.243278464    2.698834019    3.165294925    0.2271056241   0.01067215364  9.993209877    0.2927465398   
338      I1         0.613648834    2.698834019    3.168038409    0.01067215364  0.335994513    1.193209877    0.531500478    
339      I1         1.182647462    1.376611797    4.325788752    0.1612345679   0.4448834019   6.706790123    0.1531558224   
340      I1         1.432167353    2.698834019    2.501371742    0.166611797    0.1934979424   6.706790123    0.379559426    
341      I1         0.9284636488   2.698834019    3.831961591    0.1908093278   0.415308642    6.693209877    0.2728584294   
342      I1         0.4900548697   2.698834019    3.612482853    0.1209053498   0.1195610425   1.193209877    0.3625941885   
343      I1         0.5810013717   2.134499314    4.163923182    0.1679561043   0.286255144    0.2154320988   0.2491040406   
344      I1         1.087037037    2.323388203    3.831961591    0.2943209877   0.08192043896  6.706790123    0.2143861199   
345      I1         1.432167353    2.698834019    3.831961591    0.2445816187   0.01067215364  6.394444444    0.406231803    
346      I1         1.089368999    2.50994513     2.954046639    0.1330041152   0.01067215364  8.906790123    0.3367023895   
347      I1         0.7768861454   1.232030178    3.831961591    0.2271056241   0.1088065844   3.406790123    0.2022891783   
348      I1         1.203635117    2.453978052    3.387517147    0.2042524005   0.251303155    3.393209877    0.293451383    
349      I1         1.998834019    1.567832647    3.831961591    0.3117969822   0.2284499314   0.1067901235   0.4083881499   
350      I1         1.653703704    1.754389575    3.609739369    0.2150068587   0.335994513    0.1067901235   0.3178895188   
351      I1         0.5506858711   1.693758573    3.906035665    0.151824417    0.2634019204   6.706790123    0.2196071222   
352      I1         1.998834019    2.698834019    2.72085048     0.335994513    0.2284499314   2.293209877    0.343144194    
353      I1         1.998834019    2.698834019    2.501371742    0.1800548697   0.335994513    3.393209877    0.3791701013   
354      I1         0.4900548697   2.512277092    4.498628258    0.1679561043   0.3642249657   6.706790123    0.2637815241   
355      I1         1.998834019    2.565912209    4.27914952     0.1612345679   0.9530315501   3.393209877    0.4759096407   
356      I1         1.054389575    2.698834019    3.831961591    0.2271056241   0.5551165981   9.993209877    0.2227005714   
357      I1         1.049725652    2.698834019    3.831961591    0.1639231824   0.6075445816   9.993209877    0.2925779046   
358      I1         0.8655006859   2.258093278    4.498628258    0.01067215364  0.6263648834   8.906790123    0.3676788469   
359      I1         0.3291495199   2.668518519    3.834705075    0.09536351166  0.3373388203   7.874691358    0.3897669325   
360      I1         0.8655006859   2.698834019    4.498628258    0.2271056241   0.4825240055   9.993209877    0.2206064967   
361      I1         1.432167353    2.321056241    3.239368999    0.2150068587   0.3373388203   9.993209877    0.293782297    
362      I1         0.8655006859   2.321056241    4.498628258    0.1007407407   0.5537722908   9.993209877    0.3208668405   
363      I1         0.8678326475   2.134499314    3.777091907    0.1598902606   0.4448834019   9.993209877    0.2176760622   
364      I1         0.6089849108   2.134499314    4.276406036    0.181399177    0.3736351166   9.993209877    0.2062772138   
365      I1         0.6742798354   2.575240055    3.90877915     0.1612345679   0.5430178326   9.993209877    0.2414475924   
366      I1         1.998834019    1.567832647    2.501371742    0.01067215364  0.01067215364  3.393209877    0.6541350059   
367      I1         1.998834019    1.567832647    3.165294925    0.2271056241   0.01067215364  9.993209877    0.4400547339   
368      I1         1.439163237    2.11351166     2.501371742    0.181399177    0.01067215364  3.393209877    0.642091457    
369      I1         1.434499314    1.567832647    4.416323731    0.335994513    0.1182167353   6.706790123    0.2543885718   
370      I1         0.9168038409   2.488957476    3.686556927    0.1733333333   0.5537722908   0.1067901235   0.2446309167   
371      I1         0.9214677641   2.467969822    3.831961591    0.1787105624   0.5309190672   9.993209877    0.2349409514   
372      I1         0.5926611797   1.313648834    3.609739369    0.1881207133   0.1908093278   9.993209877    0.3733047666   
373      I1         0.676611797    2.698834019    4.276406036    0.2230727023   0.4569821674   0.8265432099   0.2246582457   
374      I1         0.3874485597   2.512277092    3.955418381    0.1746776406   0.3575034294   1.193209877    0.2650678931   
375      I1         1.746982167    2.402674897    2.830589849    0.2271056241   0.2405486968   0.1067901235   0.3645566557   
376      I1         0.8678326475   2.698834019    3.387517147    0.1908093278   0.6478737997   4.506790123    0.3848631465   
377      I1         1.998834019    1.754389575    4.498628258    0.2055967078   0.01067215364  9.993209877    0.571021854    
378      I1         0.4900548697   2.323388203    4.194101509    0.1733333333   0.4462277092   4.493209877    0.2231618682   
379      I1         1.434499314    1.777709191    4.416323731    0.3319615912   0.3373388203   3.406790123    0.1748884852   
380      I1         1.383196159    2.314060357    3.316186557    0.1625788752   0.3843895748   3.406790123    0.3184943509   
381      I1         1.998834019    1.567832647    3.612482853    0.1652674897   0.280877915    9.993209877    0.4379697508   
382      I1         0.4877229081   2.698834019    3.168038409    0.01067215364  0.01067215364  9.993209877    0.6167570824   
383      I1         1.243278464    1.567832647    3.831961591    0.01067215364  0.3561591221   9.640123457    0.368265701    
384      I1         1.998834019    1.001165981    2.72085048     0.1289711934   0.01067215364  7.793209877    0.4296485474   
385      I1         1.497462277    1.001165981    3.831961591    0.1437585734   0.01067215364  7.440123457    0.5225239241   
386      I1         0.8678326475   1.679766804    3.831961591    0.1612345679   0.4018655693   6.706790123    0.1646114232   
387      I1         0.4877229081   2.698834019    3.168038409    0.1437585734   0.01067215364  9.993209877    0.340048964    
388      I1         0.3641289438   2.638203018    3.760631001    0.1585459534   0.2150068587   9.993209877    0.3031581332   
389      I1         0.676611797    2.323388203    3.609739369    0.2271056241   0.01067215364  9.993209877    0.3029526813   
390      I1         1.998834019    2.698834019    3.165294925    0.335994513    0.01067215364  9.993209877    0.4011611585   
391      I1         0.7628943759   2.698834019    3.168038409    0.1961865569   0.08192043896  9.993209877    0.3508573493   
392      I1         1.998834019    2.698834019    3.165294925    0.1558573388   0.1504801097   9.993209877    0.5179845265   
393      I1         0.3011659808   2.134499314    3.609739369    0.1908093278   0.1679561043   6.706790123    0.3370868772   
394      I1         0.613648834    2.393347051    3.461591221    0.1464471879   0.01067215364  7.793209877    0.3306019385   
395      I1         1.434499314    2.134499314    4.498628258    0.02814814815  0.7782716049   0.1067901235   0.2961776358   
396      I1         1.998834019    2.134499314    3.834705075    0.01067215364  0.9664746228   3.393209877    0.7730386542   
397      I1         1.80994513     2.134499314    4.498628258    0.201563786    0.6935802469   0.1067901235   0.2983244213   
398      I1         1.434499314    2.512277092    4.498628258    0.0846090535   0.813223594    3.393209877    0.3203737721   
399      I1         1.499794239    1.756721536    4.174897119    0.3225514403   0.3373388203   0.1067901235   0.2237157537   
400      I1         1.716666667    1.595816187    4.498628258    0.2566803841   0.3964883402   6.693209877    0.2680480849   
%eval_id interface log__t_efold_shallow log__t_efold_soil log__t_efold_karst f_exfiltration_shallow f_exfiltration_soil PDD_melt_factor neg_kge        
401      I1         1.182647462    1.376611797    4.325788752    0.1612345679   0.4448834019   6.706790123    0.1531558224   
402      I1         1.352647462    1.376611797    4.325788752    0.1612345679   0.4448834019   6.706790123    0.1693658174   
403      I1         1.182647462    1.546611797    4.325788752    0.1612345679   0.4448834019   6.706790123    0.1640933931   
404      I1         1.182647462    1.376611797    4.325788752    0.2592345679   0.4448834019   6.706790123    0.2603510329   
405      I1         1.182647462    1.376611797    4.325788752    0.1612345679   0.5428834019   6.706790123    0.2793303475   
406      I1         1.182647462    1.376611797    4.325788752    0.1612345679   0.4448834019   7.696790123    0.1535395141   
407      I1         1.012647462    1.376611797    4.325788752    0.1612345679   0.4448834019   6.706790123    0.1669665243   
408      I1         1.182647462    1.206611797    4.325788752    0.1612345679   0.4448834019   6.706790123    0.1747452314   
409      I1         1.182647462    1.376611797    4.125788752    0.1612345679   0.4448834019   6.706790123    0.1742848985   
410      I1         1.182647462    1.376611797    4.325788752    0.0632345679   0.4448834019   6.706790123    0.2002424663   
411      I1         1.182647462    1.376611797    4.325788752    0.1612345679   0.3468834019   6.706790123    0.1968371032   
412      I1         1.182647462    1.376611797    4.325788752    0.1612345679   0.4448834019   5.716790123    0.1529731194   
413      I1         1.267647462    1.376611797    4.325788752    0.1612345679   0.4448834019   6.706790123    0.1575671248   
414      I1         1.182647462    1.461611797    4.325788752    0.1612345679   0.4448834019   6.706790123    0.1542451673   
415      I1         1.182647462    1.376611797    4.425788752    0.1612345679   0.4448834019   6.706790123    0.1573935305   
416      I1         1.182647462    1.376611797    4.325788752    0.2102345679   0.4448834019   6.706790123    0.182062872    
417      I1         1.182647462    1.376611797    4.325788752    0.1612345679   0.4938834019   6.706790123    0.1923305314   
418      I1         1.182647462    1.376611797    4.325788752    0.1612345679   0.4448834019   7.201790123    0.1533505766   
419      I1         1.097647462    1.376611797    4.325788752    0.1612345679   0.4448834019   6.706790123    0.1560455161   
420      I1         1.182647462    1.291611797    4.325788752    0.1612345679   0.4448834019   6.706790123    0.1605207448   
421      I1         1.182647462    1.376611797    4.225788752    0.1612345679   0.4448834019   6.706790123    0.1996245108   
422      I1         1.182647462    1.376611797    4.325788752    0.1122345679   0.4448834019   6.706790123    0.1656044495   
423      I1         1.182647462    1.376611797    4.325788752    0.1612345679   0.3958834019   6.706790123    0.1614745875   
424      I1         1.182647462    1.376611797    4.325788752    0.1612345679   0.4448834019   6.211790123    0.1530211008   
425      I1         1.225147462    1.376611797    4.325788752    0.1612345679   0.4448834019   6.706790123    0.1544000221   
426      I1         1.182647462    1.419111797    4.325788752    0.1612345679   0.4448834019   6.706790123    0.1525966942   
427      I1         1.182647462    1.376611797    4.375788752    0.1612345679   0.4448834019   6.706790123    0.178779138    
428      I1         1.182647462    1.376611797    4.325788752    0.1857345679   0.4448834019   6.706790123    0.1621308412   
429      I1         1.182647462    1.376611797    4.325788752    0.1612345679   0.4693834019   6.706790123    0.1665938697   
430      I1         1.182647462    1.376611797    4.325788752    0.1612345679   0.4448834019   6.954290123    0.1532509338   
431      I1         1.140147462    1.376611797    4.325788752    0.1612345679   0.4448834019   6.706790123    0.1537692884   
432      I1         1.182647462    1.334111797    4.325788752    0.1612345679   0.4448834019   6.706790123    0.1558647651   
433      I1         1.182647462    1.376611797    4.275788752    0.1612345679   0.4448834019   6.706790123    0.1735160413   
434      I1         1.182647462    1.376611797    4.325788752    0.1367345679   0.4448834019   6.706790123    0.1550400689   
435      I1         1.182647462    1.376611797    4.325788752    0.1612345679   0.4203834019   6.706790123    0.1522022106   
436      I1         1.182647462    1.376611797    4.325788752    0.1612345679   0.4448834019   6.459290123    0.1530754748   
437      I1         1.225147462    1.376611797    4.325788752    0.1612345679   0.4203834019   6.706790123    0.1577005195   
438      I1         1.182647462    1.419111797    4.325788752    0.1612345679   0.4203834019   6.706790123    0.1563383714   
439      I1         1.182647462    1.376611797    4.375788752    0.1612345679   0.4203834019   6.706790123    0.1672442646   
440      I1         1.182647462    1.376611797    4.325788752    0.1857345679   0.4203834019   6.706790123    0.1498439209   
441      I1         1.182647462    1.376611797    4.325788752    0.1612345679   0.4203834019   6.954290123    0.1523353481   
442      I1         1.140147462    1.376611797    4.325788752    0.1612345679   0.4203834019   6.706790123    0.1482581996   
443      I1         1.182647462    1.334111797    4.325788752    0.1612345679   0.4203834019   6.706790123    0.1499169539   
444      I1         1.182647462    1.376611797    4.275788752    0.1612345679   0.4203834019   6.706790123    0.1633450267   
445      I1         1.182647462    1.376611797    4.325788752    0.1367345679   0.4203834019   6.706790123    0.163927288    
446      I1         1.182647462    1.376611797    4.325788752    0.1612345679   0.3958834019   6.706790123    0.1614745875   
447      I1         1.182647462    1.376611797    4.325788752    0.1612345679   0.4203834019   6.459290123    0.1520851458   
448      I1         1.140147462    1.419111797    4.325788752    0.1612345679   0.4203834019   6.706790123    0.150863089    
449      I1         1.140147462    1.376611797    4.375788752    0.1612345679   0.4203834019   6.706790123    0.1675713205   
450      I1         1.140147462    1.376611797    4.325788752    0.1857345679   0.4203834019   6.706790123    0.1504966377   
451      I1         1.140147462    1.376611797    4.325788752    0.1612345679   0.4203834019   6.954290123    0.1483918178   
452      I1         1.097647462    1.376611797    4.325788752    0.1612345679   0.4203834019   6.706790123    0.1459569646   
453      I1         1.140147462    1.334111797    4.325788752    0.1612345679   0.4203834019   6.706790123    0.1477494689   
454      I1         1.140147462    1.376611797    4.275788752    0.1612345679   0.4203834019   6.706790123    0.1630732734   
455      I1         1.140147462    1.376611797    4.325788752    0.1367345679   0.4203834019   6.706790123    0.157100825    
456      I1         1.140147462    1.376611797    4.325788752    0.1612345679   0.3958834019   6.706790123    0.1541882818   
457      I1         1.140147462    1.376611797    4.325788752    0.1612345679   0.4203834019   6.459290123    0.148141333    
458      I1         1.097647462    1.419111797    4.325788752    0.1612345679   0.4203834019   6.706790123    0.1467623883   
459      I1         1.097647462    1.376611797    4.375788752    0.1612345679   0.4203834019   6.706790123    0.1695454447   
460      I1         1.097647462    1.376611797    4.325788752    0.1857345679   0.4203834019   6.706790123    0.1531864612   
461      I1         1.097647462    1.376611797    4.325788752    0.1612345679   0.4203834019   6.954290123    0.146081283    
462      I1         1.055147462    1.376611797    4.325788752    0.1612345679   0.4203834019   6.706790123    0.1454262651   
463      I1         1.097647462    1.334111797    4.325788752    0.1612345679   0.4203834019   6.706790123    0.14757544     
464      I1         1.097647462    1.376611797    4.275788752    0.1612345679   0.4203834019   6.706790123    0.164488083    
465      I1         1.097647462    1.376611797    4.325788752    0.1367345679   0.4203834019   6.706790123    0.1513635926   
466      I1         1.097647462    1.376611797    4.325788752    0.1612345679   0.3958834019   6.706790123    0.1481103387   
467      I1         1.097647462    1.376611797    4.325788752    0.1612345679   0.4203834019   6.459290123    0.1458478428   
468      I1         1.118897462    1.376611797    4.325788752    0.1612345679   0.4203834019   6.706790123    0.146897034    
469      I1         1.097647462    1.397861797    4.325788752    0.1612345679   0.4203834019   6.706790123    0.1460829567   
470      I1         1.097647462    1.376611797    4.350788752    0.1612345679   0.4203834019   6.706790123    0.1816452257   
471      I1         1.097647462    1.376611797    4.325788752    0.1734845679   0.4203834019   6.706790123    0.1478895665   
472      I1         1.097647462    1.376611797    4.325788752    0.1612345679   0.4326334019   6.706790123    0.1494010916   
473      I1         1.097647462    1.376611797    4.325788752    0.1612345679   0.4203834019   6.830540123    0.1460175098   
474      I1         1.076397462    1.376611797    4.325788752    0.1612345679   0.4203834019   6.706790123    0.1454661212   
475      I1         1.097647462    1.355361797    4.325788752    0.1612345679   0.4203834019   6.706790123    0.1464524655   
476      I1         1.097647462    1.376611797    4.300788752    0.1612345679   0.4203834019   6.706790123    0.1542995831   
477      I1         1.097647462    1.376611797    4.325788752    0.1489845679   0.4203834019   6.706790123    0.1472440037   
478      I1         1.097647462    1.376611797    4.325788752    0.1612345679   0.4081334019   6.706790123    0.1456255251   
479      I1         1.097647462    1.376611797    4.325788752    0.1612345679   0.4203834019   6.583040123    0.1458996698   
480      I1         1.076397462    1.397861797    4.325788752    0.1612345679   0.4203834019   6.706790123    0.1450889298   
481      I1         1.076397462    1.376611797    4.350788752    0.1612345679   0.4203834019   6.706790123    0.1841001442   
482      I1         1.076397462    1.376611797    4.325788752    0.1734845679   0.4203834019   6.706790123    0.1486636155   
483      I1         1.076397462    1.376611797    4.325788752    0.1612345679   0.4326334019   6.706790123    0.1500562946   
484      I1         1.076397462    1.376611797    4.325788752    0.1612345679   0.4203834019   6.830540123    0.1455287368   
485      I1         1.076397462    1.355361797    4.325788752    0.1612345679   0.4203834019   6.706790123    0.1465133678   
486      I1         1.076397462    1.376611797    4.300788752    0.1612345679   0.4203834019   6.706790123    0.1547584579   
487      I1         1.076397462    1.376611797    4.325788752    0.1489845679   0.4203834019   6.706790123    0.145643098    
488      I1         1.076397462    1.376611797    4.325788752    0.1612345679   0.4081334019   6.706790123    0.1440403867   
489      I1         1.076397462    1.376611797    4.325788752    0.1612345679   0.4203834019   6.583040123    0.145406452    
490      I1         1.076397462    1.397861797    4.325788752    0.1612345679   0.4081334019   6.706790123    0.1449790267   
491      I1         1.076397462    1.376611797    4.350788752    0.1612345679   0.4081334019   6.706790123    0.1751851484   
492      I1         1.076397462    1.376611797    4.325788752    0.1734845679   0.4081334019   6.706790123    0.1440540542   
493      I1         1.076397462    1.376611797    4.325788752    0.1612345679   0.4081334019   6.830540123    0.1441121859   
494      I1         1.055147462    1.376611797    4.325788752    0.1612345679   0.4081334019   6.706790123    0.1428886691   
495      I1         1.076397462    1.355361797    4.325788752    0.1612345679   0.4081334019   6.706790123    0.1437198096   
496      I1         1.076397462    1.376611797    4.300788752    0.1612345679   0.4081334019   6.706790123    0.1508652478   
497      I1         1.076397462    1.376611797    4.325788752    0.1489845679   0.4081334019   6.706790123    0.1472714031   
498      I1         1.076397462    1.376611797    4.325788752    0.1612345679   0.3958834019   6.706790123    0.1455634777   
499      I1         1.076397462    1.376611797    4.325788752    0.1612345679   0.4081334019   6.583040123    0.1439718706   
500      I1         1.055147462    1.397861797    4.325788752    0.1612345679   0.4081334019   6.706790123    0.1433393003   
501      I1         1.055147462    1.376611797    4.350788752    0.1612345679   0.4081334019   6.706790123    0.1769972264   
502      I1         1.055147462    1.376611797    4.325788752    0.1734845679   0.4081334019   6.706790123    0.1441537608   
503      I1         1.055147462    1.376611797    4.325788752    0.1612345679   0.4081334019   6.830540123    0.142954169    
504      I1         1.033897462    1.376611797    4.325788752    0.1612345679   0.4081334019   6.706790123    0.1421872271   
505      I1         1.055147462    1.355361797    4.325788752    0.1612345679   0.4081334019   6.706790123    0.1430870036   
506      I1         1.055147462    1.376611797    4.300788752    0.1612345679   0.4081334019   6.706790123    0.1506565777   
507      I1         1.055147462    1.376611797    4.325788752    0.1489845679   0.4081334019   6.706790123    0.1450968126   
508      I1         1.055147462    1.376611797    4.325788752    0.1612345679   0.3958834019   6.706790123    0.1434070883   
509      I1         1.055147462    1.376611797    4.325788752    0.1612345679   0.4081334019   6.583040123    0.1428233825   
510      I1         1.033897462    1.397861797    4.325788752    0.1612345679   0.4081334019   6.706790123    0.1421230959   
511      I1         1.033897462    1.376611797    4.350788752    0.1612345679   0.4081334019   6.706790123    0.179202385    
512      I1         1.033897462    1.376611797    4.325788752    0.1734845679   0.4081334019   6.706790123    0.1447356558   
513      I1         1.033897462    1.376611797    4.325788752    0.1612345679   0.4203834019   6.706790123    0.1458359118   
514      I1         1.033897462    1.376611797    4.325788752    0.1612345679   0.4081334019   6.830540123    0.1422535366   
515      I1         1.012647462    1.376611797    4.325788752    0.1612345679   0.4081334019   6.706790123    0.1419275755   
516      I1         1.033897462    1.355361797    4.325788752    0.1612345679   0.4081334019   6.706790123    0.1429356182   
517      I1         1.033897462    1.376611797    4.300788752    0.1612345679   0.4081334019   6.706790123    0.1508921699   
518      I1         1.033897462    1.376611797    4.325788752    0.1489845679   0.4081334019   6.706790123    0.1432910025   
519      I1         1.033897462    1.376611797    4.325788752    0.1612345679   0.3958834019   6.706790123    0.1416660132   
520      I1         1.033897462    1.376611797    4.325788752    0.1612345679   0.4081334019   6.583040123    0.1421237454   
521      I1         1.033897462    1.419111797    4.325788752    0.1612345679   0.3958834019   6.706790123    0.1447018618   
522      I1         1.033897462    1.376611797    4.375788752    0.1612345679   0.3958834019   6.706790123    0.1606396932   
523      I1         1.033897462    1.376611797    4.325788752    0.1857345679   0.3958834019   6.706790123    0.1439608637   
524      I1         1.033897462    1.376611797    4.325788752    0.1612345679   0.4203834019   6.706790123    0.1458359118   
525      I1         1.033897462    1.376611797    4.325788752    0.1612345679   0.3958834019   6.954290123    0.1418216748   
526      I1         0.9913974623   1.376611797    4.325788752    0.1612345679   0.3958834019   6.706790123    0.1394268659   
527      I1         1.033897462    1.334111797    4.325788752    0.1612345679   0.3958834019   6.706790123    0.1410342467   
528      I1         1.033897462    1.376611797    4.275788752    0.1612345679   0.3958834019   6.706790123    0.1561345614   
529      I1         1.033897462    1.376611797    4.325788752    0.1367345679   0.3958834019   6.706790123    0.152884436    
530      I1         1.033897462    1.376611797    4.325788752    0.1612345679   0.3713834019   6.706790123    0.1487430663   
531      I1         1.033897462    1.376611797    4.325788752    0.1612345679   0.3958834019   6.459290123    0.1415236756   
532      I1         0.9913974623   1.419111797    4.325788752    0.1612345679   0.3958834019   6.706790123    0.1406417279   
533      I1         0.9913974623   1.376611797    4.375788752    0.1612345679   0.3958834019   6.706790123    0.1625982505   
534      I1         0.9913974623   1.376611797    4.325788752    0.1857345679   0.3958834019   6.706790123    0.1525832257   
535      I1         0.9913974623   1.376611797    4.325788752    0.1612345679   0.4203834019   6.706790123    0.147957488    
536      I1         0.9913974623   1.376611797    4.325788752    0.1612345679   0.3958834019   6.954290123    0.139579335    
537      I1         0.9488974623   1.376611797    4.325788752    0.1612345679   0.3958834019   6.706790123    0.1400452672   
538      I1         0.9913974623   1.334111797    4.325788752    0.1612345679   0.3958834019   6.706790123    0.1418393015   
539      I1         0.9913974623   1.376611797    4.275788752    0.1612345679   0.3958834019   6.706790123    0.1575274405   
540      I1         0.9913974623   1.376611797    4.325788752    0.1367345679   0.3958834019   6.706790123    0.1470831056   
541      I1         0.9913974623   1.376611797    4.325788752    0.1612345679   0.3713834019   6.706790123    0.1429300813   
542      I1         0.9913974623   1.376611797    4.325788752    0.1612345679   0.3958834019   6.459290123    0.1392828233   
543      I1         1.012647462    1.376611797    4.325788752    0.1612345679   0.3958834019   6.706790123    0.1403400738   
544      I1         0.9913974623   1.397861797    4.325788752    0.1612345679   0.3958834019   6.706790123    0.1397038495   
545      I1         0.9913974623   1.376611797    4.350788752    0.1612345679   0.3958834019   6.706790123    0.1763302844   
546      I1         0.9913974623   1.376611797    4.325788752    0.1734845679   0.3958834019   6.706790123    0.1418248374   
547      I1         0.9913974623   1.376611797    4.325788752    0.1612345679   0.4081334019   6.706790123    0.1421037518   
548      I1         0.9913974623   1.376611797    4.325788752    0.1612345679   0.3958834019   6.830540123    0.1395040311   
549      I1         0.9701474623   1.376611797    4.325788752    0.1612345679   0.3958834019   6.706790123    0.1389375926   
550      I1         0.9913974623   1.355361797    4.325788752    0.1612345679   0.3958834019   6.706790123    0.1398102241   
551      I1         0.9913974623   1.376611797    4.300788752    0.1612345679   0.3958834019   6.706790123    0.1474912312   
552      I1         0.9913974623   1.376611797    4.325788752    0.1489845679   0.3958834019   6.706790123    0.1415654454   
553      I1         0.9913974623   1.376611797    4.325788752    0.1612345679   0.3836334019   6.706790123    0.1398077485   
554      I1         0.9913974623   1.376611797    4.325788752    0.1612345679   0.3958834019   6.583040123    0.1393522872   
555      I1         0.9701474623   1.397861797    4.325788752    0.1612345679   0.3958834019   6.706790123    0.1387059077   
556      I1         0.9701474623   1.376611797    4.350788752    0.1612345679   0.3958834019   6.706790123    0.181534508    
557      I1         0.9701474623   1.376611797    4.325788752    0.1734845679   0.3958834019   6.706790123    0.1454870999   
558      I1         0.9701474623   1.376611797    4.325788752    0.1612345679   0.4081334019   6.706790123    0.1433124816   
559      I1         0.9701474623   1.376611797    4.325788752    0.1612345679   0.3958834019   6.830540123    0.1390107824   
560      I1         0.9701474623   1.355361797    4.325788752    0.1612345679   0.3958834019   6.706790123    0.1409991882   
561      I1         0.9701474623   1.376611797    4.300788752    0.1612345679   0.3958834019   6.706790123    0.1481387      
562      I1         0.9701474623   1.376611797    4.325788752    0.1489845679   0.3958834019   6.706790123    0.1399336654   
563      I1         0.9701474623   1.376611797    4.325788752    0.1612345679   0.3836334019   6.706790123    0.1382909165   
564      I1         0.9701474623   1.376611797    4.325788752    0.1612345679   0.3958834019   6.583040123    0.1388646525   
565      I1         0.9701474623   1.397861797    4.325788752    0.1612345679   0.3836334019   6.706790123    0.1393838471   
566      I1         0.9701474623   1.376611797    4.350788752    0.1612345679   0.3836334019   6.706790123    0.1710725234   
567      I1         0.9701474623   1.376611797    4.325788752    0.1734845679   0.3836334019   6.706790123    0.13934524     
568      I1         0.9701474623   1.376611797    4.325788752    0.1612345679   0.3836334019   6.830540123    0.1383740112   
569      I1         0.9488974623   1.376611797    4.325788752    0.1612345679   0.3836334019   6.706790123    0.1371663838   
570      I1         0.9701474623   1.355361797    4.325788752    0.1612345679   0.3836334019   6.706790123    0.1378149671   
571      I1         0.9701474623   1.376611797    4.300788752    0.1612345679   0.3836334019   6.706790123    0.1447640232   
572      I1         0.9701474623   1.376611797    4.325788752    0.1489845679   0.3836334019   6.706790123    0.1426022348   
573      I1         0.9701474623   1.376611797    4.325788752    0.1612345679   0.3713834019   6.706790123    0.1405152322   
574      I1         0.9701474623   1.376611797    4.325788752    0.1612345679   0.3836334019   6.583040123    0.1382082664   
575      I1         0.9488974623   1.397861797    4.325788752    0.1612345679   0.3836334019   6.706790123    0.1377931869   
576      I1         0.9488974623   1.376611797    4.350788752    0.1612345679   0.3836334019   6.706790123    0.1756384472   
577      I1         0.9488974623   1.376611797    4.325788752    0.1734845679   0.3836334019   6.706790123    0.1423605773   
578      I1         0.9488974623   1.376611797    4.325788752    0.1612345679   0.3836334019   6.830540123    0.1372500788   
579      I1         0.9276474623   1.376611797    4.325788752    0.1612345679   0.3836334019   6.706790123    0.138198609    
580      I1         0.9488974623   1.355361797    4.325788752    0.1612345679   0.3836334019   6.706790123    0.1388444109   
581      I1         0.9488974623   1.376611797    4.300788752    0.1612345679   0.3836334019   6.706790123    0.145352193    
582      I1         0.9488974623   1.376611797    4.325788752    0.1489845679   0.3836334019   6.706790123    0.1404256042   
583      I1         0.9488974623   1.376611797    4.325788752    0.1612345679   0.3713834019   6.706790123    0.1384432192   
584      I1         0.9488974623   1.376611797    4.325788752    0.1612345679   0.3836334019   6.583040123    0.1370848597   
585      I1         0.9595224623   1.376611797    4.325788752    0.1612345679   0.3836334019   6.706790123    0.1376770308   
586      I1         0.9488974623   1.387236797    4.325788752    0.1612345679   0.3836334019   6.706790123    0.1374045466   
587      I1         0.9488974623   1.376611797    4.338288752    0.1612345679   0.3836334019   6.706790123    0.134347207    
588      I1         0.9488974623   1.376611797    4.325788752    0.1673595679   0.3836334019   6.706790123    0.1387378261   
589      I1         0.9488974623   1.376611797    4.325788752    0.1612345679   0.3897584019   6.706790123    0.1377726436   
590      I1         0.9488974623   1.376611797    4.325788752    0.1612345679   0.3836334019   6.768665123    0.1372082374   
591      I1         0.9382724623   1.376611797    4.325788752    0.1612345679   0.3836334019   6.706790123    0.1371823916   
592      I1         0.9488974623   1.365986797    4.325788752    0.1612345679   0.3836334019   6.706790123    0.1374849725   
593      I1         0.9488974623   1.376611797    4.313288752    0.1612345679   0.3836334019   6.706790123    0.1405828671   
594      I1         0.9488974623   1.376611797    4.325788752    0.1551095679   0.3836334019   6.706790123    0.138311526    
595      I1         0.9488974623   1.376611797    4.325788752    0.1612345679   0.3775084019   6.706790123    0.1374525905   
596      I1         0.9488974623   1.376611797    4.325788752    0.1612345679   0.3836334019   6.644915123    0.1371251037   
597      I1         0.9595224623   1.376611797    4.338288752    0.1612345679   0.3836334019   6.706790123    0.1350905151   
598      I1         0.9488974623   1.387236797    4.338288752    0.1612345679   0.3836334019   6.706790123    0.1348873064   
599      I1         0.9488974623   1.376611797    4.338288752    0.1673595679   0.3836334019   6.706790123    0.1342731513   
600      I1         0.9488974623   1.376611797    4.338288752    0.1612345679   0.3897584019   6.706790123    0.134146876    
601      I1         0.9488974623   1.376611797    4.338288752    0.1612345679   0.3836334019   6.768665123    0.1343918138   
602      I1         0.9382724623   1.376611797    4.338288752    0.1612345679   0.3836334019   6.706790123    0.1337050499   
603      I1         0.9488974623   1.365986797    4.338288752    0.1612345679   0.3836334019   6.706790123    0.133973193    
604      I1         0.9488974623   1.376611797    4.338288752    0.1551095679   0.3836334019   6.706790123    0.1362533267   
605      I1         0.9488974623   1.376611797    4.338288752    0.1612345679   0.3775084019   6.706790123    0.1352773229   
606      I1         0.9488974623   1.376611797    4.338288752    0.1612345679   0.3836334019   6.644915123    0.1343032444   
