%eval_id interface log__t_efold_shallow log__t_efold_soil f_exfiltration_shallow PDD_melt_factor log__Hmax_shallow baseflow_Q     neg_kge        
1        I1         0.6881199015   1.090187553    0.4488348579   3.121569704    2.493332816    0.2914940838   0.3367396396   
2        I1         1.969316018    1.846727143    0.1690601992   7.173850679    3.080371819    0.1968725252   0.7508383784   
3        I1         1.857817526    1.794869922    0.06656576261  8.669905264    1.322212992    0.1179143481   1.147400256    
4        I1         0.973829551    1.880140909    0.3707704154   9.894516746    2.344634375    0.1334627821   0.4184498667   
5        I1         1.361125029    1.772829532    0.01532336792  7.860451058    3.013027381    0.0125918752   1.16873179     
6        I1         0.872472806    1.290716929    0.7685437061   0.2471027414   2.597092677    0.2621619377   0.3590257341   
7        I1         0.5570628343   2.086270055    0.5753347279   8.936535391    2.394185757    0.04084101498  1.030487032    
8        I1         1.144801891    1.189323103    0.9217858182   4.135522521    1.739699897    0.03600978332  1.153335906    
9        I1         1.269443469    1.51774427     0.7967770558   5.630395924    1.708535756    0.1003517259   0.680132564    
10       I1         1.112249205    1.96163696     0.1203424319   3.548803977    3.319114535    0.03263976803  0.8474841488   
11       I1         0.3237088733   2.61158016     0.5647162795   7.956043475    3.409753172    0.2495219492   0.4309137937   
12       I1         1.628908169    1.67081122     0.1741324481   3.725422793    1.456786115    0.26069846     0.7271162581   
13       I1         1.359382799    2.660330014    0.6496377459   1.36328288     1.667654315    0.2592199739   0.4810121615   
14       I1         1.326528753    2.629135782    0.518568485    5.551266989    2.606159173    0.2543233006   0.4646064842   
15       I1         0.5744913194   1.475532227    0.6328426929   1.584028923    1.728736932    0.1220164794   0.6547411659   
16       I1         1.751218561    1.963526746    0.241758991    4.356625167    3.452431817    0.2191489839   0.6639852977   
17       I1         1.990996676    1.394356037    0.7373419219   1.619183891    3.050593053    0.1465130537   0.5237835505   
18       I1         0.9989670997   2.007974284    0.2580693034   4.265448546    1.746690328    0.1801150454   0.2930014581   
19       I1         0.4301140715   2.444789642    0.784607915    3.100769735    2.465852426    0.00900984373  1.831613355    
20       I1         0.8114660747   1.833095461    0.758768983    4.540892924    2.021685602    0.04526808568  1.027136353    
21       I1         1.771193562    1.901955297    0.9609391812   9.290806578    1.940662996    0.136459773    0.4463341525   
22       I1         1.600285292    2.455724537    0.2512428279   0.7145979613   3.327675458    0.2815735903   0.7860012253   
23       I1         1.507471669    1.213851171    0.4704067544   0.9466208609   1.693852907    0.2506169062   0.5235560188   
24       I1         0.6677877611   1.816862121    0.4092313068   8.284955499    1.12205674     0.2655143389   0.7595245405   
25       I1         1.614376697    1.511267464    0.3936567825   7.554591966    1.047151721    0.2707680943   0.885459034    
26       I1         1.444278275    1.149679854    0.7163051823   8.573507468    1.099904066    0.04837980556  1.527733792    
27       I1         0.4859222711   2.382780579    0.1557264435   8.370694267    2.072164906    0.08358146397  0.5349583392   
28       I1         1.583172998    1.448917371    0.8113882099   3.057794173    1.824274491    0.1219647113   0.5505268427   
29       I1         0.6741398318   1.40414358     0.5808768799   3.987217094    2.613664428    0.1621749119   0.4416451757   
30       I1         0.9821751427   2.381482366    0.9486400733   1.734279805    3.276464541    0.2929566737   0.345997567    
31       I1         0.3351591749   2.29651723     0.8745626012   1.601523929    1.591183241    0.06028517103  1.232849873    
32       I1         1.682335925    1.875005895    0.1518104971   0.6924157453   1.977510326    0.05326143292  0.7003654582   
33       I1         1.324356168    2.191445607    0.07309836296  8.749204652    3.019101867    0.2905630386   0.7822511918   
34       I1         1.860860465    1.74754868     0.3959173938   6.006115048    3.2927213      0.06580928671  0.6943257467   
35       I1         0.9080263691   1.461686529    0.2724680051   7.228198565    1.381958552    0.2880275581   0.6063901742   
36       I1         1.186805977    2.635292786    0.4721197333   4.830118738    2.855610018    0.1868758684   0.3756601799   
37       I1         1.381827444    1.400965242    0.358488549    5.302236487    1.27487813     0.1104831343   1.065894769    
38       I1         1.799934239    2.126531714    0.680704075    1.81257532     2.89194969     0.2020288247   0.4952838077   
39       I1         0.787877155    2.462764673    0.1643526112   1.014452211    1.537205327    0.1837911998   0.478366782    
40       I1         1.301021493    2.397986451    0.8467527811   1.929713924    2.152339422    0.2019271186   0.2845066871   
41       I1         0.7724829562   1.07842609     0.6190188693   1.296819446    2.382037405    0.1282237018   0.5957647394   
42       I1         0.7675012623   1.865102614    0.3484845734   2.60429237     2.861131824    0.01125485507  1.250488434    
43       I1         1.683075573    2.347031718    0.9751080515   6.922597836    1.649175722    0.2636228703   0.6066101859   
44       I1         1.315604476    2.226407977    0.2920256757   9.762333124    3.13509765     0.09915488433  0.5179400581   
45       I1         1.254082153    1.181177565    0.4957952261   0.9118954856   2.9118966      0.1708099144   0.3869965827   
46       I1         1.670202853    2.689725624    0.1937842831   2.916113654    1.12836244     0.243624943    0.9069531267   
47       I1         1.012847891    2.353332986    0.7986998212   3.234673667    1.654667201    0.295442006    0.4222637841   
48       I1         1.538629173    1.186086906    0.9040988944   9.217650397    2.59115451     0.08626902762  0.6211655779   
49       I1         0.8313026433   2.391765973    0.3915069734   0.5148381013   2.264316737    0.2779878487   0.4045879731   
50       I1         0.5937185563   1.015258679    0.3318330314   9.402470267    3.353508289    0.211031589    0.3825769578   
51       I1         0.5369019975   1.100195685    0.2530511585   8.13697614     1.00861831     0.2788460005   0.767299967    
52       I1         0.728718011    1.831704451    0.3154184469   1.167673099    1.676479829    0.05191625367  0.7993921939   
53       I1         1.162721522    2.103964652    0.2433909221   8.89132431     2.329722501    0.1788387284   0.4541903742   
54       I1         0.3285586371   1.605384842    0.04744972561  8.075067109    2.708222162    0.2749921694   0.3893911409   
55       I1         0.6609580598   1.231727704    0.9706041785   4.573291518    1.723235656    0.2941560085   0.4955968066   
56       I1         0.4433185135   1.952210491    0.9397456248   1.697965596    1.772698782    0.187760889    0.661047683    
57       I1         1.015064302    1.201716412    0.3506061447   2.389648818    3.108573553    0.2530075828   0.3020577922   
58       I1         1.467821931    1.146068176    0.5365189733   6.151271188    2.545055544    0.2611092566   0.3743534574   
59       I1         1.892783879    2.364682212    0.101792923    5.805738367    2.406040775    0.1748765178   0.8796898675   
60       I1         1.275950592    1.423331016    0.833652634    3.407560487    1.565704583    0.2721928601   0.5425803632   
61       I1         1.192182611    1.063528064    0.2787708775   4.979091153    2.437729066    0.2525969756   0.3312368759   
62       I1         1.244751552    1.169199313    0.375585762    6.485592167    2.187171299    0.184108438    0.3561428149   
63       I1         0.6263816946   2.27527896     0.7229155004   8.731854044    3.482214741    0.09277984407  0.7638369451   
64       I1         0.866175135    1.887784017    0.1339379517   3.947583228    1.259666949    0.002264181597 2.083733038    
65       I1         1.212023774    2.668874854    0.420406943    0.7461396      1.524696469    0.2856386784   0.6305183992   
66       I1         0.5783994492   2.578719527    0.5309114694   9.262183006    2.07809845     0.01600413116  1.273184256    
67       I1         1.310439953    1.219835666    0.988718817    4.774681279    2.917941484    0.2061751914   0.3003500554   
68       I1         1.850647614    2.133923259    0.09540675286  6.713391891    3.495797662    0.2641953581   0.8794134176   
69       I1         1.901462023    1.029610094    0.1987421265   5.085836127    1.621652019    0.2996998327   0.7163303631   
70       I1         0.3177406747   1.487285369    0.3676463919   8.788631933    2.218038965    0.1320646703   0.5134214299   
71       I1         1.098367723    1.299671974    0.7543288554   5.219617476    1.343599194    0.2566400366   0.6734796677   
72       I1         1.79550917     2.186006007    0.1263474312   2.279544782    2.974863686    0.2354071449   0.8367875524   
73       I1         1.459552999    1.987294004    0.1820892142   9.336760321    3.445103885    0.2252916831   0.5894003561   
74       I1         1.88843912     1.386281804    0.06935178189  8.476879288    2.388953899    0.06844135726  0.7371727322   
75       I1         0.4737196634   1.576814556    0.4518221431   3.740235331    3.234140563    0.1719654947   0.3825687539   
76       I1         0.5489412889   1.806078942    0.05466877521  6.222284026    3.227917831    0.01025208663  1.211217475    
77       I1         0.9870801418   1.285348205    0.5079141114   4.52138942     1.250377748    0.1774446812   0.8065029701   
78       I1         0.719191177    2.044425839    0.09433955728  1.070356368    1.309136601    0.01771806423  1.463157211    
79       I1         1.979905971    1.623563135    0.7411603891   2.368790368    2.283823583    0.1418535867   0.47632498     
80       I1         0.8563423004   2.407301197    0.7657031035   2.756046349    2.636519966    0.1643819406   0.412581016    
81       I1         1.141522265    2.215010462    0.6889745238   6.644687215    2.514174748    0.03920191389  0.9055043059   
82       I1         0.7461268417   2.470183567    0.7106140872   6.886137169    1.185849929    0.0207265161   1.797051849    
83       I1         0.9744128914   1.754827795    0.8208800235   1.542269166    2.558247824    0.1631732487   0.4237953225   
84       I1         1.422242053    2.221495105    0.2134344194   7.038546648    1.088493048    0.1617013795   1.048046975    
85       I1         1.908649771    2.318754595    0.8615087911   1.252806333    1.325545665    0.1597288604   0.9944927418   
86       I1         0.551983061    1.720055247    0.8542644272   8.524852709    1.814970212    0.07488088268  0.998846877    
87       I1         0.7409346075   2.644110444    0.7574143314   5.034623237    3.085206026    0.2441867073   0.347519968    
88       I1         1.740831827    1.850722746    0.7635570378   6.382399742    1.232927153    0.2391003601   0.8740524344   
89       I1         0.3734655823   2.637878489    0.1129324671   0.4668629691   1.571553906    0.2808181421   0.5730521181   
90       I1         0.6098356177   1.47684756     0.5148475791   2.652348399    3.046993742    0.2100051206   0.3245080879   
91       I1         0.7805910733   1.162088808    0.246853168    6.17371461     3.36549056     0.09107280868  0.6666646105   
92       I1         0.7579706501   2.600075591    0.5821217126   3.472139862    2.628419032    0.2363411941   0.2874682153   
93       I1         1.382954783    2.590534515    0.3290888779   3.453847976    1.065689614    0.230826782    0.9024988493   
94       I1         0.8192857502   2.262234132    0.5534769359   7.465140334    1.701845824    0.282906572    0.3530870235   
95       I1         0.4057035626   1.124789684    0.526658302    0.1769113734   2.358244509    0.02131360897  1.496527247    
96       I1         1.131380639    2.547458364    0.03416342229  3.330466053    1.37185977     0.02650815191  1.442640656    
97       I1         1.775966423    1.926213285    0.4907157296   4.125893078    3.389490057    0.01946785742  0.9607966699   
98       I1         1.748286095    2.480325566    0.7011329494   4.73291236     1.389989486    0.03071230386  1.618683222    
99       I1         0.8936899455   1.580142564    0.4810012562   4.483330246    2.776986422    0.1656833015   0.3465535407   
100      I1         1.365941496    2.512240563    0.415143026    6.543546026    3.191303062    0.04641253486  0.6429618921   
101      I1         1.708819711    2.559012186    0.8099838296   6.461216928    3.419538922    0.1661015932   0.3994683318   
102      I1         1.937686949    1.914040856    0.7347131634   7.759167438    1.803966125    0.004276918938 1.618522853    
103      I1         0.8971714963   1.502985028    0.9271647848   9.631140682    2.667210267    0.1144369178   0.6679296835   
104      I1         1.076181637    1.648557062    0.816280494    1.66206463     2.232400154    0.1683897966   0.3843201199   
105      I1         1.811396034    2.298393316    0.6141247422   7.425548685    2.105967358    0.01824001612  0.8514242647   
106      I1         0.7482488826   1.629118409    0.1838472716   4.698557647    2.879844988    0.2085900255   0.3092010285   
107      I1         1.230764125    2.282828503    0.7061470519   1.043329762    2.579102672    0.1154936342   0.4674759587   
108      I1         1.518732135    1.265502074    0.05864020858  5.530253552    2.371240352    0.1317346713   0.5225520203   
109      I1         0.8066862593   2.081967787    0.6084472201   7.720914576    3.367288764    0.03706228277  1.000641869    
110      I1         0.3052678245   2.607205399    0.02402960909  0.6298177523   2.478401537    0.1883500078   0.812921177    
111      I1         0.7957480231   2.049813049    0.545684043    0.6072840908   1.201612547    0.07290587259  1.24386304     
112      I1         1.257981942    2.267059179    0.6035682808   8.978371301    3.313795598    0.04248659025  0.8044305904   
113      I1         1.101323509    1.487467654    0.3102496721   7.118624855    1.246293575    0.2279710228   0.771714916    
114      I1         1.592116285    2.529878567    0.2668311274   8.963357097    2.818463437    0.05628485174  0.6471557343   
115      I1         1.151278613    1.686736869    0.4326552684   7.675855246    3.224587603    0.1769588324   0.3424269893   
116      I1         0.5702487049   1.591783969    0.5206531373   3.653321701    1.956814551    0.2076688286   0.3267110875   
117      I1         1.674256652    1.239487442    0.2229116651   5.056203602    2.334074611    0.1163760157   0.5447837723   
118      I1         1.225710618    1.248939516    0.8577942566   5.596082035    1.303382478    0.00684235601  2.060527671    
119      I1         1.389904313    2.623360368    0.4982970698   2.973687367    3.205502032    0.150666141    0.4057304448   
120      I1         1.406987481    1.563813263    0.4743634524   0.7804949908   1.024440164    0.06277961079  1.447449257    
121      I1         0.8352697815   1.643923416    0.01096722084  2.96306762     1.051082731    0.2873852      0.7812596254   
122      I1         0.3540151082   1.353113064    0.06535929282  7.437018435    3.035608735    0.08916733069  0.640657136    
123      I1         1.527668383    1.236657754    0.6953625928   1.769414299    3.197354727    0.2570945108   0.3667948724   
124      I1         1.933004722    1.607062876    0.3886177276   1.507344602    2.25796207     0.2045497295   0.5488738538   
125      I1         1.107474017    2.016681234    0.9822357883   5.820875969    1.796412673    0.2452882764   0.3422083076   
126      I1         1.280854117    2.074017228    0.437946816    4.678081359    2.115564427    0.1921241774   0.3700746748   
127      I1         0.7074897604   1.359935892    0.5854480101   5.407307661    1.875866964    0.1232224166   0.5698006942   
128      I1         0.39845222     2.161198875    0.1717239359   0.3255666208   2.83230492     0.1048114983   0.4849446971   
129      I1         0.869678216    2.201317947    0.148233208    9.03470731     2.500565311    0.1853523621   0.5036410178   
130      I1         1.335763744    1.950323918    0.6623060668   6.74857966     2.803990828    0.08112910144  0.6075136053   
131      I1         1.3490471      1.061946202    0.09140988043  4.404323695    2.064704255    0.04971133729  0.889204307    
132      I1         0.9241843732   1.022174469    0.9517507719   8.695301592    1.071079148    0.242293958    0.8271761411   
133      I1         0.5014862514   1.740200609    0.1609239027   6.360435239    1.63169216     0.08092529093  0.6039499248   
134      I1         1.288003539    1.542045094    0.2965311055   7.501175422    1.025927462    0.142469947    1.069152489    
135      I1         1.783188645    1.522818988    0.7479797478   7.93993325     1.446415472    0.05726606654  1.329925359    
136      I1         0.9931211435   1.157178291    0.3211122996   6.810519594    1.439867681    0.2863166606   0.5640926828   
137      I1         1.171461564    1.303784423    0.3028261628   6.530355773    2.306169751    0.08787482662  0.6389047878   
138      I1         1.876269462    2.619524521    0.9117041212   4.880365191    1.472590742    0.2247508049   0.8009901523   
139      I1         0.3902345162   1.042055073    0.5722285074   9.943839777    1.545737052    0.09325462475  0.9138386954   
140      I1         0.5094663364   2.204138346    0.3553098455   2.531383436    2.162010487    0.1601719438   0.330041573    
141      I1         1.340856682    1.637809805    0.1282105867   7.906744585    2.133473607    0.1525212205   0.469112099    
142      I1         0.6158441461   1.197083982    0.4264992985   3.782430276    1.163049099    0.2483840678   0.6993491335   
143      I1         1.72488636     1.1350667      0.8883672173   7.206321713    1.60310236     0.03565518354  1.337219145    
144      I1         0.408544849    1.705854979    0.9675446237   1.436661897    2.666280962    0.04478079514  1.368375601    
145      I1         1.868473146    1.693992783    0.5685544666   9.581427455    1.358549377    0.2797646994   0.8407572065   
146      I1         1.815934321    2.288418569    0.4849303703   9.357582849    1.284197725    0.02336984371  1.826241529    
147      I1         1.948251375    2.493927199    0.7293746783   9.558525774    1.215000009    0.2980413429   0.8845489103   
148      I1         0.9537959759   2.572289077    0.6663352558   8.244461875    2.241168634    0.07564261718  0.6817087791   
149      I1         0.36004142     1.496423881    0.4627937077   1.287616446    2.736792525    0.1578399193   0.4674691682   
150      I1         0.7196277594   1.545416253    0.1177187429   7.634728321    2.689011606    0.1125046341   0.5115180477   
151      I1         0.4360475337   1.509549826    0.1381446722   7.335185488    3.072333524    0.237943692    0.2996161356   
152      I1         0.3485504418   1.173806576    0.4791978633   5.694942135    1.221372547    0.07025106732  1.178309045    
153      I1         1.564016217    1.892177349    0.7832098883   6.12550125     2.486688177    0.2847394459   0.4336043514   
154      I1         0.5303073602   1.266991593    0.9286045323   1.144788363    2.522986541    0.1946378618   0.5926674295   
155      I1         0.9657950803   2.459660638    0.3792242899   2.891925863    2.171681009    0.09705015299  0.4654082119   
156      I1         1.200518864    2.141465459    0.5522626128   9.060572673    1.918425672    0.118777878    0.4333312381   
157      I1         0.6558687647   1.930591487    0.5941336885   6.083045783    1.507124563    0.153415626    0.6180993154   
158      I1         0.3443498047   1.283147972    0.3617229176   4.190495188    1.554041627    0.1352429296   0.6013031182   
159      I1         1.092924469    2.37031698     0.8293473716   9.197663091    2.940634513    0.297861691    0.3441685318   
160      I1         1.730353726    2.120810807    0.1212022547   1.462707619    3.429298578    0.2176902932   0.7848242292   
161      I1         0.6501714999   2.056057473    0.9640046122   8.344831779    1.431307669    0.05833989916  1.258110534    
162      I1         0.7603459946   1.985846631    0.1048459823   4.300063791    3.486869295    0.2698876829   0.5228391932   
163      I1         0.7357388406   1.675837711    0.06177781765  8.582183393    2.193889339    0.07823867631  0.6423211644   
164      I1         0.4240566145   2.530528148    0.6257311488   8.178379648    1.404538636    0.1471628046   0.7751540557   
165      I1         1.973053607    1.425525521    0.5998100814   7.373662739    2.998655887    0.2288660339   0.5868364385   
166      I1         1.085592975    1.855932989    0.405330441    2.701212951    1.830520305    0.2409107881   0.2896011106   
167      I1         0.519434217    1.222511354    0.8066091071   7.577552967    1.913170479    0.266482792    0.4816669811   
168      I1         1.395449208    2.035421557    0.8975694465   9.508499215    1.962177663    0.144978291    0.403653406    
169      I1         1.177159204    1.346035666    0.5576689306   9.473516053    2.989464185    0.1372994435   0.4539172879   
170      I1         1.531535246    2.030189091    0.200390285    3.237467964    1.04091464     0.1201000777   1.172599126    
171      I1         1.574434238    1.790683409    0.9375802072   8.484580848    1.491200356    0.1080531507   0.9651882728   
172      I1         1.645442561    2.436423644    0.2218144169   9.904127015    2.086854759    0.1996634237   0.6403281807   
173      I1         1.117992494    2.594591468    0.346439444    9.124406446    3.262617504    0.1306269226   0.4465426319   
174      I1         1.841418893    1.109985789    0.07914671067  4.798964461    2.212366261    0.155159541    0.4918374157   
175      I1         0.9481382881   1.457724002    0.7513061837   6.301441424    3.060915399    0.2139053682   0.3250555253   
176      I1         1.665250111    1.442057733    0.6692030079   0.5442024497   2.427196573    0.1199399624   0.5065938546   
177      I1         0.7999073836   1.328667274    0.9795937024   2.507284945    3.030429801    0.1691724949   0.5418633696   
178      I1         0.4552595495   2.106105563    0.5243620839   9.994476062    1.777746471    0.2584485906   0.3695272598   
179      I1         0.4479365181   1.664203842    0.6236486632   4.609512709    2.444050761    0.2154686661   0.4174801835   
180      I1         1.542088596    2.664262274    0.5415854781   3.366227821    2.944944003    0.0598009624   0.5804084448   
181      I1         1.911398778    2.555003389    0.892462806    6.239655006    1.3349751      0.2122820228   0.8963543526   
182      I1         1.557081237    1.072841677    0.0410973      5.89654224     2.722218755    0.06116120079  0.7907964312   
183      I1         1.266159008    2.51442489     0.7211783123   0.4439024378   2.056846089    0.2418369112   0.3206212357   
184      I1         1.024984263    2.273852932    0.8757972593   3.167342921    3.349541171    0.1398754242   0.4753377363   
185      I1         0.4304851418   1.749257324    0.3239003841   8.618729449    2.774119057    0.2204837447   0.2965615501   
186      I1         0.5212860984   1.374843451    0.8990153957   5.36997952     1.686690934    0.124782376    0.8106757454   
187      I1         1.956310536    1.382261558    0.7784345942   0.269919655    1.397757512    0.1056264736   1.185607027    
188      I1         1.046500615    2.091183159    0.4468695913   3.56941665     3.43548336     0.246884217    0.3429420871   
189      I1         1.026046435    1.276145037    0.8905910108   1.35251921     2.321672101    0.1452736487   0.5040191992   
190      I1         0.9059262998   1.558553607    0.8812576073   4.892884515    2.036095205    0.1672257695   0.4612311537   
191      I1         1.962053355    2.488531847    0.02875644145  0.860902123    1.65885405     0.005316545939 1.86086653     
192      I1         1.069000019    1.941346502    0.7712621563   2.233874507    2.65008772     0.216871945    0.2766002731   
193      I1         1.758476031    1.763486224    0.870526132    7.071226522    3.209174965    0.2967577347   0.5135796196   
194      I1         1.446335508    1.802122459    0.641496781    8.398762718    1.928845776    0.1510356688   0.3548096853   
195      I1         1.784835303    1.614103081    0.8843081683   1.887791865    2.413884859    0.0002885718371 1.521567223    
196      I1         1.636678545    2.148702014    0.5488706548   2.852261451    3.338747583    0.07739220284  0.5802420461   
197      I1         1.712625696    1.116056146    0.6588747364   6.414013601    2.758841334    0.1402177016   0.4454407857   
198      I1         1.373481817    2.422904768    0.8647982802   2.715494276    3.376384291    0.06312536895  0.7282416605   
199      I1         1.13489634     1.972364014    0.3182065859   8.830805189    2.844325473    0.2185054212   0.4029815737   
200      I1         1.578140663    2.50296565     0.6295473542   8.850027941    1.58042406     0.07925340574  0.964357474    
201      I1         1.428226823    1.618783662    0.2621772818   9.850765605    1.598984007    0.2931356019   0.5770313135   
202      I1         0.6363943388   2.673454282    0.4556091307   7.290965054    1.461980135    0.2685000627   0.5483223699   
203      I1         1.216061424    2.232347639    0.2332132392   0.1386105809   1.509882863    0.1275862566   0.7761904848   
204      I1         0.3131261282   2.680127378    0.08409511252  6.071087486    1.352014837    0.05089844551  0.8897195249   
205      I1         1.998319731    1.105283673    0.1926842945   2.553458432    2.277838007    0.2733758634   0.6036999424   
206      I1         0.937441218    2.254104281    0.6976976822   4.073278636    2.526603353    0.1032210426   0.5594209845   
207      I1         1.126024947    2.432352504    0.4236479843   5.448511551    1.944380043    0.2038714769   0.3591312656   
208      I1         0.9154537974   1.31261729     0.9473977662   2.317182403    3.30677377     0.02597685281  1.33420445     
209      I1         0.4175703839   2.477854227    0.01987104104  9.665746649    1.869697547    0.1723537518   0.7427294527   
210      I1         0.7113794074   1.81166574     0.5696627217   7.597962029    2.574071343    0.2059132162   0.320516365    
211      I1         0.3107108767   1.57146601     0.3780277471   0.3626207292   3.000775693    0.1026246283   0.6359699434   
212      I1         0.8414926297   2.112643846    0.1093445691   5.722193126    2.118460741    0.1090107223   0.5059110839   
213      I1         1.452181115    1.010688332    0.5611412147   5.673879639    2.297200661    0.2831083725   0.3833083762   
214      I1         0.4976089969   1.024249216    0.651422557    4.031690719    3.126281054    0.03357776212  1.314379725    
215      I1         0.9445149779   2.309147292    0.8684441726   9.452573645    2.834014717    0.2757452028   0.343283319    
216      I1         0.6401521459   1.535255594    0.7147995907   3.367361355    2.175461232    0.09842361992  0.7397581395   
217      I1         1.822802265    1.823230549    0.4367642042   5.495130571    2.874956493    0.1980010656   0.5648921336   
218      I1         1.651440729    1.43332527     0.6151645374   3.615506423    1.991294021    0.1542572691   0.3653232579   
219      I1         0.3677524232   2.327072205    0.2035802409   2.249918897    2.954540297    0.1731797325   0.3899031879   
220      I1         1.836356129    2.564005466    0.7259872373   2.197027371    1.897301616    0.08457823901  0.6429178044   
221      I1         1.464084269    2.024418459    0.5948640231   7.818359784    1.75145315     0.02491815813  1.07091372     
222      I1         1.738002296    1.371707752    0.4146187188   9.154519875    3.163750544    0.1342389208   0.4996469094   
223      I1         0.4921449078   1.90839714     0.2183917883   8.21236354     2.966218213    0.1750631578   0.3410508428   
224      I1         0.7856290043   1.138117183    0.3424440375   5.911272733    3.104595831    0.2896290918   0.3270933976   
225      I1         0.460359321    1.732391951    0.5050246263   4.43687179     1.480940627    0.2147597979   0.494798877    
226      I1         1.559430362    1.527044211    0.03702500014  3.870790833    2.129330124    0.1954016678   0.5184129699   
227      I1         1.347496987    1.588301778    0.5030314117   8.435953095    2.046143113    0.06608468757  0.7113904844   
228      I1         1.492923017    1.995419009    0.3355167219   0.5863888467   1.11211014     0.2519998626   0.8706560441   
229      I1         1.498235502    1.368306792    0.2089578086   7.017982584    3.175876488    0.09549404686  0.6064687315   
230      I1         1.550696324    2.653075503    0.2976878525   1.840146175    2.093863026    0.2003047198   0.597876081    
231      I1         0.4792202012   1.090962769    0.8022584965   5.163356792    3.404878084    0.1256811856   0.7703826064   
232      I1         0.8535962471   1.469167139    0.6842847913   9.796473107    3.169636811    0.02908891529  1.193517845    
233      I1         1.160758497    2.333158098    0.8386562516   7.85114876     3.462008224    0.2557235965   0.2966474354   
234      I1         0.8480205554   2.372407311    0.4440244283   3.806226184    2.205922223    0.07671652038  0.573430903    
235      I1         1.701964074    1.310918435    0.2884011027   5.943912963    1.638446769    0.007826459706 1.679692441    
236      I1         1.722002096    2.402522684    0.9090711576   4.944730647    2.74838412     0.2220477582   0.3986956328   
237      I1         0.9621420747   2.538197415    0.7043578125   5.127866693    2.789223225    0.2387401229   0.276733329    
238      I1         0.6957140961   2.000874494    0.2100086081   0.3794033731   2.642199533    0.1019835721   0.4982505115   
239      I1         0.9177023502   1.767639995    0.8200926539   5.757132868    2.30967844     0.1386626826   0.508720887    
240      I1         0.3949104709   1.899072277    0.2710913452   0.9593261186   2.274839424    0.05579985483  0.7414369478   
241      I1         1.832347989    2.06095185     0.2826624194   3.026589051    2.3594838      0.234008766    0.7234537122   
242      I1         1.479476688    2.175444903    0.4040675495   2.158628529    3.099438063    0.1908977151   0.4690462135   
243      I1         0.3762842491   2.23575481     0.1592680332   9.711192326    1.884912074    0.1581287851   0.4379539123   
244      I1         1.881864559    2.306006852    0.4607081312   6.314711872    1.758632794    0.03179425899  1.142606124    
245      I1         0.6729906473   2.208117891    0.9323433641   2.073629794    2.90700152     0.06400457287  1.047867888    
246      I1         1.488799289    2.037781874    0.4643679895   8.262434052    3.252204387    0.1116302786   0.4884964604   
247      I1         1.915915018    1.259956569    0.2759104603   0.1129382584   1.971929697    0.09442110338  0.6681008204   
248      I1         1.69721588     1.867335465    0.08736951318  2.422169915    2.677141229    0.1130821886   0.6659315289   
249      I1         0.8789505393   1.437335597    0.05017522815  1.21687323     1.280921583    0.07377280649  1.128929397    
250      I1         1.250014581    2.129963821    0.2846092456   7.989055411    3.152439904    0.05472044675  0.6701629183   
251      I1         0.5625116465   1.780657403    0.9848929533   5.846640824    1.994259935    0.2330095952   0.5582422069   
252      I1         0.9314794921   2.013724513    0.03187726387  6.624434712    1.105205127    0.02225072453  1.794157658    
253      I1         0.4689079693   2.25008588     0.6701648046   6.769619037    1.845566438    0.04797401925  1.086762272    
254      I1         1.51752088     1.597078326    0.7768227551   8.048874626    1.238420689    0.09665697972  1.177068479    
255      I1         1.05919981     2.241502952    0.8322045175   6.668392936    2.732005404    0.02850253207  1.136152154    
256      I1         1.82491466     1.550618968    0.8520991582   4.197736747    3.395829612    0.06937720412  0.6556532058   
257      I1         0.6218146609   1.654378836    0.3645190706   0.2099850582   2.146468633    0.2318685694   0.2881894989   
258      I1         1.062583374    1.120258727    0.6441586688   8.093420141    3.123081186    0.2763252996   0.3229707427   
259      I1         1.608771412    1.937680794    0.7887137476   3.510554258    1.608363807    0.2214498936   0.610322512    
260      I1         1.622287052    2.324481988    0.09879715739  0.7974237599   2.616891224    0.06798772637  0.7710022781   
261      I1         1.870099175    2.499003633    0.6064335867   7.13699363     2.695654305    0.04115593231  0.6875674597   
262      I1         0.3830346702   2.447268904    0.9180832957   4.629631173    1.498037827    0.07142410113  1.194235393    
263      I1         1.296228928    1.783104062    0.8265532606   4.385849245    3.290292393    0.0437627133   0.9068252636   
264      I1         1.303370076    1.338449556    0.1775178019   2.838477804    1.901236105    0.1934349709   0.3424861739   
265      I1         1.434442838    2.180520308    0.4874378318   2.119467852    2.451256275    0.001162295839 1.341661334    
266      I1         1.921550885    2.419043855    0.7444982186   2.109461332    2.026400103    0.2232011366   0.4452273906   
267      I1         1.052531105    2.165513297    0.959576483    1.104796521    2.809632667    0.03428430264  1.161944445    
268      I1         1.415755904    1.712391478    0.6392585031   9.105357257    1.177098855    0.008169622294 2.121780387    
269      I1         1.953548078    1.661443372    0.1409515811   4.001165434    3.473081087    0.09062533227  0.7121410973   
270      I1         0.6996487793   1.322749343    0.9571056477   3.171506859    1.529614483    0.003056785033 2.158759195    
271      I1         1.659968719    1.005001595    0.2583550677   2.030509392    2.797769219    0.1079273987   0.5570266403   
272      I1         1.031569625    1.840114       0.01914181588  2.630568476    2.468669037    0.2324995802   0.5390714143   
273      I1         1.23714383     1.034365161    0.2298275059   6.992921713    1.861005307    0.179248387    0.3519733926   
274      I1         1.420646476    2.543200157    0.791639623    5.197905472    3.268934483    0.05289672612  0.7466560761   
275      I1         1.040563043    1.41831238     0.1464908311   3.272163128    1.791038018    0.2713184863   0.3338761218   
276      I1         1.205255055    2.095049203    0.5129094329   2.7769461      3.241772057    0.2268313343   0.3353275345   
277      I1         1.931563387    2.413440626    0.5888620509   6.836530614    2.241693435    0.1484701313   0.5198368997   
278      I1         0.6021373378   1.975972814    0.226241653    9.810060082    2.536189101    0.01367172028  1.133834562    
279      I1         1.690483718    1.206270639    0.53496363     1.879921363    2.709732812    0.01534479042  1.160329311    
280      I1         1.589566797    1.408394001    0.4302310682   2.444885035    2.978344882    0.2291725214   0.4251310074   
281      I1         0.6847636401   2.171886984    0.6901710945   0.3991321436   1.293505062    0.1825624117   0.7977763875   
282      I1         1.404016156    2.339796042    0.04564759294  1.41121099     2.562013987    0.1911851559   0.809139168    
283      I1         0.8884118105   1.340093733    0.1361219754   6.960006401    2.750343006    0.08511505259  0.6602999601   
284      I1         0.5420655705   2.522935073    0.400512182    5.011605948    1.003893925    0.1894672794   0.9119791006   
285      I1         1.80468192     2.35817213     0.3373714494   9.409478913    1.078360011    0.1568241679   1.08533338     
286      I1         1.005887567    2.694562258    0.6365670813   7.319118968    1.836978516    0.2099313077   0.2885878997   
287      I1         0.8239859326   1.717746796    0.3106671615   6.009977074    2.928542875    0.03859473957  0.9017782434   
288      I1         0.5874682381   1.084743497    0.6759921798   2.004962762    1.193691687    0.129244494    0.9635801139   
289      I1         1.474533859    2.58541142     0.8413093938   5.43170614     1.147569146    0.1268531587   1.091204652    
290      I1         1.764753117    1.727952704    0.8431180264   9.671817098    1.418313228    0.1064937181   1.082286947    
291      I1         1.221021649    1.254938783    0.2380694158   5.279880397    2.000992086    0.1973124858   0.3449178093   
292      I1         0.5144262091   1.684763754    0.9061313741   0.8260366477   3.143089772    0.2474231474   0.5082429006   
293      I1         1.64120002     2.066444463    0.6766322016   3.673327095    2.011992585    0.0275915598   0.879969618    
294      I1         1.618362611    1.702042258    0.0765070186   3.895980756    1.850548838    0.181944132    0.4226311801   
295      I1         1.987353195    1.327864414    0.1879873966   3.858926126    1.171425871    0.08830090945  1.319388628    
296      I1         1.081726666    2.153882841    0.6564252747   1.96484778     1.150951853    0.1438350141   0.9968109096   
297      I1         0.600299416    2.6877406      0.9203800255   7.737792291    2.42140412     0.2677388137   0.4896228096   
298      I1         1.182398971    1.919140271    0.3040124925   6.586008373    1.136100637    0.08296961844  1.268723976    
299      I1         1.505239601    1.051939886    0.3828402982   4.233359989    1.414761457    0.1498324586   0.8646922255   
300      I1         0.6296351808   1.046458867    0.9440529674   5.332589335    2.888279436    0.01497535972  1.699299588    
301      I1         1.056721536    1.831344307    0.664005487    0.1067901235   2.884430727    0.2569958848   0.3100333151   
302      I1         1.36920439     2.071536351    0.9893278464   3.393209877    2.390603567    0.2244855967   0.2845103631   
303      I1         1.159327846    2.698834019    0.8643072702   4.506790123    2.668381344    0.2240740741   0.275007339    
304      I1         1.231618656    2.134499314    0.8293552812   7.059876543    2.74382716     0.2137860082   0.2896364787   
305      I1         1.259602195    2.698834019    0.9893278464   3.406790123    2.946159122    0.2582304527   0.2865794816   
306      I1         0.8701646091   1.754389575    0.664005487    0.1067901235   1.88648834     0.2681069959   0.3217918428   
307      I1         1.182647462    2.134499314    0.7728943759   4.493209877    3.498285322    0.2088477366   0.2768012249   
308      I1         1.343552812    2.134499314    0.9893278464   4.982098765    3.265089163    0.2191358025   0.2883318089   
309      I1         1.140672154    2.698834019    0.7728943759   4.506790123    3.498285322    0.220781893    0.2715324243   
310      I1         1.229286694    2.698834019    0.8804389575   3.406790123    3.069615912    0.2170781893   0.2749688647   
311      I1         1.161659808    2.572908093    0.7769272977   4.493209877    3.333676269    0.2113168724   0.2739563849   
312      I1         1.243278464    2.698834019    0.8804389575   5.606790123    3.189643347    0.2462962963   0.2828902257   
313      I1         1.180315501    2.698834019    0.9530315501   6.706790123    1.972222222    0.2347736626   0.2922396651   
314      I1         1.700342936    1.001165981    0.9893278464   3.393209877    2.253429355    0.2133744856   0.3596818761   
315      I1         1.306241427    1.754389575    0.9893278464   3.406790123    2.887860082    0.2372427984   0.281419137    
316      I1         1.077709191    2.132167353    0.7728943759   6.693209877    1.927640604    0.2594650206   0.288516755    
317      I1         1.180315501    2.132167353    0.8320438957   0.1067901235   2.603223594    0.2335390947   0.3106236094   
318      I1         0.6556241427   1.001165981    0.2983539095   3.216666667    2.664951989    0.2446502058   0.3270118577   
319      I1         0.8678326475   1.306652949    0.3373388203   3.406790123    1.948216735    0.2537037037   0.2862793265   
320      I1         1.261934156    2.677846365    0.9395884774   0.2290123457   3.364540466    0.2335390947   0.3122856202   
321      I1         1.201303155    2.132167353    0.8804389575   3.121604938    3.035322359    0.228600823    0.2729577527   
322      I1         1.306241427    1.001165981    0.9893278464   6.978395062    2.596364883    0.2302469136   0.2943814927   
323      I1         0.5530178326   1.880315501    0.3736351166   5.05           2.812414266    0.2504115226   0.2886350862   
324      I1         1.231618656    1.754389575    0.9893278464   4.12654321     3.148491084    0.266872428    0.2942823129   
325      I1         1.432167353    1.565500686    0.9893278464   7.806790123    2.222565158    0.2125514403   0.3081265147   
326      I1         0.676611797    1.565500686    0.3023868313   0.337654321    1.835048011    0.2150205761   0.2928361276   
327      I1         0.6299725652   1.453566529    0.286255144    3.393209877    2.294581619    0.25781893     0.2762667193   
328      I1         0.8165294925   1.754389575    0.4448834019   3.406790123    2.661522634    0.2187242798   0.2614767265   
329      I1         0.7815500686   1.593484225    0.415308642    4.506790123    2.43861454     0.2446502058   0.2686607536   
330      I1         1.36920439     1.565500686    0.9893278464   4.87345679     2.167695473    0.2557613169   0.2956627937   
331      I1         0.9611111111   1.001165981    0.664005487    3.393209877    3.498285322    0.291563786    0.3304059786   
332      I1         1.245610425    1.001165981    0.664005487    3.393209877    3.498285322    0.233127572    0.2930468602   
333      I1         1.243278464    1.001165981    0.9893278464   3.393209877    3.498285322    0.25           0.2858526146   
334      I1         0.7815500686   1.943278464    0.4448834019   2.659876543    1.835048011    0.2335390947   0.2619224083   
335      I1         1.056721536    1.565500686    0.8024691358   3.393209877    3.498285322    0.2495884774   0.2828824234   
336      I1         1.243278464    1.001165981    0.9893278464   2.293209877    3.035322359    0.2397119342   0.286757101    
337      I1         1.203635117    1.001165981    0.7003017833   3.406790123    2.387174211    0.2351851852   0.2904990611   
338      I1         1.243278464    1.943278464    0.8764060357   6.340123457    2.298010974    0.237654321    0.2843593977   
339      I1         0.676611797    1.756721536    0.3924554184   1.206790123    2.483196159    0.2347736626   0.2596962248   
340      I1         0.4900548697   1.787037037    0.3413717421   2.306790123    2.455761317    0.2553497942   0.2763888379   
341      I1         0.8678326475   1.355624143    0.3897668038   0.1067901235   2.346021948    0.2434156379   0.322669132    
342      I1         0.8678326475   2.698834019    0.6626611797   4.180864198    1.927640604    0.1849794239   0.3237310846   
343      I1         0.5903292181   1.565500686    0.2755006859   6.706790123    2.445473251    0.2384773663   0.2822863777   
344      I1         0.8375171468   1.656447188    0.335994513    5.837654321    1.992798354    0.2730452675   0.3269977806   
345      I1         0.7628943759   2.134499314    0.5188203018   1.193209877    2.520919067    0.2199588477   0.2627663873   
346      I1         1.068381344    2.698834019    0.6626611797   4.533950617    2.452331962    0.1997942387   0.2821547772   
347      I1         0.613648834    2.698834019    0.4448834019   3.393209877    3.498285322    0.1973251029   0.3142826041   
348      I1         0.8655006859   2.698834019    0.6088888889   2.306790123    3.196502058    0.1977366255   0.2867760226   
349      I1         1.432167353    2.698834019    0.9893278464   3.393209877    2.229423868    0.2355967078   0.2915533648   
350      I1         1.119684499    2.698834019    0.7728943759   1.532716049    3.059327846    0.2335390947   0.2656632104   
351      I1         1.36920439     2.405006859    0.9046364883   2.27962963     3.103909465    0.2467078189   0.2909649929   
352      I1         0.8701646091   2.698834019    0.6935802469   2.293209877    3.498285322    0.2318930041   0.2801550239   
353      I1         0.3034979424   2.134499314    0.301042524    0.1067901235   3.234224966    0.220781893    0.3455148867   
354      I1         0.3011659808   2.512277092    0.4462277092   1.193209877    1.876200274    0.2002057613   0.3579255393   
355      I1         0.5763374486   2.323388203    0.4583264746   0.1067901235   2.356310014    0.2236625514   0.3207447272   
356      I1         1.140672154    2.698834019    0.8374211248   1.92654321     3.069615912    0.2816872428   0.2978577923   
357      I1         1.243278464    2.512277092    0.9893278464   3.393209877    2.075102881    0.2833333333   0.3071358711   
358      I1         1.243278464    2.323388203    0.9893278464   2.293209877    2.095679012    0.24218107     0.2841374037   
359      I1         1.495130316    2.698834019    0.9893278464   3.393209877    2.359739369    0.1804526749   0.3295591637   
360      I1         1.119684499    2.698834019    0.8495198903   4.629012346    2.36659808     0.225308642    0.2765317817   
361      I1         0.3011659808   2.698834019    0.6626611797   6.706790123    3.498285322    0.1919753086   0.5538319102   
362      I1         0.4877229081   2.698834019    0.2271056241   3.393209877    3.220507545    0.2335390947   0.4992892536   
363      I1         0.779218107    2.134499314    0.335994513    0.8265432099   3.498285322    0.1886831276   0.3154172784   
364      I1         0.3011659808   2.134499314    0.03352537723  2.293209877    3.498285322    0.1664609053   0.5300506671   
365      I1         0.7838820302   2.164814815    0.5174759945   0.1067901235   2.946159122    0.1997942387   0.3129333116   
366      I1         1.41351166     2.698834019    0.6626611797   3.393209877    1.927640604    0.1664609053   0.2899131401   
367      I1         1.373868313    2.698834019    0.6626611797   3.393209877    2.140260631    0.1541152263   0.3509178479   
368      I1         0.3011659808   1.376611797    0.1800548697   3.393209877    2.959876543    0.2150205761   0.2800467246   
369      I1         0.6276406036   1.565500686    0.2996982167   3.393209877    2.668381344    0.2462962963   0.2696081965   
370      I1         0.3011659808   1.313648834    0.335994513    3.393209877    3.498285322    0.2619341564   0.3085631628   
371      I1         0.3011659808   1.376611797    0.301042524    3.393209877    3.083333333    0.2495884774   0.2870070687   
372      I1         0.676611797    1.001165981    0.335994513    2.293209877    3.498285322    0.2569958848   0.328016959    
373      I1         0.8655006859   1.001165981    0.08192043896  3.393209877    3.038751715    0.2220164609   0.3413470924   
374      I1         1.432167353    1.040809328    0.9893278464   3.393209877    3.498285322    0.2002057613   0.3038095564   
375      I1         1.390192044    1.187722908    0.9893278464   3.393209877    3.261659808    0.2236625514   0.286850655    
376      I1         1.117352538    1.001165981    0.7728943759   1.193209877    2.946159122    0.2997942387   0.336613192    
377      I1         1.19430727     1.001165981    0.664005487    1.193209877    2.946159122    0.24218107     0.3005813531   
378      I1         0.4247599451   1.565500686    0.335994513    3.393209877    3.498285322    0.2294238683   0.2698036275   
379      I1         0.3011659808   1.423251029    0.2768449931   2.293209877    3.316529492    0.2273662551   0.2792237581   
380      I1         0.4900548697   1.565500686    0.335994513    3.393209877    3.313100137    0.233127572    0.2647135408   
381      I1         0.5600137174   1.001165981    0.335994513    3.393209877    3.196502058    0.2553497942   0.3375542998   
382      I1         0.3011659808   1.60048011     0.3373388203   6.014197531    3.2239369      0.2335390947   0.2938399312   
383      I1         0.3011659808   1.232030178    0.2284499314   3.406790123    2.016803841    0.2582304527   0.2949918473   
384      I1         0.8025377229   1.945610425    0.4919341564   3.270987654    2.541495199    0.2240740741   0.2592438662   
385      I1         0.9611111111   2.132167353    0.4838683128   1.193209877    1.835048011    0.1886831276   0.2804561365   
386      I1         0.676611797    1.187722908    0.2271056241   6.693209877    1.835048011    0.2462962963   0.3010919608   
387      I1         0.4247599451   1.001165981    0.280877915    4.493209877    2.205418381    0.2664609053   0.3472466006   
388      I1         0.5413580247   1.754389575    0.5537722908   3.406790123    3.498285322    0.2779835391   0.3231347463   
389      I1         1.229286694    1.001165981    0.9301783265   6.693209877    2.311728395    0.2475308642   0.2962895242   
390      I1         0.676611797    1.567832647    0.4583264746   6.32654321     2.764403292    0.2997942387   0.3296311611   
391      I1         0.676611797    1.581824417    0.5537722908   3.406790123    3.162208505    0.2997942387   0.326224055    
392      I1         0.7115912209   1.73340192     0.4085871056   3.637654321    3.498285322    0.2220164609   0.2607947982   
393      I1         0.8025377229   2.132167353    0.5174759945   4.493209877    3.498285322    0.2195473251   0.2693213971   
394      I1         1.229286694    1.001165981    0.664005487    6.693209877    2.668381344    0.2166666667   0.3071755121   
395      I1         0.4877229081   1.65877915     0.3373388203   1.193209877    1.852194787    0.2537037037   0.2706666859   
396      I1         0.7419067215   1.840672154    0.450260631    2.293209877    2.558641975    0.2220164609   0.2560900497   
397      I1         0.6672839506   1.945610425    0.4825240055   1.193209877    2.592935528    0.2335390947   0.2614948472   
398      I1         0.3011659808   1.756721536    0.3373388203   0.1067901235   2.047668038    0.266872428    0.3225678687   
399      I1         1.243278464    1.001165981    0.6626611797   7.806790123    2.016803841    0.2372427984   0.3052758089   
400      I1         1.119684499    1.001165981    0.5430178326   9.993209877    2.387174211    0.2553497942   0.324749594    
%eval_id interface log__t_efold_shallow log__t_efold_soil f_exfiltration_shallow PDD_melt_factor log__Hmax_shallow baseflow_Q     neg_kge        
401      I1         0.7419067215   1.840672154    0.450260631    2.293209877    2.558641975    0.2220164609   0.2560900497   
402      I1         0.9119067215   1.840672154    0.450260631    2.293209877    2.558641975    0.2220164609   0.2667430845   
403      I1         0.7419067215   2.010672154    0.450260631    2.293209877    2.558641975    0.2220164609   0.2595124844   
404      I1         0.7419067215   1.840672154    0.548260631    2.293209877    2.558641975    0.2220164609   0.269840055    
405      I1         0.7419067215   1.840672154    0.450260631    3.283209877    2.558641975    0.2220164609   0.259050077    
406      I1         0.7419067215   1.840672154    0.450260631    2.293209877    2.808641975    0.2220164609   0.2560900497   
407      I1         0.7419067215   1.840672154    0.450260631    2.293209877    2.558641975    0.2520164609   0.2673100018   
408      I1         0.5719067215   1.840672154    0.450260631    2.293209877    2.558641975    0.2220164609   0.2681031655   
409      I1         0.7419067215   1.670672154    0.450260631    2.293209877    2.558641975    0.2220164609   0.2606229999   
410      I1         0.7419067215   1.840672154    0.352260631    2.293209877    2.558641975    0.2220164609   0.27001693     
411      I1         0.7419067215   1.840672154    0.450260631    1.303209877    2.558641975    0.2220164609   0.2569275479   
412      I1         0.7419067215   1.840672154    0.450260631    2.293209877    2.308641975    0.2220164609   0.2560900497   
413      I1         0.7419067215   1.840672154    0.450260631    2.293209877    2.558641975    0.1920164609   0.2787888241   
414      I1         0.8269067215   1.840672154    0.450260631    2.293209877    2.558641975    0.2220164609   0.2585723284   
415      I1         0.7419067215   1.925672154    0.450260631    2.293209877    2.558641975    0.2220164609   0.2570181612   
416      I1         0.7419067215   1.840672154    0.499260631    2.293209877    2.558641975    0.2220164609   0.2596734393   
417      I1         0.7419067215   1.840672154    0.450260631    2.788209877    2.558641975    0.2220164609   0.2574394986   
418      I1         0.7419067215   1.840672154    0.450260631    2.293209877    2.683641975    0.2220164609   0.2560900497   
419      I1         0.7419067215   1.840672154    0.450260631    2.293209877    2.558641975    0.2370164609   0.2579735692   
420      I1         0.6569067215   1.840672154    0.450260631    2.293209877    2.558641975    0.2220164609   0.2593508942   
421      I1         0.7419067215   1.755672154    0.450260631    2.293209877    2.558641975    0.2220164609   0.2572741433   
422      I1         0.7419067215   1.840672154    0.401260631    2.293209877    2.558641975    0.2220164609   0.259856993    
423      I1         0.7419067215   1.840672154    0.450260631    1.798209877    2.558641975    0.2220164609   0.2555598368   
424      I1         0.7419067215   1.840672154    0.450260631    2.293209877    2.433641975    0.2220164609   0.2560900497   
425      I1         0.7419067215   1.840672154    0.450260631    2.293209877    2.558641975    0.2070164609   0.2629709369   
426      I1         0.7844067215   1.840672154    0.450260631    2.293209877    2.558641975    0.2220164609   0.2565905324   
427      I1         0.7419067215   1.883172154    0.450260631    2.293209877    2.558641975    0.2220164609   0.2562734149   
428      I1         0.7419067215   1.840672154    0.474760631    2.293209877    2.558641975    0.2220164609   0.2569683715   
429      I1         0.7419067215   1.840672154    0.450260631    2.540709877    2.558641975    0.2220164609   0.2567783549   
430      I1         0.7419067215   1.840672154    0.450260631    2.293209877    2.621141975    0.2220164609   0.2560900497   
431      I1         0.7419067215   1.840672154    0.450260631    2.293209877    2.558641975    0.2295164609   0.2559947564   
432      I1         0.6994067215   1.840672154    0.450260631    2.293209877    2.558641975    0.2220164609   0.256997725    
433      I1         0.7419067215   1.798172154    0.450260631    2.293209877    2.558641975    0.2220164609   0.2564227638   
434      I1         0.7419067215   1.840672154    0.425760631    2.293209877    2.558641975    0.2220164609   0.2570128376   
435      I1         0.7419067215   1.840672154    0.450260631    2.045709877    2.558641975    0.2220164609   0.2556613387   
436      I1         0.7419067215   1.840672154    0.450260631    2.293209877    2.496141975    0.2220164609   0.2560900497   
437      I1         0.7419067215   1.840672154    0.450260631    2.293209877    2.558641975    0.2145164609   0.2583963539   
438      I1         0.7631567215   1.840672154    0.450260631    2.293209877    2.558641975    0.2220164609   0.2561359942   
439      I1         0.7419067215   1.861922154    0.450260631    2.293209877    2.558641975    0.2220164609   0.2560705785   
440      I1         0.7419067215   1.840672154    0.462510631    2.293209877    2.558641975    0.2220164609   0.2563196909   
441      I1         0.7419067215   1.840672154    0.450260631    2.416959877    2.558641975    0.2220164609   0.2564090106   
442      I1         0.7419067215   1.840672154    0.450260631    2.293209877    2.589891975    0.2220164609   0.2560900497   
443      I1         0.7419067215   1.840672154    0.450260631    2.293209877    2.558641975    0.2257664609   0.255772813    
444      I1         0.7206567215   1.840672154    0.450260631    2.293209877    2.558641975    0.2220164609   0.2563646429   
445      I1         0.7419067215   1.819422154    0.450260631    2.293209877    2.558641975    0.2220164609   0.2562065871   
446      I1         0.7419067215   1.840672154    0.438010631    2.293209877    2.558641975    0.2220164609   0.2562849501   
447      I1         0.7419067215   1.840672154    0.450260631    2.169459877    2.558641975    0.2220164609   0.2558596733   
448      I1         0.7419067215   1.840672154    0.450260631    2.293209877    2.527391975    0.2220164609   0.2560900497   
449      I1         0.7419067215   1.840672154    0.450260631    2.293209877    2.558641975    0.2182664609   0.2569613214   
450      I1         0.7631567215   1.840672154    0.450260631    2.293209877    2.558641975    0.2257664609   0.2559678794   
451      I1         0.7419067215   1.861922154    0.450260631    2.293209877    2.558641975    0.2257664609   0.2558903904   
452      I1         0.7419067215   1.840672154    0.462510631    2.293209877    2.558641975    0.2257664609   0.2557904777   
453      I1         0.7419067215   1.840672154    0.450260631    2.416959877    2.558641975    0.2257664609   0.2561059341   
454      I1         0.7419067215   1.840672154    0.450260631    2.293209877    2.589891975    0.2257664609   0.255772813    
455      I1         0.7206567215   1.840672154    0.450260631    2.293209877    2.558641975    0.2257664609   0.2559085093   
456      I1         0.7419067215   1.819422154    0.450260631    2.293209877    2.558641975    0.2257664609   0.2557567352   
457      I1         0.7419067215   1.840672154    0.438010631    2.293209877    2.558641975    0.2257664609   0.2561915704   
458      I1         0.7419067215   1.840672154    0.450260631    2.169459877    2.558641975    0.2257664609   0.2555272876   
459      I1         0.7419067215   1.840672154    0.450260631    2.293209877    2.527391975    0.2257664609   0.255772813    
460      I1         0.7631567215   1.840672154    0.450260631    2.169459877    2.558641975    0.2257664609   0.2557083216   
461      I1         0.7419067215   1.861922154    0.450260631    2.169459877    2.558641975    0.2257664609   0.2556129876   
462      I1         0.7419067215   1.840672154    0.462510631    2.169459877    2.558641975    0.2257664609   0.2555593574   
463      I1         0.7419067215   1.840672154    0.450260631    2.169459877    2.589891975    0.2257664609   0.2555272876   
464      I1         0.7419067215   1.840672154    0.450260631    2.169459877    2.558641975    0.2295164609   0.2557360549   
465      I1         0.7206567215   1.840672154    0.450260631    2.169459877    2.558641975    0.2257664609   0.2556610989   
466      I1         0.7419067215   1.819422154    0.450260631    2.169459877    2.558641975    0.2257664609   0.2555441824   
467      I1         0.7419067215   1.840672154    0.438010631    2.169459877    2.558641975    0.2257664609   0.2559100863   
468      I1         0.7419067215   1.840672154    0.450260631    2.045709877    2.558641975    0.2257664609   0.2553162276   
469      I1         0.7419067215   1.840672154    0.450260631    2.169459877    2.527391975    0.2257664609   0.2555272876   
470      I1         0.7631567215   1.840672154    0.450260631    2.045709877    2.558641975    0.2257664609   0.2554801597   
471      I1         0.7419067215   1.861922154    0.450260631    2.045709877    2.558641975    0.2257664609   0.255377136    
472      I1         0.7419067215   1.840672154    0.462510631    2.045709877    2.558641975    0.2257664609   0.2554108717   
473      I1         0.7419067215   1.840672154    0.450260631    2.045709877    2.589891975    0.2257664609   0.2553162276   
474      I1         0.7419067215   1.840672154    0.450260631    2.045709877    2.558641975    0.2295164609   0.2555141897   
475      I1         0.7206567215   1.840672154    0.450260631    2.045709877    2.558641975    0.2257664609   0.2554920598   
476      I1         0.7419067215   1.819422154    0.450260631    2.045709877    2.558641975    0.2257664609   0.2553908823   
477      I1         0.7419067215   1.840672154    0.438010631    2.045709877    2.558641975    0.2257664609   0.2556670168   
478      I1         0.7419067215   1.840672154    0.450260631    1.921959877    2.558641975    0.2257664609   0.2551934258   
479      I1         0.7419067215   1.840672154    0.450260631    2.045709877    2.527391975    0.2257664609   0.2553162276   
480      I1         0.7419067215   1.840672154    0.450260631    2.045709877    2.558641975    0.2220164609   0.2556613387   
481      I1         0.7525317215   1.840672154    0.450260631    2.045709877    2.558641975    0.2257664609   0.2553404806   
482      I1         0.7419067215   1.851297154    0.450260631    2.045709877    2.558641975    0.2257664609   0.2553067237   
483      I1         0.7419067215   1.840672154    0.456385631    2.045709877    2.558641975    0.2257664609   0.2553178208   
484      I1         0.7419067215   1.840672154    0.450260631    2.107584877    2.558641975    0.2257664609   0.2554319813   
485      I1         0.7419067215   1.840672154    0.450260631    2.045709877    2.574266975    0.2257664609   0.2553162276   
486      I1         0.7419067215   1.840672154    0.450260631    2.045709877    2.558641975    0.2276414609   0.2553484337   
487      I1         0.7312817215   1.840672154    0.450260631    2.045709877    2.558641975    0.2257664609   0.2553673554   
488      I1         0.7419067215   1.830047154    0.450260631    2.045709877    2.558641975    0.2257664609   0.2553429826   
489      I1         0.7419067215   1.840672154    0.444135631    2.045709877    2.558641975    0.2257664609   0.255401517    
490      I1         0.7419067215   1.840672154    0.450260631    1.983834877    2.558641975    0.2257664609   0.2552372347   
491      I1         0.7419067215   1.840672154    0.450260631    2.045709877    2.543016975    0.2257664609   0.2553162276   
492      I1         0.7419067215   1.840672154    0.450260631    2.045709877    2.558641975    0.2238914609   0.2554198671   
493      I1         0.7525317215   1.840672154    0.450260631    1.983834877    2.558641975    0.2257664609   0.2552663652   
494      I1         0.7419067215   1.851297154    0.450260631    1.983834877    2.558641975    0.2257664609   0.2552290247   
495      I1         0.7419067215   1.840672154    0.456385631    1.983834877    2.558641975    0.2257664609   0.2552509287   
496      I1         0.7419067215   1.840672154    0.450260631    1.983834877    2.574266975    0.2257664609   0.2552372347   
497      I1         0.7419067215   1.840672154    0.450260631    1.983834877    2.558641975    0.2276414609   0.2552665275   
498      I1         0.7312817215   1.840672154    0.450260631    1.983834877    2.558641975    0.2257664609   0.2552977302   
499      I1         0.7419067215   1.830047154    0.450260631    1.983834877    2.558641975    0.2257664609   0.2552750705   
500      I1         0.7419067215   1.840672154    0.444135631    1.983834877    2.558641975    0.2257664609   0.2553237397   
501      I1         0.7419067215   1.840672154    0.450260631    1.921959877    2.558641975    0.2257664609   0.2551934258   
502      I1         0.7419067215   1.840672154    0.450260631    1.983834877    2.543016975    0.2257664609   0.2552372347   
503      I1         0.7419067215   1.840672154    0.450260631    1.983834877    2.558641975    0.2238914609   0.2553440211   
504      I1         0.7525317215   1.840672154    0.450260631    1.921959877    2.558641975    0.2257664609   0.255226226    
505      I1         0.7419067215   1.851297154    0.450260631    1.921959877    2.558641975    0.2257664609   0.255186237    
506      I1         0.7419067215   1.840672154    0.456385631    1.921959877    2.558641975    0.2257664609   0.2552211738   
507      I1         0.7419067215   1.840672154    0.450260631    1.921959877    2.574266975    0.2257664609   0.2551934258   
508      I1         0.7419067215   1.840672154    0.450260631    1.921959877    2.558641975    0.2276414609   0.2552195434   
509      I1         0.7312817215   1.840672154    0.450260631    1.921959877    2.558641975    0.2257664609   0.255265321    
510      I1         0.7419067215   1.830047154    0.450260631    1.921959877    2.558641975    0.2257664609   0.255243989    
511      I1         0.7419067215   1.840672154    0.444135631    1.921959877    2.558641975    0.2257664609   0.2552795577   
512      I1         0.7419067215   1.840672154    0.450260631    1.860084877    2.558641975    0.2257664609   0.255177748    
513      I1         0.7419067215   1.840672154    0.450260631    1.921959877    2.543016975    0.2257664609   0.2551934258   
514      I1         0.7419067215   1.840672154    0.450260631    1.921959877    2.558641975    0.2238914609   0.2553036105   
515      I1         0.7472192215   1.840672154    0.450260631    1.921959877    2.558641975    0.2257664609   0.2551967488   
516      I1         0.7419067215   1.845984654    0.450260631    1.921959877    2.558641975    0.2257664609   0.2551815859   
517      I1         0.7419067215   1.840672154    0.453323131    1.921959877    2.558641975    0.2257664609   0.2552031471   
518      I1         0.7419067215   1.840672154    0.450260631    1.952897377    2.558641975    0.2257664609   0.255213392    
519      I1         0.7419067215   1.840672154    0.450260631    1.921959877    2.566454475    0.2257664609   0.2551934258   
520      I1         0.7419067215   1.840672154    0.450260631    1.921959877    2.558641975    0.2267039609   0.2551895825   
521      I1         0.7365942215   1.840672154    0.450260631    1.921959877    2.558641975    0.2257664609   0.2552216567   
522      I1         0.7419067215   1.835359654    0.450260631    1.921959877    2.558641975    0.2257664609   0.2552160907   
523      I1         0.7419067215   1.840672154    0.447198131    1.921959877    2.558641975    0.2257664609   0.2552180503   
524      I1         0.7419067215   1.840672154    0.450260631    1.891022377    2.558641975    0.2257664609   0.2551819708   
525      I1         0.7419067215   1.840672154    0.450260631    1.921959877    2.550829475    0.2257664609   0.2551934258   
526      I1         0.7419067215   1.840672154    0.450260631    1.921959877    2.558641975    0.2248289609   0.2552313496   
527      I1         0.7472192215   1.845984654    0.450260631    1.921959877    2.558641975    0.2257664609   0.2551953288   
528      I1         0.7419067215   1.845984654    0.453323131    1.921959877    2.558641975    0.2257664609   0.2551783256   
529      I1         0.7419067215   1.845984654    0.450260631    1.952897377    2.558641975    0.2257664609   0.2552018691   
530      I1         0.7419067215   1.845984654    0.450260631    1.921959877    2.566454475    0.2257664609   0.2551815859   
531      I1         0.7419067215   1.845984654    0.450260631    1.921959877    2.558641975    0.2267039609   0.2551865223   
532      I1         0.7365942215   1.845984654    0.450260631    1.921959877    2.558641975    0.2257664609   0.2552015433   
533      I1         0.7419067215   1.845984654    0.447198131    1.921959877    2.558641975    0.2257664609   0.2552251011   
534      I1         0.7419067215   1.845984654    0.450260631    1.891022377    2.558641975    0.2257664609   0.2551697204   
535      I1         0.7419067215   1.845984654    0.450260631    1.921959877    2.550829475    0.2257664609   0.2551815859   
536      I1         0.7419067215   1.845984654    0.450260631    1.921959877    2.558641975    0.2248289609   0.2552106767   
537      I1         0.7472192215   1.845984654    0.450260631    1.891022377    2.558641975    0.2257664609   0.2551840033   
538      I1         0.7419067215   1.851297154    0.450260631    1.891022377    2.558641975    0.2257664609   0.2551742147   
539      I1         0.7419067215   1.845984654    0.453323131    1.891022377    2.558641975    0.2257664609   0.2551670108   
540      I1         0.7419067215   1.845984654    0.450260631    1.891022377    2.566454475    0.2257664609   0.2551697204   
541      I1         0.7419067215   1.845984654    0.450260631    1.891022377    2.558641975    0.2267039609   0.2551738219   
542      I1         0.7365942215   1.845984654    0.450260631    1.891022377    2.558641975    0.2257664609   0.255188807    
543      I1         0.7419067215   1.845984654    0.447198131    1.891022377    2.558641975    0.2257664609   0.2552125977   
544      I1         0.7419067215   1.845984654    0.450260631    1.860084877    2.558641975    0.2257664609   0.2551655468   
545      I1         0.7419067215   1.845984654    0.450260631    1.891022377    2.550829475    0.2257664609   0.2551697204   
546      I1         0.7419067215   1.845984654    0.450260631    1.891022377    2.558641975    0.2248289609   0.2551996731   
547      I1         0.7445629715   1.845984654    0.450260631    1.891022377    2.558641975    0.2257664609   0.2551742436   
548      I1         0.7419067215   1.848640904    0.450260631    1.891022377    2.558641975    0.2257664609   0.2551698476   
549      I1         0.7419067215   1.845984654    0.451791881    1.891022377    2.558641975    0.2257664609   0.2551633169   
550      I1         0.7419067215   1.845984654    0.450260631    1.906491127    2.558641975    0.2257664609   0.255174509    
551      I1         0.7419067215   1.845984654    0.450260631    1.891022377    2.562548225    0.2257664609   0.2551697204   
552      I1         0.7419067215   1.845984654    0.450260631    1.891022377    2.558641975    0.2262352109   0.2551675315   
553      I1         0.7392504715   1.845984654    0.450260631    1.891022377    2.558641975    0.2257664609   0.2551753587   
554      I1         0.7419067215   1.843328404    0.450260631    1.891022377    2.558641975    0.2257664609   0.2551746059   
555      I1         0.7419067215   1.845984654    0.448729381    1.891022377    2.558641975    0.2257664609   0.2551863836   
556      I1         0.7419067215   1.845984654    0.450260631    1.875553627    2.558641975    0.2257664609   0.255167751    
557      I1         0.7419067215   1.845984654    0.450260631    1.891022377    2.554735725    0.2257664609   0.2551697204   
558      I1         0.7419067215   1.845984654    0.450260631    1.891022377    2.558641975    0.2252977109   0.2551804231   
559      I1         0.7445629715   1.845984654    0.451791881    1.891022377    2.558641975    0.2257664609   0.2551604353   
560      I1         0.7419067215   1.848640904    0.451791881    1.891022377    2.558641975    0.2257664609   0.2551575864   
561      I1         0.7419067215   1.845984654    0.453323131    1.891022377    2.558641975    0.2257664609   0.2551670108   
562      I1         0.7419067215   1.845984654    0.451791881    1.906491127    2.558641975    0.2257664609   0.2551683844   
563      I1         0.7419067215   1.845984654    0.451791881    1.891022377    2.562548225    0.2257664609   0.2551633169   
564      I1         0.7419067215   1.845984654    0.451791881    1.891022377    2.558641975    0.2262352109   0.2551575699   
565      I1         0.7392504715   1.845984654    0.451791881    1.891022377    2.558641975    0.2257664609   0.2551772816   
566      I1         0.7419067215   1.843328404    0.451791881    1.891022377    2.558641975    0.2257664609   0.2551727768   
567      I1         0.7419067215   1.845984654    0.451791881    1.875553627    2.558641975    0.2257664609   0.255161285    
568      I1         0.7419067215   1.845984654    0.451791881    1.891022377    2.554735725    0.2257664609   0.2551633169   
569      I1         0.7419067215   1.845984654    0.451791881    1.891022377    2.558641975    0.2252977109   0.2551775857   
570      I1         0.7445629715   1.845984654    0.451791881    1.891022377    2.558641975    0.2262352109   0.2551570422   
571      I1         0.7419067215   1.848640904    0.451791881    1.891022377    2.558641975    0.2262352109   0.2551540414   
572      I1         0.7419067215   1.845984654    0.453323131    1.891022377    2.558641975    0.2262352109   0.2551576918   
573      I1         0.7419067215   1.845984654    0.451791881    1.906491127    2.558641975    0.2262352109   0.2551628504   
574      I1         0.7419067215   1.845984654    0.451791881    1.891022377    2.562548225    0.2262352109   0.2551575699   
575      I1         0.7419067215   1.845984654    0.451791881    1.891022377    2.558641975    0.2267039609   0.2551603107   
576      I1         0.7392504715   1.845984654    0.451791881    1.891022377    2.558641975    0.2262352109   0.2551691621   
577      I1         0.7419067215   1.843328404    0.451791881    1.891022377    2.558641975    0.2262352109   0.2551648326   
578      I1         0.7419067215   1.845984654    0.451791881    1.875553627    2.558641975    0.2262352109   0.2551553198   
579      I1         0.7419067215   1.845984654    0.451791881    1.891022377    2.554735725    0.2262352109   0.2551575699   
580      I1         0.7445629715   1.848640904    0.451791881    1.891022377    2.558641975    0.2262352109   0.25515664     
581      I1         0.7419067215   1.851297154    0.451791881    1.891022377    2.558641975    0.2262352109   0.2551557257   
582      I1         0.7419067215   1.848640904    0.453323131    1.891022377    2.558641975    0.2262352109   0.2551488254   
583      I1         0.7419067215   1.848640904    0.451791881    1.906491127    2.558641975    0.2262352109   0.2551589189   
584      I1         0.7419067215   1.848640904    0.451791881    1.891022377    2.562548225    0.2262352109   0.2551540414   
585      I1         0.7419067215   1.848640904    0.451791881    1.891022377    2.558641975    0.2267039609   0.255158977    
586      I1         0.7392504715   1.848640904    0.451791881    1.891022377    2.558641975    0.2262352109   0.2551618845   
587      I1         0.7419067215   1.848640904    0.450260631    1.891022377    2.558641975    0.2262352109   0.2551698624   
588      I1         0.7419067215   1.848640904    0.451791881    1.875553627    2.558641975    0.2262352109   0.255151997    
589      I1         0.7419067215   1.848640904    0.451791881    1.891022377    2.554735725    0.2262352109   0.2551540414   
590      I1         0.7445629715   1.848640904    0.453323131    1.891022377    2.558641975    0.2262352109   0.2551435426   
591      I1         0.7419067215   1.851297154    0.453323131    1.891022377    2.558641975    0.2262352109   0.255144239    
592      I1         0.7419067215   1.848640904    0.454854381    1.891022377    2.558641975    0.2262352109   0.2551541895   
593      I1         0.7419067215   1.848640904    0.453323131    1.906491127    2.558641975    0.2262352109   0.2551541097   
594      I1         0.7419067215   1.848640904    0.453323131    1.891022377    2.562548225    0.2262352109   0.2551488254   
595      I1         0.7419067215   1.848640904    0.453323131    1.891022377    2.558641975    0.2267039609   0.2551501884   
596      I1         0.7392504715   1.848640904    0.453323131    1.891022377    2.558641975    0.2262352109   0.2551650964   
597      I1         0.7419067215   1.848640904    0.453323131    1.875553627    2.558641975    0.2262352109   0.2551464026   
598      I1         0.7419067215   1.848640904    0.453323131    1.891022377    2.554735725    0.2262352109   0.2551488254   
599      I1         0.7419067215   1.848640904    0.453323131    1.891022377    2.558641975    0.2257664609   0.2551559514   
600      I1         0.7498754715   1.848640904    0.453323131    1.891022377    2.558641975    0.2262352109   0.255151558    
601      I1         0.7445629715   1.853953404    0.453323131    1.891022377    2.558641975    0.2262352109   0.2551462535   
602      I1         0.7445629715   1.848640904    0.456385631    1.891022377    2.558641975    0.2262352109   0.2551458549   
603      I1         0.7445629715   1.848640904    0.453323131    1.921959877    2.558641975    0.2262352109   0.2551548031   
604      I1         0.7445629715   1.848640904    0.453323131    1.891022377    2.566454475    0.2262352109   0.2551435426   
605      I1         0.7445629715   1.848640904    0.453323131    1.891022377    2.558641975    0.2271727109   0.2551594519   
606      I1         0.7445629715   1.843328404    0.453323131    1.891022377    2.558641975    0.2262352109   0.2551559684   
607      I1         0.7445629715   1.848640904    0.450260631    1.891022377    2.558641975    0.2262352109   0.2551794939   
608      I1         0.7445629715   1.848640904    0.453323131    1.860084877    2.558641975    0.2262352109   0.2551396052   
609      I1         0.7445629715   1.848640904    0.453323131    1.891022377    2.550829475    0.2262352109   0.2551435426   
610      I1         0.7445629715   1.848640904    0.453323131    1.891022377    2.558641975    0.2252977109   0.2551615723   
