%eval_id interface log__t_efold_shallow log__t_efold_soil log__t_efold_karst f_exfiltration_shallow f_exfiltration_soil PDD_melt_factor log__fdd_threshold snow_insulation_k neg_kge        
1        I1         1.031569625    1.972364014    3.91705676     0.08187029442  0.1117894441   0.9572361427   1.54556948     0.0987405002   0.5608915621   
2        I1         1.738002296    2.153882841    3.606658393    0.7426416074   0.7193760053   3.697353834    0.06789509667  0.01171401952  1.442716457    
3        I1         1.583172998    1.327864414    2.778552717    0.4832078674   0.0890321183   4.331382158    0.1593154956   0.02053679275  1.297124495    
4        I1         1.973053607    1.712391478    3.287586518    0.3240121076   0.04916239375  5.190489881    0.2847513248   0.1495566483   0.8837540079   
5        I1         1.177159204    1.702042258    3.024145158    0.2578996488   0.4326145925   4.286154237    2.62893519     0.1058008918   1.069760714    
6        I1         1.389904313    2.030189091    2.555153062    0.6602045533   0.2052308283   5.08417707     1.918177791    0.04738531147  1.544867572    
7        I1         1.446335508    1.919140271    3.164319841    0.368880236    0.9170078746   0.4714102173   0.3667146442   0.05002195325  1.505220463    
8        I1         0.9481382881   1.975972814    2.895061716    0.7300191398   0.4387943063   9.121403494    2.614111344    0.05334558274  1.866770248    
9        I1         1.459552999    1.899072277    3.742895652    0.3745234011   0.9751072237   0.1747179927   2.746068637    0.08816497846  1.445098695    
10       I1         0.3237088733   2.081967787    3.401677843    0.3637232882   0.4543216541   5.656863288    2.106068414    0.02170608563  2.071215749    
11       I1         1.160758497    1.914040856    3.056453917    0.3820957175   0.03786302582  7.990311883    2.678897962    0.01927393289  1.114522455    
12       I1         1.901462023    1.887784017    3.809025626    0.2137834302   0.4023888976   3.831712223    1.504993468    0.07230983945  0.7360611923   
13       I1         1.081726666    1.084743497    3.156802105    0.8439753187   0.4692989556   5.581352577    2.914337417    0.06383720263  1.924694309    
14       I1         1.64120002     2.241502952    3.938366512    0.5788593947   0.5611679837   1.177112345    1.947517798    0.09780723046  1.165405379    
15       I1         1.359382799    1.149679854    3.681351124    0.2997027545   0.6515158266   4.894030408    1.602576732    0.07574760212  1.573422362    
16       I1         1.775966423    2.623360368    2.872825091    0.5035474146   0.172586491    8.935380853    1.897851405    0.1360803958   1.01383899     
17       I1         0.6363943388   1.374843451    4.244486286    0.4257638904   0.2717204916   3.215896412    2.013580022    0.1170084979   1.786863953    
18       I1         1.712625696    2.262234132    3.563084631    0.8888690782   0.136307493    8.49266892     2.942109655    0.1039694753   1.459394692    
19       I1         0.6996487793   1.469167139    3.847275111    0.941346387    0.3801969768   9.496401716    0.3026195115   0.0493198283   2.276490766    
20       I1         0.5212860984   2.339796042    4.324691621    0.02682032949  0.5056121611   9.435916875    1.797785827    0.06480682841  0.6973230126   
21       I1         1.527668383    1.254938783    2.651214515    0.8644663599   0.5565208168   2.858188311    1.433977594    0.1000505528   1.680222407    
22       I1         1.012847891    1.901955297    3.474362922    0.6558531331   0.7898699603   6.165109595    1.74120242     0.1246984181   1.841951242    
23       I1         1.531535246    1.042055073    3.236266154    0.5837991308   0.3475140804   5.071982654    0.5999280532   0.01993415349  1.516786013    
24       I1         1.404016156    2.29651723     3.647405117    0.5574533339   0.367962828    0.7839750314   2.603075954    0.1214438644   1.124031214    
25       I1         1.771193562    2.382780579    3.014647514    0.9014394052   0.3128979224   8.449250233    0.3434920695   0.08470807871  1.496341401    
26       I1         1.365941496    2.016681234    3.251077035    0.2887668062   0.8329797208   8.13962312     1.068326553    0.002236963628 1.567657427    
27       I1         1.244751552    2.470183567    3.721320857    0.4961993767   0.9466801024   6.903781316    1.768746244    0.05361642155  1.548010213    
28       I1         1.832347989    1.618783662    4.432868669    0.333323562    0.10346091     2.715362389    0.7498366907   0.00740257091  0.541931183    
29       I1         1.420646476    1.840114       3.674383694    0.9485655461   0.8178788364   2.171727156    1.651090912    0.03699373672  1.787518802    
30       I1         1.005887567    1.1350667      2.965447787    0.5167904168   0.1289259313   3.661604156    2.877065513    0.1151165196   1.466748446    
31       I1         1.062583374    2.037781874    3.112754433    0.7000810092   0.3045696348   7.652579117    2.069716827    0.06185146696  1.803738146    
32       I1         0.5369019975   2.056057473    3.087118066    0.128473036    0.2484786123   1.502057478    1.688368233    0.1189514087   1.144202354    
33       I1         0.7482488826   2.432352504    3.941439147    0.3703465277   0.1479898162   6.48335404     1.561350535    0.04166361281  1.774557771    
34       I1         0.551983061    1.005001595    2.925289364    0.4583877322   0.6121861275   3.372111183    2.154961566    0.07457881763  2.051457296    
35       I1         0.6021373378   1.57146601     3.424068791    0.08532162429  0.9546232434   7.331916469    0.8250106569   0.08116993474  1.968497336    
36       I1         0.5625116465   2.024418459    3.839459706    0.2053694139   0.1081480773   5.385674145    0.2760762866   0.0871281042   1.310373571    
37       I1         1.79550917     2.444789642    2.885188013    0.7262102806   0.5927817656   3.347979457    0.8900685746   0.02977245737  1.296535841    
38       I1         1.51752088     2.572289077    3.735029668    0.6478459703   0.537096675    1.323055332    2.736910765    0.1423598877   1.211673979    
39       I1         0.8239859326   2.180520308    4.328839539    0.9664733799   0.7618330616   9.391928479    1.142120043    0.09268999003  2.193643954    
40       I1         0.4360475337   2.27527896     3.703694044    0.8487916483   0.7449829453   5.451772094    1.166910396    0.04458410244  2.405969976    
41       I1         1.395449208    1.290716929    3.229890596    0.1985720714   0.6802152624   4.217818408    1.527801111    0.0002529546357 1.602429528    
42       I1         1.141522265    1.930591487    2.797400905    0.4094759667   0.2271843178   4.529884387    0.7715029838   0.1390121954   1.464808117    
43       I1         1.361125029    2.035421557    2.681218689    0.307045893    0.8689908005   4.126543821    0.1736406476   0.02731091458  1.540488222    
44       I1         1.326528753    2.559012186    2.863239585    0.1603838599   0.9087467498   7.21046598     2.809444702    0.1377489606   0.9369534376   
45       I1         0.9080263691   2.007974284    3.042674409    0.3091048798   0.4753711493   9.36699869     2.65208089     0.1231832723   1.191248838    
46       I1         1.892783879    1.607062876    2.915172285    0.6177638289   0.4273640679   4.45813412     1.577793398    0.09052593078  1.208248188    
47       I1         1.381827444    2.309147292    4.177968403    0.1752551528   0.3073840553   5.484717207    2.434767911    0.02342939592  0.5722865619   
48       I1         1.444278275    1.090187553    3.306796818    0.6465402684   0.8537564426   1.683142635    0.6641101064   0.09610087258  1.732349095    
49       I1         1.953548078    2.594591468    3.526345781    0.2366521052   0.2751800928   5.618450393    2.766775179    0.05175294729  0.8435990078   
50       I1         0.4057035626   1.248939516    4.153250314    0.07083899011  0.4360470655   5.939641469    0.7638133234   0.012938783    2.062636176    
51       I1         0.9657950803   1.213851171    3.992164059    0.4496035419   0.3509214385   6.61131203     0.6765196184   0.07630263641  1.831125504    
52       I1         1.221021649    1.855932989    2.752934595    0.1339867501   0.9023741      7.427576021    2.45649262     0.03510037557  1.508569725    
53       I1         1.205255055    2.186006007    2.725188637    0.4528106755   0.9224487796   2.908796736    1.221526973    0.0658613731   1.591380275    
54       I1         1.628908169    2.306006852    2.510864016    0.1911231965   0.06784710513  8.264963864    1.186216058    0.1161062427   1.145373025    
55       I1         1.026046435    2.074017228    4.053596237    0.7827888579   0.6270359666   7.952141837    0.02520256267  0.1366896919   1.942143035    
56       I1         0.8313026433   2.493927199    3.27268924     0.6948103972   0.4617170534   7.105306752    0.121763921    0.1450855514   2.006550774    
57       I1         1.488799289    2.318754595    2.955537223    0.07903790755  0.871363053    4.60317251     2.175543378    0.1307452222   1.099794763    
58       I1         0.6558687647   2.364682212    3.223508307    0.06864317479  0.8469582789   0.3582731703   2.073993922    0.09488914473  1.148489592    
59       I1         0.6881199015   1.637809805    3.920708269    0.01128075689  0.01152641849  2.212150905    0.999927641    0.04555724425  0.7570616173   
60       I1         1.915915018    2.381482366    3.771107536    0.1241161824   0.3850713039   9.583711601    2.328605118    0.1460048506   0.9336715335   
61       I1         1.216061424    2.204138346    3.571354347    0.7782062663   0.6953665752   9.218734886    1.480537636    0.1491522456   1.808708616    
62       I1         1.505239601    1.846727143    3.27858566     0.3534372038   0.04468927487  2.631645173    2.938218601    0.06516090887  0.6457801221   
63       I1         0.5144262091   2.689725624    2.741246095    0.9575132077   0.8629435835   9.006293536    0.4844247353   0.08268209967  2.403194783    
64       I1         1.88843912     1.47684756     3.282973026    0.4844471541   0.8928641198   6.124559585    2.592730726    0.0135134567   1.344567938    
65       I1         0.6158441461   2.6877406      3.979006456    0.6890713407   0.2176088771   2.571069128    0.7192227618   0.1406262523   2.144422748    
66       I1         0.39845222     2.673454282    3.217801873    0.594645732    0.3027026087   2.389447736    0.6552940158   0.1437611241   2.201182797    
67       I1         1.324356168    2.282828503    3.140613029    0.9105767505   0.6084285145   1.905774743    2.773276552    0.1061822672   1.791711118    
68       I1         1.112249205    2.232347639    3.711363838    0.1423160262   0.7943040718   3.161734854    2.412721669    0.1066886063   0.9304048913   
69       I1         0.7856290043   2.095049203    2.996022772    0.1397966434   0.807958624    3.506294406    2.646035071    0.09548019567  1.136366103    
70       I1         1.13489634     1.201716412    4.266933182    0.152770079    0.3787398946   5.308717337    0.1089241533   0.05736759     1.186756908    
71       I1         0.4552595495   2.664262274    4.382333396    0.5950280336   0.964709477    0.5941868708   0.9779617414   0.0854061307   2.174407162    
72       I1         1.622287052    1.794869922    4.222988627    0.7390744977   0.941542642    2.28079469     1.087077552    0.08156963308  1.572863912    
73       I1         1.937686949    1.684763754    3.075562603    0.7968582963   0.220584488    3.465457878    2.814000028    0.1137514449   1.153820739    
74       I1         1.618362611    1.222511354    2.719834169    0.3027917464   0.9527122088   1.57776624     1.811241974    0.1051745317   1.609825043    
75       I1         1.406987481    1.328667274    4.460416691    0.588488354    0.4302886432   1.28832285     2.165688921    0.03492587567  1.541692909    
76       I1         1.921550885    2.462764673    4.311366217    0.5112211774   0.2819903394   9.082364385    0.529926467    0.08654852679  0.5871119188   
77       I1         1.931563387    2.61158016     3.64216882     0.1060554789   0.4123488404   6.850141074    1.097941292    0.09811672409  0.9425383139   
78       I1         1.024984263    1.772829532    4.191135207    0.9125552918   0.8350015658   4.166339747    1.076951973    0.007754395599 2.028643251    
79       I1         0.8789505393   2.103964652    2.824612651    0.5617577824   0.08285317218  5.436145523    2.300469598    0.1223930743   1.651578627    
80       I1         1.764753117    1.754827795    3.516151248    0.4342557839   0.7707287291   4.956372551    1.925598564    0.1229408023   1.265586158    
81       I1         0.9059262998   1.950323918    4.04804838     0.5475402506   0.813832477    7.899259404    1.319112818    0.06816205034  1.892401565    
82       I1         1.740831827    2.499003633    4.415591986    0.3617429562   0.1739787854   7.534625544    0.2672086657   0.03983068847  0.5414289186   
83       I1         0.3351591749   1.705854979    3.45754666     0.3297835083   0.4827215116   0.1383557627   2.2779584      0.1340964609   1.594604717    
84       I1         0.6677877611   2.436423644    4.068233866    0.03599679946  0.6720925495   5.044471134    1.983086052    0.05286737815  0.9109458674   
85       I1         0.4240566145   1.605384842    3.667595332    0.5353698492   0.2087928288   8.799554718    1.151288035    0.005450755143 2.257222909    
86       I1         1.962053355    2.653075503    2.789409178    0.6853682706   0.5312512202   2.089410644    2.583776224    0.008001080532 1.083781046    
87       I1         1.182398971    1.661443372    2.621126085    0.9308505921   0.6208331469   7.256774185    0.1332352735   0.1236859556   1.928361967    
88       I1         0.7957480231   1.173806576    2.972977533    0.127562032    0.9584592573   3.251303546    1.385009744    0.1486837938   1.973220834    
89       I1         0.5702487049   1.675837711    4.446948188    0.8096779854   0.653742217    6.983470842    1.042364317    0.1015110234   2.294858449    
90       I1         1.162721522    1.475532227    3.496524632    0.2011009297   0.8435021733   4.715888998    0.07806310046  0.05136966188  1.726116525    
91       I1         1.040563043    1.81166574     3.537894867    0.4895793974   0.07391524674  2.653942694    2.428998184    0.1256917855   1.233031279    
92       I1         0.600299416    2.171886984    4.006081118    0.8583340564   0.4484366104   9.174741589    2.554685489    0.07855224944  2.257742813    
93       I1         0.6401521459   2.480325566    4.125732872    0.4085227492   0.7289337692   3.614292698    1.116822869    0.06684404514  1.862334341    
94       I1         1.645442561    1.386281804    4.489577456    0.03765811168  0.2464161253   6.634035164    2.122740425    0.07305031055  0.8427490791   
95       I1         1.107474017    1.563813263    4.278076749    0.3136359659   0.2935083771   5.275197541    2.283839803    0.131653252    0.4489475811   
96       I1         1.670202853    2.50296565     3.968111588    0.5377850523   0.827400762    2.183137175    1.448950676    0.03802958748  1.232482548    
97       I1         0.4304851418   2.668874854    4.012869763    0.7660642874   0.1214055083   7.187073331    2.831746868    0.008543433097 2.309925288    
98       I1         1.126024947    2.564005466    4.43791119     0.8608480364   0.1505513559   4.727184153    0.05528211635  0.01517061853  1.924825756    
99       I1         0.6098356177   2.455724537    2.888551602    0.0903694521   0.5788924596   5.774861325    0.1171709464   0.06084452873  1.589511905    
100      I1         1.690483718    1.522818988    3.481052509    0.9169635703   0.685109752    1.059934205    1.234983084    0.07176619755  1.586111701    
101      I1         1.266159008    1.535255594    3.178457219    0.7643935641   0.7841465648   0.6063780837   0.4089704549   0.0856001176   1.82757454     
102      I1         1.578140663    1.783104062    3.54214926     0.8392264346   0.7054546704   6.710055755    0.5693354812   0.00632673342  1.650266041    
103      I1         0.4737196634   1.740200609    4.340212492    0.6817590328   0.633732568    9.767570232    1.874902371    0.03091458979  2.290767737    
104      I1         1.382954783    1.029610094    2.628772169    0.2944660222   0.09677803858  3.289680331    1.374682286    0.004826404837 1.420783678    
105      I1         0.8352697815   2.215010462    3.764382356    0.3908718751   0.5857182627   7.772486148    2.965197919    0.1096532556   1.307479056    
106      I1         0.9621420747   2.538197415    3.349998568    0.3579996258   0.2375262317   5.736727176    2.333969627    0.03136666695  1.326337821    
107      I1         1.225710618    1.963526746    3.59973603     0.989453186    0.607010724    8.654259139    2.857293454    0.05828600784  1.928337471    
108      I1         0.4976089969   1.987294004    4.20024087     0.07396129374  0.3931840479   6.409110143    2.498217762    0.08609194018  0.5937785556   
109      I1         1.422242053    1.259956569    3.530301182    0.2099069187   0.7659888071   2.999869278    0.7292408204   0.02518197987  1.610778229    
110      I1         1.72488636     1.576814556    3.357614425    0.9358103204   0.4473012554   9.548449799    2.099299549    0.08411302455  1.568369885    
111      I1         1.564016217    2.129963821    4.284302384    0.5279734897   0.6156617733   7.662693208    1.278329861    0.04349394595  1.337045515    
112      I1         0.7113794074   1.850722746    2.693563229    0.3832702037   0.9310201391   1.957400108    2.880324012    0.01473357347  1.688933653    
113      I1         1.600285292    1.995419009    3.859167714    0.3334357705   0.9190928976   3.991173488    2.461026005    0.08990175059  1.24747921     
114      I1         0.3830346702   1.116056146    4.374703127    0.7772854328   0.836560833    2.946877912    1.963900448    0.06211122234  2.390047517    
115      I1         0.9445149779   1.299671974    2.549313107    0.1094647061   0.9267890524   7.751662791    2.975139923    0.07935041428  1.768970747    
116      I1         1.701964074    1.303784423    2.737443737    0.9197970148   0.9713532722   8.751343945    0.6145947086   0.05556433279  1.613749691    
117      I1         1.230764125    1.643923416    4.077979364    0.06021600091  0.9379771955   7.15887715     2.52247277     0.1116211901   1.540909467    
118      I1         0.3177406747   1.717746796    3.21120112     0.03961106068  0.739563675    0.4383188587   2.365517818    0.1010513002   1.302451886    
119      I1         1.665250111    2.013724513    3.33756519     0.1350522446   0.8969460614   7.407846489    0.4711582756   0.119433557    1.328947288    
120      I1         0.4792202012   2.51442489     4.08083248     0.7502022129   0.03575032858  2.505893795    2.231213606    0.1348549898   2.232154343    
121      I1         0.408544849    1.96163696     2.518656767    0.09506460568  0.6674393617   5.133200276    1.029585083    0.1321908595   1.728602719    
122      I1         0.4175703839   1.382261558    4.413056666    0.9711978667   0.7807575394   6.440097854    2.379123475    0.1331798536   2.456612913    
123      I1         1.269443469    1.457724002    2.57275019     0.768180211    0.3251547208   3.013930012    2.928120589    0.1271908647   1.703327021    
124      I1         1.098367723    2.680127378    2.906036344    0.1861942359   0.08592714136  4.884283603    2.86679589     0.07509980373  0.7015038011   
125      I1         0.9931211435   2.600075591    3.998975956    0.4563962076   0.7065786773   8.569121207    2.386174126    0.1104909885   1.350300514    
126      I1         0.9821751427   1.588301778    3.13492306     0.2345873294   0.5424318474   6.296109337    2.408380679    0.05764192863  1.353737416    
127      I1         1.990996676    1.41831238     4.353231216    0.5638427568   0.5132588444   3.177402617    2.138940596    0.08232010274  0.9302913035   
128      I1         1.682335925    1.823230549    3.068165516    0.02456168552  0.7113755041   4.019669975    1.717770877    0.1121178233   1.23462255     
129      I1         1.82491466     1.591783969    3.860473881    0.9063060078   0.3380955784   4.999514334    0.2188061628   0.1404543985   1.459301975    
130      I1         1.518732135    1.629118409    2.538278452    0.8532681676   0.1685791455   9.526076387    1.702158785    0.09909258809  1.647400853    
131      I1         0.973829551    1.550618968    3.325752487    0.8179985224   0.6889461185   5.682692331    0.2457813899   0.0122955328   2.032227708    
132      I1         1.708819711    1.239487442    4.028099965    0.7218329044   0.2536875913   1.149210547    2.728388239    0.01102040175  1.261707996    
133      I1         0.4433185135   1.43332527     2.641115736    0.8351751549   0.02848347457  9.990094479    1.936736776    0.04440896626  2.394884243    
134      I1         1.200518864    2.35817213     2.599265732    0.8496504772   0.01337837752  2.891081887    0.7896408734   0.06144941238  1.857150471    
135      I1         1.841418893    2.333158098    4.01903848     0.2863724592   0.9622850424   3.486612735    1.510729246    0.07429449506  1.184183825    
136      I1         1.722002096    2.161198875    3.609136604    0.1448942896   0.3148766168   7.310678901    2.907904564    0.09348076221  0.8151887739   
137      I1         1.751218561    2.555003389    2.804628639    0.4033144509   0.5846141512   4.801508251    0.04464897761  0.02291575075  1.169874861    
138      I1         1.868473146    1.952210491    4.300944502    0.2528676024   0.714725534    5.787673809    0.001945486509 0.01648820856  1.188725577    
139      I1         1.589566797    1.423331016    3.898699169    0.668142229    0.509737054    1.696533584    0.861623661    0.1335532432   1.478276358    
140      I1         1.948251375    1.880140909    4.454172702    0.5748104646   0.05394717492  1.857627286    1.953344194    0.09359025891  0.5799697549   
141      I1         1.542088596    2.201317947    2.976308004    0.1681824529   0.5109124987   8.296674237    1.900042494    0.0547689613   1.094730771    
142      I1         0.3131261282   1.231727704    3.18661111     0.6238800601   0.3414620436   3.812652926    0.9109934894   0.03271501446  2.367998661    
143      I1         1.979905971    1.806078942    2.605669016    0.7246198575   0.4707808031   9.688580275    0.8059031511   0.0799039971   1.236480407    
144      I1         1.310439953    1.487285369    2.757391787    0.4149177055   0.6568343862   6.895136135    0.8428209705   0.1468897017   1.620099969    
145      I1         1.608771412    2.226407977    3.34417956     0.6010773471   0.1250539843   0.8712048423   2.229455257    0.06642380585  1.076388638    
146      I1         1.340856682    1.236657754    4.478762658    0.4782339761   0.8500911906   2.073431759    1.668531138    0.04399668734  1.744599547    
147      I1         1.998319731    1.816862121    3.584868323    0.1569038732   0.5220185425   6.104156355    0.5705699155   0.1445116749   0.9807109234   
148      I1         0.8535962471   1.780657403    2.672121545    0.05814758281  0.6994658029   3.558779445    0.6419632918   0.1479835051   1.546577851    
149      I1         0.7603459946   1.51774427     2.808007965    0.09380691351  0.1597277525   6.688892982    2.216612014    0.04131197187  1.290771761    
150      I1         0.7805910733   2.324481988    3.951384311    0.05397155562  0.2666295428   1.544169539    1.693052362    0.07753047142  0.562393575    
151      I1         0.787877155    1.072841677    2.875069965    0.179527658    0.459415704    5.877084206    0.8844878752   0.05937264649  1.809339282    
152      I1         0.5570628343   1.034365161    2.581990262    0.4984778558   0.8223547415   4.675868525    0.3349721691   0.0210907425   2.241458964    
153      I1         0.9154537974   1.31261729     3.314757769    0.5249688643   0.7282635288   9.807148281    0.2318342026   0.1371336349   1.962326107    
154      I1         0.8066862593   2.327072205    4.497385341    0.2749906241   0.2025505396   1.20806615     2.007976445    0.06275296592  0.4288677321   
155      I1         1.479476688    1.394356037    3.20471397     0.4360845678   0.8820383405   6.266903658    1.46266037     0.07734629702  1.641299326    
156      I1         1.144801891    2.635292786    2.983373812    0.8055794563   0.03002443055  7.03016898     2.680592967    0.03789655592  1.793141334    
157      I1         1.151278613    1.614103081    4.292586158    0.9378834073   0.02603853883  1.393663158    2.189518444    0.04019933409  1.938620389    
158      I1         0.719191177    1.749257324    3.253518959    0.9315443773   0.9684807231   2.271706462    1.475561403    0.07657819137  2.241791694    
159      I1         1.574434238    2.590534515    3.006847077    0.7909367982   0.06335144982  4.247479126    1.831177562    0.1176652344   1.465672491    
160      I1         0.3107108767   1.124789684    4.105667461    0.1822568941   0.3355639597   3.302655049    0.5886212789   0.03576297756  2.107217202    
161      I1         1.428226823    1.648557062    2.941309496    0.8202279181   0.1177522271   0.5511667692   0.3805505836   0.09689002209  1.673563263    
162      I1         0.3902345162   2.530528148    3.151201792    0.2482968935   0.2999623596   1.040583558    2.488280796    0.1304707609   1.082960114    
163      I1         0.9241843732   2.607205399    3.447680515    0.3374150785   0.279182846    6.763594913    0.03178298601  0.05090217145  1.619339782    
164      I1         0.5744913194   2.644110444    2.702744019    0.4156345467   0.3741075441   0.9747690129   0.4252164516   0.06963530766  1.945049859    
165      I1         0.5303073602   2.000874494    3.260898568    0.6350235686   0.6425564559   0.6281363281   0.2219254966   0.1299034112   2.173785068    
166      I1         1.507471669    1.40414358     4.371764867    0.9033250825   0.3221937678   1.941395209    0.6913817737   0.1325113058   1.695590475    
167      I1         0.6609580598   2.372407311    4.037871506    0.282446083    0.7329755853   1.989780196    0.6006704941   0.09596376834  1.73084917     
168      I1         0.9537959759   2.165513297    3.491418829    0.6318941159   0.949165208    0.3973248431   2.027227708    0.02394938466  1.914618821    
169      I1         1.811396034    1.051939886    3.084757358    0.4631838113   0.1013074441   6.01519677     1.306434248    0.05622920748  1.086368284    
170      I1         1.674256652    1.545416253    4.406230546    0.4686115266   0.5031211313   3.105402687    1.059015923    0.1430553987   1.254884968    
171      I1         0.7357388406   2.133923259    3.326822502    0.5540566055   0.5185026592   7.585434032    2.508652819    0.0184832782   1.887024225    
172      I1         1.254082153    1.686736869    3.123302953    0.8847277457   0.5671904152   5.955674479    1.535236729    0.1351786396   1.854600755    
173      I1         1.80468192     1.181177565    2.666142613    0.2228202545   0.2877460165   8.334224322    2.254110226    0.005664626123 1.155875344    
174      I1         0.6729906473   1.442057733    3.097604414    0.6022610977   0.2602711335   8.24717916     1.997856989    0.0006085640086 2.105951494    
175      I1         0.866175135    2.353332986    4.13262006     0.9795582233   0.2098740821   1.010521473    1.868333832    0.01420292683  2.176186097    
176      I1         0.3052678245   2.578719527    3.100025495    0.6297198519   0.7516442785   9.199591692    1.28403948     0.01041320944  2.38232073     
177      I1         1.101323509    1.511267464    3.391570594    0.1134234945   0.15576903     8.703049179    1.358344629    0.09183180377  1.028043177    
178      I1         1.870099175    2.637878489    3.128993032    0.2729217598   0.4931008605   3.745943433    1.211480416    0.09201611646  0.9388014923   
179      I1         1.452181115    2.477854227    2.85479035     0.8944457742   0.2340491312   7.283779674    2.668773302    0.003624897103 1.709127743    
180      I1         0.4689079693   1.767639995    4.314317134    0.100521532    0.5760678983   7.027733153    0.7381165165   0.03870169607  1.911297267    
181      I1         1.301021493    1.322749343    4.042251232    0.5146411477   0.2448017307   2.34359497     2.786979858    0.1144436389   1.194682518    
182      I1         0.3540151082   2.288418569    3.885662293    0.507708016    0.1849948652   1.231381987    2.756828917    0.009319734087 1.993892153    
183      I1         1.860860465    1.693992783    3.910475407    0.03232881701  0.4874712745   5.814931171    0.9034729727   0.04656691204  0.7964163285   
184      I1         1.467821931    1.105283673    4.393020831    0.4223373309   0.3997498947   6.315550258    0.1614935338   0.1087267717   1.414262531    
185      I1         1.69721588     1.368306792    3.03283948     0.01761344909  0.2317561964   9.33223508     2.828828885    0.1070734229   0.8545361989   
186      I1         0.872472806    2.447268904    3.113606452    0.7047729654   0.1628758786   3.090635965    0.7512556124   0.0540823755   1.992599484    
187      I1         0.8114660747   2.660330014    2.948627563    0.6702249147   0.9142553178   0.9222992184   1.889784482    0.09130776417  1.912167461    
188      I1         1.492923017    2.694562258    3.693600047    0.2506824008   0.6796230876   8.62880349     1.735634008    0.01050812032  1.118100364    
189      I1         0.937441218    2.25008588     2.563463878    0.1033801179   0.5735897937   9.053510048    2.692178152    0.04516243601  1.012560123    
190      I1         0.7724829562   1.623563135    4.334839097    0.7994510876   0.9325752491   9.442576294    1.256549383    0.08857988384  2.16092763     
191      I1         1.557081237    1.875005895    3.788768941    0.4439054183   0.8604976298   0.3257977483   0.5485266905   0.06316804598  1.44813162     
192      I1         1.347496987    1.146068176    4.095182904    0.676848485    0.2576233267   3.876418288    0.4427522305   0.01309764807  1.721639644    
193      I1         1.052531105    1.448917371    4.237773043    0.6064637601   0.3632845532   2.456995337    1.420503768    0.03390316697  1.861823407    
194      I1         1.969316018    1.425525521    4.166435226    0.04631572826  0.06917312631  0.803349096    2.576545374    0.0551313923   1.0862958      
195      I1         1.335763744    1.338449556    3.984371269    0.4393065005   0.5642428646   3.940408519    0.1868876457   0.03186250395  1.640940414    
196      I1         0.6218146609   2.112643846    3.549718539    0.8661838949   0.5233939486   8.584118857    0.5526622512   0.03014774302  2.294452916    
197      I1         0.519434217    1.022174469    3.439605621    0.9243459712   0.6635464248   0.6846961195   1.649026708    0.06719876457  2.373139625    
198      I1         1.908649771    1.542045094    3.246093392    0.5763089343   0.9883526835   2.837997409    0.5350325543   0.1108413201   1.400160203    
199      I1         1.015064302    2.044425839    3.831236871    0.9698528934   0.1790726062   5.318249909    1.721335498    0.04257192093  2.061876396    
200      I1         0.869678216    2.407301197    2.591160766    0.2212320219   0.8581902132   2.418285222    1.780800284    0.1218032697   1.333362896    
201      I1         1.748286095    1.597078326    3.006263884    0.2089163743   0.3909964414   4.365068302    1.179332422    0.01686713527  1.151690218    
202      I1         1.373481817    2.267059179    3.639907075    0.5665403297   0.8994223175   0.5155318816   0.6349166313   0.0405659012   1.557538343    
203      I1         1.614376697    2.106105563    4.440692207    0.2257529178   0.5982216018   7.789316642    0.7095826756   0.141569001    0.6571438862   
204      I1         1.850647614    1.276145037    3.060427032    0.5227558373   0.6290082472   4.058018758    2.792727183    0.1125936828   1.194938985    
205      I1         1.836356129    1.90839714     4.145470396    0.2605007178   0.6908226698   9.893005244    2.245727868    0.09968766467  0.7000756975   
206      I1         0.3443498047   2.066444463    4.135486143    0.2398713653   0.8255057529   7.064042437    2.533277986    0.02675414175  1.710304201    
207      I1         1.171461564    1.720055247    4.180923743    0.1717771929   0.3434151444   6.216627951    2.111441234    0.08046868171  0.5141420523   
208      I1         1.131380639    1.408394001    3.961198443    0.3991976672   0.1985287257   2.025216672    0.1443488069   0.1045308158   1.500944535    
209      I1         0.7999073836   1.206270639    4.360787384    0.7740396554   0.1376139005   6.352420219    2.706239538    0.1283767536   2.030317993    
210      I1         0.6741398318   1.162088808    2.767248125    0.3205776368   0.4067010932   5.162715657    0.3113873632   0.04753997679  1.968029418    
211      I1         0.5783994492   1.138117183    3.903464658    0.0138220575   0.1952555708   3.91128993     0.3273412944   0.1157870359   0.8823477827   
212      I1         1.434442838    1.283147972    4.116854075    0.7860742005   0.1890601572   1.593846828    1.038490201    0.08354062935  1.649379143    
213      I1         0.728718011    2.148702014    4.23019236     0.2674938073   0.4780046208   1.276621057    1.269511844    0.1020713069   1.502704491    
214      I1         0.8192857502   1.340093733    3.419812513    0.3947952275   0.07719894133  6.766951214    0.9370100619   0.1484094694   1.688597567    
215      I1         1.815934321    1.461686529    4.251926883    0.3438077843   0.5544699285   8.960502068    2.478306973    0.02911006152  0.6757872564   
216      I1         0.7074897604   2.049813049    3.304219489    0.6421091236   0.1201212604   5.524604038    1.136251669    0.02010144627  2.098141611    
217      I1         0.7675012623   1.400965242    3.574528517    0.7599331456   0.8887746462   1.373626406    1.977756001    0.1385494334   2.102911064    
218      I1         0.6296351808   2.208117891    2.83496418     0.6520493137   0.5953864639   7.375963574    1.361306337    0.03717963817  2.14746343     
219      I1         0.7196277594   1.169199313    2.841873065    0.2689075142   0.2156810159   4.447244152    0.5141239158   0.1197957861   1.713814713    
220      I1         1.876269462    1.937680794    4.421940351    0.3857637516   0.6961344583   2.777260348    1.821818187    0.1312056985   0.9435965351   
221      I1         1.559430362    2.543200157    2.687332496    0.3961759723   0.805928482    1.447753494    0.7993175579   0.08782759265  1.203178124    
222      I1         1.783188645    2.06095185     3.373360849    0.1205591682   0.5475262182   0.241138325    1.393814444    0.09028875143  0.940881564    
223      I1         1.911398778    1.285348205    3.784201027    0.6646589952   0.1659209448   2.596206367    0.3920599792   0.1359262448   1.086821437    
224      I1         1.659968719    1.371707752    4.207658737    0.07736213041  0.1446908839   8.415995466    2.544492742    0.09432899781  0.8790321067   
225      I1         0.5094663364   2.120810807    2.992332302    0.8314936832   0.3331156004   7.868435783    1.291651612    0.1285810779   2.342982383    
226      I1         0.8884118105   2.37031698     3.443101497    0.7102397642   0.5517586627   0.1095228706   0.4918380509   0.02473809058  2.049808221    
227      I1         1.498235502    1.763486224    3.756594181    0.8700867974   0.356885533    7.465637508    1.599009314    0.1293649199   1.679200196    
228      I1         0.4921449078   1.010688332    3.554404698    0.5006140939   0.3617422335   9.273599008    2.893863476    0.1414284564   1.960310929    
229      I1         1.117992494    2.488531847    3.954929593    0.1156888522   0.7594634673   4.630881637    2.051924932    0.002558928744 1.331941808    
230      I1         0.3677524232   1.189323103    3.868783827    0.1646286199   0.2417438303   6.175578454    1.852109712    0.0524513719   1.506025249    
231      I1         1.250014581    2.529878567    2.93227432     0.1586357021   0.4105007558   3.411606954    0.4188999556   0.02605462976  1.243355026    
232      I1         1.069000019    1.926213285    2.851202478    0.6251937004   0.1065470813   4.504271809    1.207174493    0.1395387753   1.733580547    
233      I1         0.8480205554   2.298393316    3.03564899     0.465210757    0.622309483    1.63161365     2.269173725    0.03224627519  1.698075362    
234      I1         1.987353195    2.391765973    2.674299496    0.4751500174   0.812421547    6.827758737    1.672633847    0.006856686247 1.155210335    
235      I1         1.474533859    2.273852932    3.195114581    0.3419970723   0.9848527638   9.849586199    1.240942534    0.04826357544  1.37009911     
236      I1         1.092924469    2.347031718    3.461227053    0.8802523054   0.979447786    6.399624598    2.359403291    0.05660857013  1.923088129    
237      I1         1.758476031    1.941346502    3.63207404     0.7362907138   0.3533398499   8.893932136    1.195107604    0.08335720518  1.336324187    
238      I1         0.8414926297   2.422904768    2.528631855    0.2421199327   0.2956648772   7.978424054    0.4321993705   0.097276535    1.56920484     
239      I1         1.315604476    2.522935073    2.815005329    0.3768789556   0.6483402606   0.275446016    1.611087785    0.0189179471   1.392890404    
240      I1         1.257981942    1.197083982    3.469245654    0.876164382    0.7373991272   5.220264853    2.95442912     0.02570949011  1.859643968    
241      I1         1.280854117    2.619524521    4.08921173     0.2294786622   0.2851235629   2.534502614    0.01710555688  0.1250446065   0.5031745681   
242      I1         0.5014862514   1.346035666    2.934513602    0.9805095429   0.06031807634  9.035347113    1.625273246    0.04231149244  2.42177395     
243      I1         1.881864559    1.090962769    3.752344211    0.5699990112   0.8014879318   8.08061807     1.348373174    0.06907828848  1.359951357    
244      I1         0.9870801418   2.58541142     4.264413472    0.9569122946   0.757544596    6.59679333     2.841698822    0.04869545587  2.05780179     
245      I1         0.7409346075   1.061946202    3.692109568    0.2626567102   0.7761797963   8.158161341    2.512066875    0.1244514553   1.871254946    
246      I1         1.799934239    2.091183159    3.805383155    0.1869733362   0.5280954635   9.935364316    0.8552969856   0.04603715189  0.8736463116   
247      I1         1.933004722    1.046458867    3.409406389    0.8261550649   0.603556501    8.435700196    2.145187741    0.1208402955   1.325108161    
248      I1         0.5874682381   1.727952704    3.296963637    0.5316747404   0.02016356509  4.310346469    2.315866658    0.07121320291  1.874462716    
249      I1         0.7461268417   1.109985789    3.593232741    0.8162194583   0.9077946181   5.870925088    1.773047415    0.1148664458   2.200275654    
250      I1         0.5937185563   2.23575481     3.876091411    0.8873828238   0.2682707875   3.042521913    0.62291815     0.144143226    2.304760856    
251      I1         0.6501714999   1.502985028    4.196549783    0.7156196559   0.4967438265   4.563016676    0.9252385565   0.04955140944  2.199402693    
252      I1         1.296228928    1.867335465    4.218569711    0.2810816412   0.8759965862   4.78116836     2.444468115    0.07271500332  1.410797092    
253      I1         1.464084269    1.865102614    3.778708329    0.4727462276   0.6360603293   7.623043751    1.491604097    0.1267877024   1.422595725    
254      I1         1.857817526    2.175444903    3.819235255    0.9752273023   0.6746964876   7.717283805    1.55345136     0.05883320443  1.498599684    
255      I1         1.822802265    1.833095461    2.830048849    0.5394486182   0.6438213597   1.113506027    1.017395017    0.08062017272  1.236565257    
256      I1         1.3490471      1.654378836    2.908180833    0.7558619954   0.182428131    2.118319626    1.329604916    0.1078446289   1.658372422    
257      I1         1.550696324    1.558553607    4.297124512    0.4191608878   0.3700228634   1.845591962    2.987872678    0.05984180384  0.4744608707   
258      I1         0.8563423004   1.487467654    2.544647477    0.9614109575   0.05124040972  0.701920532    0.3766807604   0.07844437726  2.17852073     
259      I1         0.8936899455   1.359935892    4.397440051    0.05106478175  0.8857831008   9.929435802    0.8795571241   0.03613948145  1.926967878    
260      I1         1.415755904    2.126531714    3.824234156    0.4313628953   0.320086903    8.095700615    1.105606589    0.004430687288 1.425011622    
261      I1         0.5489412889   1.266991593    2.520144982    0.7479293057   0.07942275114  8.370357904    0.208140036    0.1458428686   2.269907908    
262      I1         1.076181637    2.402522684    2.50197392     0.1493129      0.6631821369   4.124835472    0.8317494882   0.0288998143   1.45490727     
263      I1         1.212023774    1.186086906    2.576428011    0.06244660579  0.8745567966   6.043796498    1.80389414     0.07374720535  1.759816676    
264      I1         1.288003539    1.120258727    3.190784844    0.9534866534   0.9830281785   1.458145766    0.9829655613   0.02235677251  1.899927614    
265      I1         1.636678545    1.310918435    2.726943377    0.4476728921   0.1311815475   6.001678038    1.001682807    0.001623301074 1.321657438    
266      I1         1.23714383     2.419043855    4.25617578     0.3476104215   0.191096213    6.52304944     0.5066924989   0.001495616575 1.380763144    
267      I1         1.05919981     1.353113064    3.506186554    0.7351553244   0.3294683232   2.681876318    0.2547379616   0.07036596069  1.910556728    
268      I1         0.5420655705   1.985846631    4.064944398    0.04404286758  0.6396143959   6.953071345    0.468435007    0.06416595714  1.68769227     
269      I1         0.36004142     1.790683409    3.929824668    0.8012678524   0.8833437898   8.861973182    1.632950029    0.1204065959   2.416791607    
270      I1         1.651440729    1.527044211    3.653744343    0.9844407052   0.7502055389   4.846555464    2.292399425    0.1474081616   1.642532745    
271      I1         0.4301140715   1.802122459    3.845312261    0.3203010297   0.3871736439   5.567548951    1.583885767    0.1263437581   1.86328429     
272      I1         0.3734655823   1.831704451    3.427281611    0.02088740981  0.05784624219  8.818446818    0.1924150184   0.06786346206  1.414328349    
273      I1         1.538629173    1.07842609     3.395581343    0.6923296241   0.465508111    4.063302564    1.758918474    0.009787202042 1.605209678    
274      I1         0.6957140961   2.459660638    4.172137493    0.7522225039   0.04071712417  0.8342739093   2.56643468     0.10095694     2.073929224    
275      I1         0.3285586371   1.157178291    3.732907637    0.5852573008   0.1413102393   1.779648702    1.844111533    0.08939721633  2.18490407     
276      I1         1.683075573    2.397986451    2.782108588    0.8130420474   0.5694610568   9.773474863    0.4552364846   0.1277969986   1.501624304    
277      I1         0.9989670997   1.100195685    3.048511995    0.2934147745   0.9372722994   2.35856479     2.998086719    0.1110283528   1.882429862    
278      I1         1.730353726    1.219835666    3.370947356    0.3513967573   0.09428000369  7.822289279    0.08128058462  0.1082669805   0.9735709253   
279      I1         1.192182611    2.086270055    4.357918419    0.78766895     0.842247825    8.538878684    2.632297919    0.03432551924  1.804076967    
280      I1         0.460359321    1.664203842    3.717211402    0.6396962211   0.7934731076   3.585673627    1.12701118     0.06005117521  2.265970203    
281      I1         0.3949104709   2.254104281    3.362561772    0.6090147236   0.2644768829   1.813236371    1.401817223    0.1031779262   2.189812375    
282      I1         0.8971714963   2.547458364    3.617691695    0.5440634302   0.3985872561   3.665753972    1.418766504    0.02433543685  1.876401823    
283      I1         0.7579706501   1.732391951    2.615440332    0.7065912886   0.5895334026   4.934930773    1.332293671    0.003228252633 2.109485314    
284      I1         1.046500615    1.015258679    2.710066259    0.6160442773   0.4965381045   0.7424392947   0.09558385917  0.02809264832  1.934308744    
285      I1         0.6847636401   2.191445607    3.510254339    0.8742615238   0.5329572475   8.194513123    2.20444443     0.02796695697  2.244596118    
286      I1         1.275950592    1.496423881    2.635728609    0.6112363957   0.5429176497   1.740474131    2.048008909    0.1167019711   1.642286274    
287      I1         1.592116285    2.512240563    2.612978149    0.8399888113   0.2239289244   0.3695975357   2.191356051    0.01788190988  1.560681539    
288      I1         0.4859222711   2.413440626    4.48415467     0.4929807404   0.4852475744   8.050056009    0.6841918299   0.1182956126   2.094651653    
289      I1         0.9744128914   2.141465459    4.02533537     0.1946010934   0.4526974088   9.65776003     0.3575580936   0.1094651313   1.366895122    
290      I1         0.9314794921   1.509549826    3.624777989    0.9462985109   0.7228376675   2.770534601    2.34747231     0.1026856449   2.101797082    
291      I1         0.4479365181   2.629135782    3.168104999    0.9264071911   0.7991067335   9.719304767    0.2988271394   0.1134185895   2.435874438    
292      I1         1.784835303    1.063528064    4.109591472    0.5496203686   0.01958054421  4.410688445    2.391205003    0.01736587268  0.4766364725   
293      I1         1.303370076    1.265502074    3.888104274    0.7134540686   0.7468992355   8.716605469    1.457601475    0.0157743658   1.823510498    
294      I1         1.085592975    1.437335597    4.154857191    0.8970061838   0.4435392042   5.371052394    0.9601078918   0.1429483698   1.964543009    
295      I1         1.186805977    1.580142564    3.385764139    0.8287151901   0.4161493205   6.548255037    2.719180238    0.06893497004  1.831052844    
296      I1         0.6263816946   2.221495105    3.794201365    0.6968460319   0.7171644045   9.604909417    2.035511573    0.1380583323   2.088768049    
297      I1         1.956310536    1.67081122     4.469608268    0.6742736568   0.4242836668   3.783799195    0.8105398535   0.03348301499  1.180376407    
298      I1         0.9177023502   1.892177349    2.657896966    0.3140481537   0.4200881004   0.2008739061   0.9528779359   0.07066272143  1.656240086    
299      I1         0.3762842491   1.024249216    2.761519739    0.2175845276   0.7724180491   9.301918015    2.088774999    0.03913402883  2.182512976    
300      I1         0.3485504418   1.74754868     3.665054857    0.6578579263   0.7855111937   7.516776562    0.9454382972   0.1041556329   2.346941237    
301      I1         1.184979424    2.689506173    4.495884774    0.266090535    0.08864197531  0.1203703704   2.833333333    0.137962963    0.6014161717   
302      I1         1.380864198    1.661111111    4.495884774    0.2822222222   0.2217283951   0.1203703704   2.62345679     0.100308642    0.5570264226   
303      I1         0.8981481481   2.577572016    4.495884774    0.1854320988   0.2217283951   6.72037037     2.265432099    0.1324074074   0.5869194537   
304      I1         1.429835391    1.759053498    4.495884774    0.3185185185   0.2822222222   6.15           2.907407407    0.100308642    0.4938132267   
305      I1         0.9191358025   2.206790123    4.495884774    0.2257613169   0.1693004115   0.1203703704   2.314814815    0.0712962963   0.5213958424   
306      I1         1.989506173    2.696502058    4.495884774    0.2136625514   0.08864197531  1.17962963     0.05555555556  0.1064814815   0.8605159212   
307      I1         1.436831276    2.696502058    4.364197531    0.137037037    0.2297942387   1.261111111    0.1172839506   0.1490740741   0.6512981314   
308      I1         1.338888889    2.059876543    4.495884774    0.2781893004   0.1249382716   3.461111111    2.117283951    0.100308642    0.5518593706   
309      I1         1.821604938    1.870987654    4.495884774    0.3548148148   0.3346502058   1.383333333    2.99382716     0.04969135802  0.6324671979   
310      I1         1.101028807    2.395679012    4.495884774    0.2781893004   0.2459259259   1.505555556    1.99382716     0.1083333333   0.4485362813   
311      I1         0.8701646091   2.563580247    4.018518519    0.03218106996  0.3346502058   6.638888889    2.672839506    0.08981481481  0.9116596013   
312      I1         1.394855967    2.164814815    4.248971193    0.2096296296   0.330617284    3.37962963     1.660493827    0.125          0.5618678003   
313      I1         0.9401234568   2.136831276    4.059670782    0.01201646091  0.1491358025   0.65           0.7716049383   0.1157407407   0.6347985764   
314      I1         0.8701646091   2.689506173    4.495884774    0.2136625514   0.1491358025   2.361111111    1.660493827    0.06574074074  0.4184915632   
315      I1         0.8771604938   2.689506173    4.273662551    0.2257613169   0.1854320988   2.361111111    1.99382716     0.06635802469  0.4379951929   
316      I1         1.066049383    2.696502058    4.141975309    0.1652674897   0.09670781893  0.1203703704   0.8703703704   0.08796296296  0.4612007294   
317      I1         0.9401234568   2.416666667    4.355967078    0.1572016461   0.1572016461   3.461111111    1.450617284    0.06944444444  0.4690860651   
318      I1         1.233950617    2.696502058    4.314814815    0.1733333333   0.1894650206   0.1203703704   1.00617284     0.04907407407  0.4607385997   
319      I1         1.429835391    2.696502058    4.043209877    0.2217283951   0.2217283951   0.1203703704   0.006172839506 0.08240740741  0.5228890116   
320      I1         1.066049383    1.70308642     4.495884774    0.2620576132   0.2701234568   6.72037037     2.685185185    0.09969135802  0.4377630623   
321      I1         1.331893004    1.570164609    4.290123457    0.2943209877   0.2096296296   6.72037037     2.327160494    0.1083333333   0.4830185502   
322      I1         1.108024691    2.696502058    4.059670782    0.1249382716   0.116872428    0.4055555556   1.339506173    0.03796296296  0.4976014826   
323      I1         1.261934156    2.696502058    4.273662551    0.1733333333   0.1491358025   3.338888889    1.00617284     0.07685185185  0.5156364721   
324      I1         1.170987654    2.696502058    4.495884774    0.2096296296   0.1531687243   0.4055555556   0.3148148148   0.08302469136  0.4421613357   
325      I1         1.087037037    2.507613169    4.495884774    0.2217283951   0.1249382716   0.487037037    0.9938271605   0.075          0.4222309787   
326      I1         1.066049383    2.507613169    4.495884774    0.181399177    0.137037037    0.8944444444   0.9938271605   0.06759259259  0.4343685901   
327      I1         0.9401234568   2.689506173    4.495884774    0.2257613169   0.1249382716   1.22037037     1.537037037    0.08364197531  0.3966395577   
328      I1         1.156995885    2.059876543    4.495884774    0.07654320988  0.2701234568   2.27962963     1.5            0.04969135802  0.4981407453   
329      I1         1.429835391    1.85           4.495884774    0.1854320988   0.2822222222   3.37962963     1.351851852    0.04969135802  0.4879424737   
330      I1         1.184979424    1.563168724    4.495884774    0.3185185185   0.2499588477   3.461111111    2.648148148    0.1212962963   0.4112806713   
331      I1         1.996502058    1.570164609    4.487654321    0.5040329218   0.01201646091  3.216666667    2.981481481    0.04537037037  0.6683672012   
332      I1         1.303909465    1.940946502    4.092592593    0.08057613169  0.2217283951   0.1611111111   1.203703704    0.01635802469  0.5216421943   
333      I1         1.338888889    1.745061728    4.388888889    0.1894650206   0.1572016461   0.1203703704   1.00617284     0.09907407407  0.4823196206   
334      I1         1.996502058    1.367283951    4.495884774    0.2257613169   0.2701234568   0.1611111111   0.6604938272   0.04907407407  0.7331236471   
335      I1         1.212962963    2.129835391    4.314814815    0.1854320988   0.05234567901  0.1203703704   1.00617284     0.06080246914  0.4634945848   
336      I1         1.170987654    2.129835391    4.191358025    0.1733333333   0.1733333333   0.1203703704   1.339506173    0.06080246914  0.4863849517   
337      I1         1.996502058    2.696502058    4.487654321    0.01201646091  0.6088888889   0.1611111111   2.99382716     0.09907407407  1.137792926    
338      I1         1.233950617    2.136831276    4.495884774    0.2257613169   0.4475720165   9.938888889    2.462962963    0.1342592593   0.5287416558   
339      I1         1.436831276    1.374279835    4.495884774    0.2943209877   0.3749794239   6.761111111    2.425925926    0.1398148148   0.4621131443   
340      I1         1.77962963     1.933950617    4.495884774    0.2096296296   0.3911111111   9.97962963     2.00617284     0.01635802469  0.6099684726   
341      I1         0.7932098765   2.14382716     4.495884774    0.1773662551   0.3749794239   7.005555556    2.388888889    0.100308642    0.4884971744   
342      I1         1.184979424    2.136831276    4.438271605    0.3185185185   0.3386831276   3.461111111    2.722222222    0.1336419753   0.4296226166   
343      I1         1.814609053    1.010493827    4.438271605    0.3346502058   0.4475720165   0.1611111111   2.99382716     0.1009259259   0.5706661757   
344      I1         1.996502058    1.010493827    4.495884774    0.1733333333   0.5241975309   0.1203703704   2.055555556    0.149691358    0.7074301896   
345      I1         1.996502058    1.010493827    4.495884774    0.2257613169   0.5241975309   9.938888889    2.99382716     0.09907407407  0.6295563133   
346      I1         1.44382716     1.374279835    4.495884774    0.3346502058   0.3427160494   3.216666667    2.685185185    0.04969135802  0.4480736118   
347      I1         1.996502058    1.178395062    4.495884774    0.2096296296   0.5524279835   0.1611111111   2.99382716     0.01574074074  0.6983626405   
348      I1         1.436831276    1.563168724    4.388888889    0.3346502058   0.3749794239   3.461111111    2.796296296    0.09722222222  0.4552848686   
349      I1         0.6462962963   2.136831276    4.487654321    0.02814814815  0.4475720165   3.37962963     2.00617284     0.1453703704   0.6936442277   
350      I1         0.8631687243   2.696502058    3.845679012    0.1733333333   0.5524279835   4.561111111    2.99382716     0.1490740741   0.567713066    
351      I1         0.5553497942   2.584567901    4.043209877    0.1007407407   0.4879012346   7.82037037     2.327160494    0.1169753086   0.6309461194   
352      I1         1.359876543    2.696502058    3.845679012    0.1854320988   0.6572839506   0.1203703704   2.99382716     0.149691358    0.6785773796   
353      I1         1.059053498    2.136831276    4.290123457    0.2257613169   0.4475720165   5.538888889    2.907407407    0.1490740741   0.4737400103   
354      I1         0.8771604938   2.521604938    4.495884774    0.2741563786   0.3386831276   3.461111111    2.783950617    0.112037037    0.4389101194   
355      I1         1.129012346    2.689506173    4.281893004    0.2741563786   0.3386831276   5.661111111    2.99382716     0.112037037    0.5204176415   
356      I1         1.422839506    2.696502058    4.495884774    0.2217283951   0.6572839506   6.638888889    2.99382716     0.149691358    0.6259927781   
357      I1         1.15           2.136831276    4.495884774    0.1854320988   0.4879012346   6.638888889    2.99382716     0.100308642    0.5375596936   
358      I1         1.170987654    2.696502058    4.495884774    0.1733333333   0.5483950617   4.683333333    2.413580247    0.149691358    0.63531403     
359      I1         1.233950617    2.696502058    3.648148148    0.1652674897   0.584691358    9.938888889    2.99382716     0.149691358    0.6680480523   
360      I1         0.6742798354   2.689506173    4.495884774    0.2257613169   0.1612345679   1.22037037     2.018518519    0.08240740741  0.4481882381   
361      I1         0.6812757202   2.423662551    4.240740741    0.1733333333   0.4516049383   1.17962963     2.796296296    0.0725308642   0.5141733085   
362      I1         0.8981481481   2.332716049    4.273662551    0.2257613169   0.3386831276   3.338888889    2.537037037    0.06635802469  0.4750576398   
363      I1         1.996502058    1.178395062    4.487654321    0.5241975309   0.01201646091  6.72037037     2.00617284     0.01574074074  0.5694711421   
364      I1         1.716666667    1.07345679     4.141975309    0.4193415638   0.2418930041   1.138888889    2.99382716     0.01697530864  0.5082036733   
365      I1         1.814609053    1.570164609    4.191358025    0.4879012346   0.01201646091  3.42037037     2.12962963     0.00462962963  0.5070389723   
366      I1         1.814609053    1.367283951    3.952674897    0.4879012346   0.1894650206   7.738888889    2.99382716     0.006481481481 0.5487876174   
367      I1         1.996502058    2.696502058    4.487654321    0.5            0.3346502058   9.938888889    2.99382716     0.09907407407  0.64895278     
368      I1         1.996502058    1.115432099    4.059670782    0.5483950617   0.01201646091  0.1203703704   2.240740741    0.025          0.6135599189   
369      I1         1.695679012    1.038477366    4.380658436    0.4677366255   0.01201646091  4.561111111    2.462962963    0.03425925926  0.5169369205   
370      I1         1.814609053    1.367283951    4.495884774    0.4596707819   0.2136625514   4.561111111    2.388888889    0.03425925926  0.5306286841   
371      I1         1.436831276    1.178395062    4.495884774    0.2257613169   0.3386831276   4.438888889    2.092592593    0.09907407407  0.481369216    
372      I1         1.625720165    2.696502058    4.364197531    0.4475720165   0.01604938272  0.1611111111   2.99382716     0.04907407407  0.563630472    
373      I1         1.996502058    2.696502058    4.487654321    0.4758024691   0.01604938272  5.661111111    2.00617284     0.04969135802  0.6600489818   
374      I1         1.807613169    1.577160494    4.166666667    0.5524279835   0.01201646091  9.938888889    2.672839506    0.05462962963  0.5321299209   
375      I1         1.989506173    2.696502058    4.092592593    0.5120987654   0.3346502058   0.1203703704   2.99382716     0.04907407407  0.6773103213   
376      I1         1.639711934    1.570164609    4.364197531    0.5120987654   0.01201646091  4.805555556    2.87037037     0.0003086419753 0.4296423407   
377      I1         1.625720165    1.766049383    4.364197531    0.4475720165   0.1854320988   3.42037037     2.99382716     0.0009259259259 0.4545971524   
378      I1         1.625720165    2.689506173    4.290123457    0.4475720165   0.01201646091  5.661111111    2.99382716     0.1490740741   0.5391666984   
379      I1         1.625720165    2.248765432    4.487654321    0.5080658436   0.01201646091  7.861111111    2.99382716     0.03240740741  0.4840801988   
380      I1         1.625720165    2.14382716     4.495884774    0.4838683128   0.1491358025   4.561111111    2.99382716     0.06759259259  0.479259102    
381      I1         1.527777778    1.367283951    4.495884774    0.1934979424   0.3951440329   9.938888889    2.99382716     0.0009259259259 0.4939776188   
382      I1         1.625720165    2.689506173    4.495884774    0.4516049383   0.3346502058   6.761111111    2.99382716     0.01574074074  0.5088564657   
383      I1         1.758641975    2.14382716     4.495884774    0.5483950617   0.1572016461   7.005555556    2.99382716     0.0003086419753 0.4700202838   
384      I1         1.688683128    2.696502058    3.969135802    0.5            0.1491358025   7.25           2.99382716     0.03302469136  0.521129566    
385      I1         1.653703704    2.136831276    4.495884774    0.4879012346   0.2217283951   9.97962963     2.99382716     0.01018518519  0.4887780121   
386      I1         1.77962963     2.136831276    4.495884774    0.5362962963   0.1209053498   7.575925926    2.388888889    0.002777777778 0.4856838962   
387      I1         1.996502058    2.689506173    4.495884774    0.2943209877   0.6451851852   9.97962963     2.99382716     0.01574074074  0.7736783091   
388      I1         1.814609053    2.136831276    4.487654321    0.4838683128   0.415308642    6.761111111    2.99382716     0.00462962963  0.5373186086   
389      I1         1.996502058    2.689506173    4.495884774    0.4274074074   0.1491358025   3.37962963     0.2777777778   0.100308642    0.6755614386   
390      I1         1.996502058    2.122839506    4.495884774    0.3346502058   0.116872428    9.938888889    0.3148148148   0.04351851852  0.7088650447   
391      I1         1.821604938    2.696502058    4.487654321    0.3386831276   0.3346502058   9.694444444    1.00617284     0.1472222222   0.677786163    
392      I1         1.842592593    2.696502058    4.487654321    0.4838683128   0.04024691358  9.97962963     0.2407407407   0.100308642    0.5683858259   
393      I1         1.996502058    2.31872428     4.495884774    0.5524279835   0.06444444444  9.938888889    1.203703704    0.1009259259   0.6093205826   
394      I1         1.653703704    2.14382716     4.495884774    0.3386831276   0.01201646091  0.1611111111   1.00617284     0.1009259259   0.5692368857   
395      I1         1.632716049    2.696502058    4.487654321    0.3386831276   0.2257613169   8.961111111    0.006172839506 0.1490740741   0.5781755169   
396      I1         1.77962963     2.696502058    4.495884774    0.5483950617   0.01201646091  5.538888889    1.99382716     0.1490740741   0.5178246376   
397      I1         1.695679012    2.696502058    4.495884774    0.5            0.1491358025   9.97962963     2.314814815    0.149691358    0.5143552434   
398      I1         1.548765432    2.696502058    4.413580247    0.4395061728   0.3911111111   8.92037037     2.99382716     0.149691358    0.4903363831   
399      I1         1.884567901    2.696502058    4.495884774    0.5967901235   0.01201646091  6.761111111    2.99382716     0.1490740741   0.5377413999   
400      I1         1.695679012    2.696502058    4.495884774    0.5201646091   0.2459259259   6.761111111    2.99382716     0.1490740741   0.4927532122   
%eval_id interface log__t_efold_shallow log__t_efold_soil log__t_efold_karst f_exfiltration_shallow f_exfiltration_soil PDD_melt_factor log__fdd_threshold snow_insulation_k neg_kge        
401      I1         0.9401234568   2.689506173    4.495884774    0.2257613169   0.1249382716   1.22037037     1.537037037    0.08364197531  0.3966395577   
402      I1         1.110123457    2.689506173    4.495884774    0.2257613169   0.1249382716   1.22037037     1.537037037    0.08364197531  0.4116615184   
403      I1         0.9401234568   2.689506173    4.495884774    0.3237613169   0.1249382716   1.22037037     1.537037037    0.08364197531  0.4748635015   
404      I1         0.9401234568   2.689506173    4.495884774    0.2257613169   0.2229382716   1.22037037     1.537037037    0.08364197531  0.4072970619   
405      I1         0.9401234568   2.689506173    4.495884774    0.2257613169   0.1249382716   2.21037037     1.537037037    0.08364197531  0.410271708    
406      I1         0.9401234568   2.689506173    4.495884774    0.2257613169   0.1249382716   1.22037037     1.837037037    0.08364197531  0.4261591969   
407      I1         0.9401234568   2.689506173    4.495884774    0.2257613169   0.1249382716   1.22037037     1.537037037    0.09864197531  0.3960785788   
408      I1         0.7701234568   2.689506173    4.495884774    0.2257613169   0.1249382716   1.22037037     1.537037037    0.08364197531  0.4477931532   
409      I1         0.9401234568   2.519506173    4.495884774    0.2257613169   0.1249382716   1.22037037     1.537037037    0.08364197531  0.3936532177   
410      I1         0.9401234568   2.689506173    4.295884774    0.2257613169   0.1249382716   1.22037037     1.537037037    0.08364197531  0.3960246427   
411      I1         0.9401234568   2.689506173    4.495884774    0.1277613169   0.1249382716   1.22037037     1.537037037    0.08364197531  0.470971586    
412      I1         0.9401234568   2.689506173    4.495884774    0.2257613169   0.0269382716   1.22037037     1.537037037    0.08364197531  0.3934394098   
413      I1         0.9401234568   2.689506173    4.495884774    0.2257613169   0.1249382716   0.2303703704   1.537037037    0.08364197531  0.4313609568   
414      I1         0.9401234568   2.689506173    4.495884774    0.2257613169   0.1249382716   1.22037037     1.237037037    0.08364197531  0.4087747256   
415      I1         0.9401234568   2.689506173    4.495884774    0.2257613169   0.1249382716   1.22037037     1.537037037    0.06864197531  0.3993500264   
416      I1         1.025123457    2.689506173    4.495884774    0.2257613169   0.1249382716   1.22037037     1.537037037    0.08364197531  0.3963361488   
417      I1         0.9401234568   2.689506173    4.495884774    0.2747613169   0.1249382716   1.22037037     1.537037037    0.08364197531  0.4125188484   
418      I1         0.9401234568   2.689506173    4.495884774    0.2257613169   0.1739382716   1.22037037     1.537037037    0.08364197531  0.4009043404   
419      I1         0.9401234568   2.689506173    4.495884774    0.2257613169   0.1249382716   1.71537037     1.537037037    0.08364197531  0.4000313688   
420      I1         0.9401234568   2.689506173    4.495884774    0.2257613169   0.1249382716   1.22037037     1.687037037    0.08364197531  0.3920815414   
421      I1         0.9401234568   2.689506173    4.495884774    0.2257613169   0.1249382716   1.22037037     1.537037037    0.09114197531  0.3953778311   
422      I1         0.8551234568   2.689506173    4.495884774    0.2257613169   0.1249382716   1.22037037     1.537037037    0.08364197531  0.4140327904   
423      I1         0.9401234568   2.604506173    4.495884774    0.2257613169   0.1249382716   1.22037037     1.537037037    0.08364197531  0.3952148779   
424      I1         0.9401234568   2.689506173    4.395884774    0.2257613169   0.1249382716   1.22037037     1.537037037    0.08364197531  0.4019332247   
425      I1         0.9401234568   2.689506173    4.495884774    0.1767613169   0.1249382716   1.22037037     1.537037037    0.08364197531  0.4198434039   
426      I1         0.9401234568   2.689506173    4.495884774    0.2257613169   0.0759382716   1.22037037     1.537037037    0.08364197531  0.3942307426   
427      I1         0.9401234568   2.689506173    4.495884774    0.2257613169   0.1249382716   0.7253703704   1.537037037    0.08364197531  0.4144271765   
428      I1         0.9401234568   2.689506173    4.495884774    0.2257613169   0.1249382716   1.22037037     1.387037037    0.08364197531  0.4033589332   
429      I1         0.9401234568   2.689506173    4.495884774    0.2257613169   0.1249382716   1.22037037     1.537037037    0.07614197531  0.3976671285   
430      I1         1.025123457    2.689506173    4.495884774    0.2257613169   0.1249382716   1.22037037     1.687037037    0.08364197531  0.3997858473   
431      I1         0.9401234568   2.689506173    4.495884774    0.2747613169   0.1249382716   1.22037037     1.687037037    0.08364197531  0.3979400955   
432      I1         0.9401234568   2.689506173    4.495884774    0.2257613169   0.1739382716   1.22037037     1.687037037    0.08364197531  0.3946300815   
433      I1         0.9401234568   2.689506173    4.495884774    0.2257613169   0.1249382716   1.71537037     1.687037037    0.08364197531  0.4007144597   
434      I1         0.9401234568   2.689506173    4.495884774    0.2257613169   0.1249382716   1.22037037     1.837037037    0.08364197531  0.4261591969   
435      I1         0.9401234568   2.689506173    4.495884774    0.2257613169   0.1249382716   1.22037037     1.687037037    0.09114197531  0.3920024921   
436      I1         0.8551234568   2.689506173    4.495884774    0.2257613169   0.1249382716   1.22037037     1.687037037    0.08364197531  0.4002548323   
437      I1         0.9401234568   2.604506173    4.495884774    0.2257613169   0.1249382716   1.22037037     1.687037037    0.08364197531  0.390504269    
438      I1         0.9401234568   2.689506173    4.395884774    0.2257613169   0.1249382716   1.22037037     1.687037037    0.08364197531  0.3963304017   
439      I1         0.9401234568   2.689506173    4.495884774    0.1767613169   0.1249382716   1.22037037     1.687037037    0.08364197531  0.4239381298   
440      I1         0.9401234568   2.689506173    4.495884774    0.2257613169   0.0759382716   1.22037037     1.687037037    0.08364197531  0.3911775557   
441      I1         0.9401234568   2.689506173    4.495884774    0.2257613169   0.1249382716   0.7253703704   1.687037037    0.08364197531  0.4059390055   
442      I1         0.9401234568   2.689506173    4.495884774    0.2257613169   0.1249382716   1.22037037     1.687037037    0.07614197531  0.3913781368   
443      I1         0.9826234568   2.689506173    4.495884774    0.2257613169   0.1249382716   1.22037037     1.687037037    0.08364197531  0.3940513556   
444      I1         0.9401234568   2.689506173    4.495884774    0.2502613169   0.1249382716   1.22037037     1.687037037    0.08364197531  0.3896497316   
445      I1         0.9401234568   2.689506173    4.495884774    0.2257613169   0.1494382716   1.22037037     1.687037037    0.08364197531  0.3931345418   
446      I1         0.9401234568   2.689506173    4.495884774    0.2257613169   0.1249382716   1.46787037     1.687037037    0.08364197531  0.3932369323   
447      I1         0.9401234568   2.689506173    4.495884774    0.2257613169   0.1249382716   1.22037037     1.762037037    0.08364197531  0.3883218181   
448      I1         0.9401234568   2.689506173    4.495884774    0.2257613169   0.1249382716   1.22037037     1.687037037    0.08739197531  0.3922239458   
449      I1         0.8976234568   2.689506173    4.495884774    0.2257613169   0.1249382716   1.22037037     1.687037037    0.08364197531  0.3940454638   
450      I1         0.9401234568   2.647006173    4.495884774    0.2257613169   0.1249382716   1.22037037     1.687037037    0.08364197531  0.391309734    
451      I1         0.9401234568   2.689506173    4.445884774    0.2257613169   0.1249382716   1.22037037     1.687037037    0.08364197531  0.3790349241   
452      I1         0.9401234568   2.689506173    4.495884774    0.2012613169   0.1249382716   1.22037037     1.687037037    0.08364197531  0.4040557046   
453      I1         0.9401234568   2.689506173    4.495884774    0.2257613169   0.1004382716   1.22037037     1.687037037    0.08364197531  0.391439172    
454      I1         0.9401234568   2.689506173    4.495884774    0.2257613169   0.1249382716   0.9728703704   1.687037037    0.08364197531  0.3943036175   
455      I1         0.9401234568   2.689506173    4.495884774    0.2257613169   0.1249382716   1.22037037     1.612037037    0.08364197531  0.3935743394   
456      I1         0.9401234568   2.689506173    4.495884774    0.2257613169   0.1249382716   1.22037037     1.687037037    0.07989197531  0.3920381312   
457      I1         0.9826234568   2.689506173    4.445884774    0.2257613169   0.1249382716   1.22037037     1.687037037    0.08364197531  0.3837962437   
458      I1         0.9401234568   2.689506173    4.445884774    0.2502613169   0.1249382716   1.22037037     1.687037037    0.08364197531  0.3708411688   
459      I1         0.9401234568   2.689506173    4.445884774    0.2257613169   0.1494382716   1.22037037     1.687037037    0.08364197531  0.379187967    
460      I1         0.9401234568   2.689506173    4.445884774    0.2257613169   0.1249382716   1.46787037     1.687037037    0.08364197531  0.3801103106   
461      I1         0.9401234568   2.689506173    4.445884774    0.2257613169   0.1249382716   1.22037037     1.762037037    0.08364197531  0.3769778507   
462      I1         0.9401234568   2.689506173    4.445884774    0.2257613169   0.1249382716   1.22037037     1.687037037    0.08739197531  0.3796492843   
463      I1         0.8976234568   2.689506173    4.445884774    0.2257613169   0.1249382716   1.22037037     1.687037037    0.08364197531  0.3781128052   
464      I1         0.9401234568   2.647006173    4.445884774    0.2257613169   0.1249382716   1.22037037     1.687037037    0.08364197531  0.3782112231   
465      I1         0.9401234568   2.689506173    4.445884774    0.2012613169   0.1249382716   1.22037037     1.687037037    0.08364197531  0.3957375254   
466      I1         0.9401234568   2.689506173    4.445884774    0.2257613169   0.1004382716   1.22037037     1.687037037    0.08364197531  0.3792714459   
467      I1         0.9401234568   2.689506173    4.445884774    0.2257613169   0.1249382716   0.9728703704   1.687037037    0.08364197531  0.3794208182   
468      I1         0.9401234568   2.689506173    4.445884774    0.2257613169   0.1249382716   1.22037037     1.612037037    0.08364197531  0.3788098083   
469      I1         0.9401234568   2.689506173    4.445884774    0.2257613169   0.1249382716   1.22037037     1.687037037    0.07989197531  0.3781507765   
470      I1         0.9826234568   2.689506173    4.445884774    0.2502613169   0.1249382716   1.22037037     1.687037037    0.08364197531  0.37117512     
471      I1         0.9401234568   2.689506173    4.445884774    0.2747613169   0.1249382716   1.22037037     1.687037037    0.08364197531  0.3726714003   
472      I1         0.9401234568   2.689506173    4.445884774    0.2502613169   0.1494382716   1.22037037     1.687037037    0.08364197531  0.3725326064   
473      I1         0.9401234568   2.689506173    4.445884774    0.2502613169   0.1249382716   1.46787037     1.687037037    0.08364197531  0.3717992614   
474      I1         0.9401234568   2.689506173    4.445884774    0.2502613169   0.1249382716   1.22037037     1.762037037    0.08364197531  0.3662993196   
475      I1         0.9401234568   2.689506173    4.445884774    0.2502613169   0.1249382716   1.22037037     1.687037037    0.08739197531  0.3707669233   
476      I1         0.8976234568   2.689506173    4.445884774    0.2502613169   0.1249382716   1.22037037     1.687037037    0.08364197531  0.3747703013   
477      I1         0.9401234568   2.647006173    4.445884774    0.2502613169   0.1249382716   1.22037037     1.687037037    0.08364197531  0.3701533933   
478      I1         0.9401234568   2.689506173    4.395884774    0.2502613169   0.1249382716   1.22037037     1.687037037    0.08364197531  0.3958015348   
479      I1         0.9401234568   2.689506173    4.445884774    0.2257613169   0.1249382716   1.22037037     1.687037037    0.08364197531  0.3790349241   
480      I1         0.9401234568   2.689506173    4.445884774    0.2502613169   0.1004382716   1.22037037     1.687037037    0.08364197531  0.3696211236   
481      I1         0.9401234568   2.689506173    4.445884774    0.2502613169   0.1249382716   0.9728703704   1.687037037    0.08364197531  0.3745599928   
482      I1         0.9401234568   2.689506173    4.445884774    0.2502613169   0.1249382716   1.22037037     1.612037037    0.08364197531  0.3732398839   
483      I1         0.9401234568   2.689506173    4.445884774    0.2502613169   0.1249382716   1.22037037     1.687037037    0.07989197531  0.3711964058   
484      I1         0.9826234568   2.689506173    4.445884774    0.2502613169   0.1249382716   1.22037037     1.762037037    0.08364197531  0.3687379754   
485      I1         0.9401234568   2.689506173    4.495884774    0.2502613169   0.1249382716   1.22037037     1.762037037    0.08364197531  0.3832011767   
486      I1         0.9401234568   2.689506173    4.445884774    0.2747613169   0.1249382716   1.22037037     1.762037037    0.08364197531  0.3654779578   
487      I1         0.9401234568   2.689506173    4.445884774    0.2502613169   0.1494382716   1.22037037     1.762037037    0.08364197531  0.3674910912   
488      I1         0.9401234568   2.689506173    4.445884774    0.2502613169   0.1249382716   1.46787037     1.762037037    0.08364197531  0.3743474925   
489      I1         0.9401234568   2.689506173    4.445884774    0.2502613169   0.1249382716   1.22037037     1.837037037    0.08364197531  0.3991167443   
490      I1         0.9401234568   2.689506173    4.445884774    0.2502613169   0.1249382716   1.22037037     1.762037037    0.08739197531  0.3686252723   
491      I1         0.8976234568   2.689506173    4.445884774    0.2502613169   0.1249382716   1.22037037     1.762037037    0.08364197531  0.3679940777   
492      I1         0.9401234568   2.647006173    4.445884774    0.2502613169   0.1249382716   1.22037037     1.762037037    0.08364197531  0.3655680299   
493      I1         0.9401234568   2.689506173    4.395884774    0.2502613169   0.1249382716   1.22037037     1.762037037    0.08364197531  0.3887204487   
494      I1         0.9401234568   2.689506173    4.445884774    0.2257613169   0.1249382716   1.22037037     1.762037037    0.08364197531  0.3769778507   
495      I1         0.9401234568   2.689506173    4.445884774    0.2502613169   0.1004382716   1.22037037     1.762037037    0.08364197531  0.3655544117   
496      I1         0.9401234568   2.689506173    4.445884774    0.2502613169   0.1249382716   0.9728703704   1.762037037    0.08364197531  0.3671006131   
497      I1         0.9401234568   2.689506173    4.445884774    0.2502613169   0.1249382716   1.22037037     1.762037037    0.07989197531  0.3663477478   
498      I1         0.9826234568   2.689506173    4.445884774    0.2747613169   0.1249382716   1.22037037     1.762037037    0.08364197531  0.3627066356   
499      I1         0.9401234568   2.689506173    4.495884774    0.2747613169   0.1249382716   1.22037037     1.762037037    0.08364197531  0.3887234631   
500      I1         0.9401234568   2.689506173    4.445884774    0.2992613169   0.1249382716   1.22037037     1.762037037    0.08364197531  0.3756302884   
501      I1         0.9401234568   2.689506173    4.445884774    0.2747613169   0.1494382716   1.22037037     1.762037037    0.08364197531  0.3683595007   
502      I1         0.9401234568   2.689506173    4.445884774    0.2747613169   0.1249382716   1.46787037     1.762037037    0.08364197531  0.3715737239   
503      I1         0.9401234568   2.689506173    4.445884774    0.2747613169   0.1249382716   1.22037037     1.837037037    0.08364197531  0.3857214802   
504      I1         0.9401234568   2.689506173    4.445884774    0.2747613169   0.1249382716   1.22037037     1.762037037    0.08739197531  0.3655975022   
505      I1         0.8976234568   2.689506173    4.445884774    0.2747613169   0.1249382716   1.22037037     1.762037037    0.08364197531  0.3727234221   
506      I1         0.9401234568   2.647006173    4.445884774    0.2747613169   0.1249382716   1.22037037     1.762037037    0.08364197531  0.36490174     
507      I1         0.9401234568   2.689506173    4.395884774    0.2747613169   0.1249382716   1.22037037     1.762037037    0.08364197531  0.396361044    
508      I1         0.9401234568   2.689506173    4.445884774    0.2747613169   0.1004382716   1.22037037     1.762037037    0.08364197531  0.3631122764   
509      I1         0.9401234568   2.689506173    4.445884774    0.2747613169   0.1249382716   0.9728703704   1.762037037    0.08364197531  0.3680697322   
510      I1         0.9401234568   2.689506173    4.445884774    0.2747613169   0.1249382716   1.22037037     1.762037037    0.07989197531  0.3665259123   
511      I1         1.067623457    2.689506173    4.445884774    0.2747613169   0.1249382716   1.22037037     1.762037037    0.08364197531  0.3698149789   
512      I1         0.9826234568   2.689506173    4.445884774    0.3237613169   0.1249382716   1.22037037     1.762037037    0.08364197531  0.3821656489   
513      I1         0.9826234568   2.689506173    4.445884774    0.2747613169   0.1739382716   1.22037037     1.762037037    0.08364197531  0.3672857526   
514      I1         0.9826234568   2.689506173    4.445884774    0.2747613169   0.1249382716   1.71537037     1.762037037    0.08364197531  0.374617243    
515      I1         0.9826234568   2.689506173    4.445884774    0.2747613169   0.1249382716   1.22037037     1.912037037    0.08364197531  0.4107279108   
516      I1         0.9826234568   2.689506173    4.445884774    0.2747613169   0.1249382716   1.22037037     1.762037037    0.09114197531  0.3693127015   
517      I1         0.9826234568   2.604506173    4.445884774    0.2747613169   0.1249382716   1.22037037     1.762037037    0.08364197531  0.3614126587   
518      I1         0.9826234568   2.689506173    4.345884774    0.2747613169   0.1249382716   1.22037037     1.762037037    0.08364197531  0.357562628    
519      I1         0.9826234568   2.689506173    4.445884774    0.2257613169   0.1249382716   1.22037037     1.762037037    0.08364197531  0.3836103979   
520      I1         0.9826234568   2.689506173    4.445884774    0.2747613169   0.0759382716   1.22037037     1.762037037    0.08364197531  0.360052207    
521      I1         0.9826234568   2.689506173    4.445884774    0.2747613169   0.1249382716   0.7253703704   1.762037037    0.08364197531  0.3729984374   
522      I1         0.9826234568   2.689506173    4.445884774    0.2747613169   0.1249382716   1.22037037     1.612037037    0.08364197531  0.3703611032   
523      I1         0.9826234568   2.689506173    4.445884774    0.2747613169   0.1249382716   1.22037037     1.762037037    0.07614197531  0.3637934216   
524      I1         1.067623457    2.689506173    4.345884774    0.2747613169   0.1249382716   1.22037037     1.762037037    0.08364197531  0.3665360416   
525      I1         0.9826234568   2.689506173    4.345884774    0.3237613169   0.1249382716   1.22037037     1.762037037    0.08364197531  0.3736650721   
526      I1         0.9826234568   2.689506173    4.345884774    0.2747613169   0.1739382716   1.22037037     1.762037037    0.08364197531  0.3616102491   
527      I1         0.9826234568   2.689506173    4.345884774    0.2747613169   0.1249382716   1.71537037     1.762037037    0.08364197531  0.3696467936   
528      I1         0.9826234568   2.689506173    4.345884774    0.2747613169   0.1249382716   1.22037037     1.912037037    0.08364197531  0.4085653171   
529      I1         0.9826234568   2.689506173    4.345884774    0.2747613169   0.1249382716   1.22037037     1.762037037    0.09114197531  0.3649107542   
530      I1         0.8976234568   2.689506173    4.345884774    0.2747613169   0.1249382716   1.22037037     1.762037037    0.08364197531  0.3657373703   
531      I1         0.9826234568   2.604506173    4.345884774    0.2747613169   0.1249382716   1.22037037     1.762037037    0.08364197531  0.3562890023   
532      I1         0.9826234568   2.689506173    4.245884774    0.2747613169   0.1249382716   1.22037037     1.762037037    0.08364197531  0.4144452985   
533      I1         0.9826234568   2.689506173    4.345884774    0.2257613169   0.1249382716   1.22037037     1.762037037    0.08364197531  0.3813420808   
534      I1         0.9826234568   2.689506173    4.345884774    0.2747613169   0.0759382716   1.22037037     1.762037037    0.08364197531  0.355439925    
535      I1         0.9826234568   2.689506173    4.345884774    0.2747613169   0.1249382716   0.7253703704   1.762037037    0.08364197531  0.3671574917   
536      I1         0.9826234568   2.689506173    4.345884774    0.2747613169   0.1249382716   1.22037037     1.612037037    0.08364197531  0.3642428096   
537      I1         0.9826234568   2.689506173    4.345884774    0.2747613169   0.1249382716   1.22037037     1.762037037    0.07614197531  0.3582029919   
538      I1         1.025123457    2.689506173    4.345884774    0.2747613169   0.1249382716   1.22037037     1.762037037    0.08364197531  0.360081359    
539      I1         0.9826234568   2.689506173    4.395884774    0.2747613169   0.1249382716   1.22037037     1.762037037    0.08364197531  0.3888434766   
540      I1         0.9826234568   2.689506173    4.345884774    0.2992613169   0.1249382716   1.22037037     1.762037037    0.08364197531  0.3601015568   
541      I1         0.9826234568   2.689506173    4.345884774    0.2747613169   0.1494382716   1.22037037     1.762037037    0.08364197531  0.3593289125   
542      I1         0.9826234568   2.689506173    4.345884774    0.2747613169   0.1249382716   1.46787037     1.762037037    0.08364197531  0.3653236686   
543      I1         0.9826234568   2.689506173    4.345884774    0.2747613169   0.1249382716   1.22037037     1.837037037    0.08364197531  0.3873814053   
544      I1         0.9826234568   2.689506173    4.345884774    0.2747613169   0.1249382716   1.22037037     1.762037037    0.08739197531  0.3598943039   
545      I1         0.9401234568   2.689506173    4.345884774    0.2747613169   0.1249382716   1.22037037     1.762037037    0.08364197531  0.3593928551   
546      I1         0.9826234568   2.647006173    4.345884774    0.2747613169   0.1249382716   1.22037037     1.762037037    0.08364197531  0.3569487804   
547      I1         0.9826234568   2.689506173    4.295884774    0.2747613169   0.1249382716   1.22037037     1.762037037    0.08364197531  0.3820851004   
548      I1         0.9826234568   2.689506173    4.345884774    0.2502613169   0.1249382716   1.22037037     1.762037037    0.08364197531  0.3651591889   
549      I1         0.9826234568   2.689506173    4.345884774    0.2747613169   0.1004382716   1.22037037     1.762037037    0.08364197531  0.3562772101   
550      I1         0.9826234568   2.689506173    4.345884774    0.2747613169   0.1249382716   0.9728703704   1.762037037    0.08364197531  0.3581216819   
551      I1         0.9826234568   2.689506173    4.345884774    0.2747613169   0.1249382716   1.22037037     1.687037037    0.08364197531  0.3620117383   
552      I1         0.9826234568   2.689506173    4.345884774    0.2747613169   0.1249382716   1.22037037     1.762037037    0.07989197531  0.3576931522   
553      I1         1.025123457    2.689506173    4.345884774    0.2747613169   0.1004382716   1.22037037     1.762037037    0.08364197531  0.3596044064   
554      I1         0.9826234568   2.689506173    4.395884774    0.2747613169   0.1004382716   1.22037037     1.762037037    0.08364197531  0.3861289469   
555      I1         0.9826234568   2.689506173    4.345884774    0.2992613169   0.1004382716   1.22037037     1.762037037    0.08364197531  0.3571270569   
556      I1         0.9826234568   2.689506173    4.345884774    0.2747613169   0.1249382716   1.22037037     1.762037037    0.08364197531  0.357562628    
557      I1         0.9826234568   2.689506173    4.345884774    0.2747613169   0.1004382716   1.46787037     1.762037037    0.08364197531  0.3642512165   
558      I1         0.9826234568   2.689506173    4.345884774    0.2747613169   0.1004382716   1.22037037     1.837037037    0.08364197531  0.3880094609   
559      I1         0.9826234568   2.689506173    4.345884774    0.2747613169   0.1004382716   1.22037037     1.762037037    0.08739197531  0.3589303302   
560      I1         0.9401234568   2.689506173    4.345884774    0.2747613169   0.1004382716   1.22037037     1.762037037    0.08364197531  0.3572871105   
561      I1         0.9826234568   2.647006173    4.345884774    0.2747613169   0.1004382716   1.22037037     1.762037037    0.08364197531  0.3557833783   
562      I1         0.9826234568   2.689506173    4.295884774    0.2747613169   0.1004382716   1.22037037     1.762037037    0.08364197531  0.3795580874   
563      I1         0.9826234568   2.689506173    4.345884774    0.2502613169   0.1004382716   1.22037037     1.762037037    0.08364197531  0.3653870685   
564      I1         0.9826234568   2.689506173    4.345884774    0.2747613169   0.1004382716   0.9728703704   1.762037037    0.08364197531  0.3566278068   
565      I1         0.9826234568   2.689506173    4.345884774    0.2747613169   0.1004382716   1.22037037     1.687037037    0.08364197531  0.3602481294   
566      I1         0.9826234568   2.689506173    4.345884774    0.2747613169   0.1004382716   1.22037037     1.762037037    0.07989197531  0.3562298424   
567      I1         1.025123457    2.689506173    4.345884774    0.2747613169   0.0759382716   1.22037037     1.762037037    0.08364197531  0.3595289591   
568      I1         0.9826234568   2.689506173    4.395884774    0.2747613169   0.0759382716   1.22037037     1.762037037    0.08364197531  0.3838788646   
569      I1         0.9826234568   2.689506173    4.345884774    0.2992613169   0.0759382716   1.22037037     1.762037037    0.08364197531  0.3546651582   
570      I1         0.9826234568   2.689506173    4.345884774    0.2747613169   0.0759382716   1.46787037     1.762037037    0.08364197531  0.3636154396   
571      I1         0.9826234568   2.689506173    4.345884774    0.2747613169   0.0759382716   1.22037037     1.837037037    0.08364197531  0.3889751178   
572      I1         0.9826234568   2.689506173    4.345884774    0.2747613169   0.0759382716   1.22037037     1.762037037    0.08739197531  0.3583946613   
573      I1         0.9401234568   2.689506173    4.345884774    0.2747613169   0.0759382716   1.22037037     1.762037037    0.08364197531  0.3556681649   
574      I1         0.9826234568   2.647006173    4.345884774    0.2747613169   0.0759382716   1.22037037     1.762037037    0.08364197531  0.3550788672   
575      I1         0.9826234568   2.689506173    4.295884774    0.2747613169   0.0759382716   1.22037037     1.762037037    0.08364197531  0.3774965506   
576      I1         0.9826234568   2.689506173    4.345884774    0.2502613169   0.0759382716   1.22037037     1.762037037    0.08364197531  0.3659772628   
577      I1         0.9826234568   2.689506173    4.345884774    0.2747613169   0.0514382716   1.22037037     1.762037037    0.08364197531  0.3550194487   
578      I1         0.9826234568   2.689506173    4.345884774    0.2747613169   0.0759382716   0.9728703704   1.762037037    0.08364197531  0.3555922433   
579      I1         0.9826234568   2.689506173    4.345884774    0.2747613169   0.0759382716   1.22037037     1.687037037    0.08364197531  0.3589556673   
580      I1         0.9826234568   2.689506173    4.345884774    0.2747613169   0.0759382716   1.22037037     1.762037037    0.07989197531  0.3552232142   
581      I1         1.025123457    2.689506173    4.345884774    0.2992613169   0.0759382716   1.22037037     1.762037037    0.08364197531  0.3533403133   
582      I1         0.9826234568   2.689506173    4.395884774    0.2992613169   0.0759382716   1.22037037     1.762037037    0.08364197531  0.3936832866   
583      I1         0.9826234568   2.689506173    4.345884774    0.3237613169   0.0759382716   1.22037037     1.762037037    0.08364197531  0.3647967015   
584      I1         0.9826234568   2.689506173    4.345884774    0.2992613169   0.0759382716   1.46787037     1.762037037    0.08364197531  0.3610192426   
585      I1         0.9826234568   2.689506173    4.345884774    0.2992613169   0.0759382716   1.22037037     1.837037037    0.08364197531  0.3763968491   
586      I1         0.9826234568   2.689506173    4.345884774    0.2992613169   0.0759382716   1.22037037     1.762037037    0.08739197531  0.355513315    
587      I1         0.9401234568   2.689506173    4.345884774    0.2992613169   0.0759382716   1.22037037     1.762037037    0.08364197531  0.3606846162   
588      I1         0.9826234568   2.647006173    4.345884774    0.2992613169   0.0759382716   1.22037037     1.762037037    0.08364197531  0.3544450692   
589      I1         0.9826234568   2.689506173    4.295884774    0.2992613169   0.0759382716   1.22037037     1.762037037    0.08364197531  0.3856771042   
590      I1         0.9826234568   2.689506173    4.345884774    0.2992613169   0.0514382716   1.22037037     1.762037037    0.08364197531  0.3526876747   
591      I1         0.9826234568   2.689506173    4.345884774    0.2992613169   0.0759382716   0.9728703704   1.762037037    0.08364197531  0.3565249919   
592      I1         0.9826234568   2.689506173    4.345884774    0.2992613169   0.0759382716   1.22037037     1.687037037    0.08364197531  0.3607352287   
593      I1         0.9826234568   2.689506173    4.345884774    0.2992613169   0.0759382716   1.22037037     1.762037037    0.07989197531  0.3554227987   
594      I1         1.025123457    2.689506173    4.345884774    0.2992613169   0.0514382716   1.22037037     1.762037037    0.08364197531  0.3521827149   
595      I1         0.9826234568   2.689506173    4.395884774    0.2992613169   0.0514382716   1.22037037     1.762037037    0.08364197531  0.3903764446   
596      I1         0.9826234568   2.689506173    4.345884774    0.3237613169   0.0514382716   1.22037037     1.762037037    0.08364197531  0.3611786345   
597      I1         0.9826234568   2.689506173    4.345884774    0.2992613169   0.0514382716   1.46787037     1.762037037    0.08364197531  0.3592424454   
598      I1         0.9826234568   2.689506173    4.345884774    0.2992613169   0.0514382716   1.22037037     1.837037037    0.08364197531  0.3763034502   
599      I1         0.9826234568   2.689506173    4.345884774    0.2992613169   0.0514382716   1.22037037     1.762037037    0.08739197531  0.3538376403   
600      I1         0.9401234568   2.689506173    4.345884774    0.2992613169   0.0514382716   1.22037037     1.762037037    0.08364197531  0.3578958396   
601      I1         0.9826234568   2.647006173    4.345884774    0.2992613169   0.0514382716   1.22037037     1.762037037    0.08364197531  0.3525989476   
602      I1         0.9826234568   2.689506173    4.295884774    0.2992613169   0.0514382716   1.22037037     1.762037037    0.08364197531  0.3825347173   
603      I1         0.9826234568   2.689506173    4.345884774    0.2992613169   0.0269382716   1.22037037     1.762037037    0.08364197531  0.3511677101   
604      I1         0.9826234568   2.689506173    4.345884774    0.2992613169   0.0514382716   0.9728703704   1.762037037    0.08364197531  0.3543603023   
605      I1         0.9826234568   2.689506173    4.345884774    0.2992613169   0.0514382716   1.22037037     1.687037037    0.08364197531  0.3583064974   
606      I1         0.9826234568   2.689506173    4.345884774    0.2992613169   0.0514382716   1.22037037     1.762037037    0.07989197531  0.3532778709   
